[train]
train/correction_beneficial_ratio: 0.38217809796333313
train/correction_beneficial_ratio_far: 0.3940277695655823
train/correction_beneficial_ratio_middle: 0.36932089924812317
train/correction_beneficial_ratio_near: 0.38318565487861633
train/correction_cosine_far: -0.08616932481527328
train/correction_cosine_mean: -0.09392647445201874
train/correction_cosine_middle: -0.1138465404510498
train/correction_cosine_near: -0.08176353573799133
train/correction_magnitude_ratio_far: 0.08525115251541138
train/correction_magnitude_ratio_mean: 0.09365631639957428
train/correction_magnitude_ratio_middle: 0.08976677060127258
train/correction_magnitude_ratio_near: 0.10595100373029709
train/correction_optimal_scalar_far: -0.4065941274166107
train/correction_optimal_scalar_mean: -0.6811928749084473
train/correction_optimal_scalar_middle: -0.9215412139892578
train/correction_optimal_scalar_near: -0.7154436707496643
train/correction_patch_beneficial_ratio: [0.4015113413333893, 0.39656245708465576, 0.3955252766609192, 0.3888576030731201, 0.3978070914745331, 0.4070529043674469, 0.40382277965545654, 0.38435325026512146, 0.36692842841148376, 0.36559489369392395, 0.3716995120048523, 0.3716106116771698, 0.3686768412590027, 0.3688546419143677, 0.35892724990844727, 0.3580382168292999, 0.35691213607788086, 0.3640243113040924, 0.369743674993515, 0.3641132116317749, 0.354452520608902, 0.36055710911750793, 0.3614461421966553, 0.3696843981742859, 0.3807971477508545, 0.3754630386829376, 0.3714328110218048, 0.37661877274513245, 0.38577568531036377, 0.39075419306755066, 0.3909023702144623, 0.3851829767227173, 0.38553860783576965, 0.39279893040657043, 0.3941917419433594, 0.4004741311073303, 0.4033486545085907, 0.393836110830307, 0.38672396540641785, 0.3919099271297455, 0.39336198568344116, 0.39641427993774414, 0.4009186625480652, 0.40118536353111267, 0.39362868666648865]
train/correction_patch_cosine: [-0.026656385511159897, -0.05539829283952713, -0.06531672179698944, -0.0739722028374672, -0.06581179797649384, -0.054346583783626556, -0.05527622252702713, -0.08074178546667099, -0.10240508615970612, -0.10844574123620987, -0.10306581109762192, -0.10206803679466248, -0.10264138132333755, -0.10713209956884384, -0.1231747716665268, -0.12902620434761047, -0.12621678411960602, -0.11628289520740509, -0.11172837764024734, -0.11881635338068008, -0.13081970810890198, -0.1261642575263977, -0.12180183827877045, -0.11221359670162201, -0.10244107246398926, -0.10680133104324341, -0.11148370057344437, -0.10370787978172302, -0.0978950709104538, -0.09229917079210281, -0.08808403462171555, -0.09239692240953445, -0.09214279055595398, -0.08589239418506622, -0.08092975616455078, -0.0763021931052208, -0.07208982855081558, -0.08457539230585098, -0.09697598218917847, -0.09049917757511139, -0.08465970307588577, -0.08448194712400436, -0.08099979907274246, -0.08583593368530273, -0.0966741293668747]
train/correction_patch_magnitude_ratio: [0.15066827833652496, 0.11700423806905746, 0.10681729763746262, 0.10500506311655045, 0.1056082546710968, 0.10890708863735199, 0.10803481936454773, 0.10189730674028397, 0.09772814810276031, 0.09698565304279327, 0.09809408336877823, 0.10087189823389053, 0.10167112946510315, 0.09678764641284943, 0.09318458288908005, 0.09232811629772186, 0.0923662930727005, 0.09435100108385086, 0.09499017894268036, 0.09220189601182938, 0.08902986347675323, 0.08778917789459229, 0.08807744830846786, 0.09090340882539749, 0.09176619350910187, 0.08916989713907242, 0.08618997782468796, 0.08529301732778549, 0.08473578095436096, 0.08730895817279816, 0.08967586606740952, 0.08749519288539886, 0.08469570428133011, 0.08322640508413315, 0.0839569941163063, 0.08680157363414764, 0.08784808218479156, 0.08515389263629913, 0.08311673998832703, 0.0827917754650116, 0.0832986831665039, 0.08546337485313416, 0.08691748976707458, 0.08518535643815994, 0.08314013481140137]
train/correction_patch_optimal_scalar: [-0.29896268248558044, -0.6706444025039673, -0.8221929669380188, -0.6746307611465454, -0.4284292757511139, -0.2638540267944336, -0.67391037940979, -0.8775497078895569, -0.8399422764778137, -0.536073625087738, -0.545834481716156, -0.5445373058319092, -1.0640748739242554, -1.182637333869934, -1.3083810806274414, -1.0214416980743408, -0.8046852350234985, -0.811090886592865, -1.1104105710983276, -1.1360046863555908, -1.225196361541748, -0.9623997807502747, -1.032424807548523, -0.8937106728553772, -0.9552623629570007, -1.0316523313522339, -1.0654081106185913, -0.7729537487030029, -0.6287505626678467, -0.37172263860702515, -0.6493053436279297, -0.6500062346458435, -0.6304026246070862, -0.3851243853569031, -0.21313470602035522, -0.18044547736644745, -0.2740771174430847, -0.40106651186943054, -0.6097813248634338, -0.43099069595336914, -0.2098686844110489, -0.06243951618671417, -0.3296065926551819, -0.44988852739334106, -0.6227741837501526]
[test]
test/correction_beneficial_ratio: 0.3045108914375305
test/correction_beneficial_ratio_far: 0.3119032084941864
test/correction_beneficial_ratio_middle: 0.2809678018093109
test/correction_beneficial_ratio_near: 0.32066166400909424
test/correction_cosine_far: -0.17526818811893463
test/correction_cosine_mean: -0.17950868606567383
test/correction_cosine_middle: -0.2115943431854248
test/correction_cosine_near: -0.1516633927822113
test/correction_magnitude_ratio_far: 0.07574158161878586
test/correction_magnitude_ratio_mean: 0.0846049040555954
test/correction_magnitude_ratio_middle: 0.08285211026668549
test/correction_magnitude_ratio_near: 0.09522100538015366
test/correction_optimal_scalar_far: -2.4052531719207764
test/correction_optimal_scalar_mean: -1.928629755973816
test/correction_optimal_scalar_middle: -2.1420531272888184
test/correction_optimal_scalar_near: -1.2385817766189575
test/correction_patch_beneficial_ratio: [0.3524673581123352, 0.3424682915210724, 0.32209980487823486, 0.32108137011528015, 0.3277474343776703, 0.34987500309944153, 0.35524487495422363, 0.3276548385620117, 0.3033978343009949, 0.30737894773483276, 0.3068234324455261, 0.3205258846282959, 0.3075641095638275, 0.29025089740753174, 0.2753448784351349, 0.2832145094871521, 0.2890473008155823, 0.3108971416950226, 0.3186742067337036, 0.3032126724720001, 0.28302934765815735, 0.28127026557922363, 0.2707156836986542, 0.2716415226459503, 0.2723821997642517, 0.2556244730949402, 0.24525506794452667, 0.26071658730506897, 0.27080824971199036, 0.29802796244621277, 0.30599018931388855, 0.29025089740753174, 0.28488102555274963, 0.28951022028923035, 0.2944171726703644, 0.30747154355049133, 0.32172948122024536, 0.30950838327407837, 0.30062031745910645, 0.313674658536911, 0.32209980487823486, 0.3312656283378601, 0.3446902930736542, 0.3378390967845917, 0.32459956407546997]
test/correction_patch_cosine: [-0.07512504607439041, -0.12399895489215851, -0.1423749178647995, -0.1395307183265686, -0.12822727859020233, -0.1095505878329277, -0.10721660405397415, -0.1500219702720642, -0.17790287733078003, -0.17607632279396057, -0.17725366353988647, -0.16579657793045044, -0.1757567971944809, -0.20123402774333954, -0.2248847931623459, -0.21728090941905975, -0.20560099184513092, -0.17227810621261597, -0.1644449681043625, -0.19238635897636414, -0.2186429649591446, -0.21848426759243011, -0.22396524250507355, -0.22071899473667145, -0.21840623021125793, -0.23824210464954376, -0.24675984680652618, -0.23031680285930634, -0.21449753642082214, -0.19189155101776123, -0.17946317791938782, -0.1938372552394867, -0.20716606080532074, -0.20172615349292755, -0.19197268784046173, -0.17695827782154083, -0.15930917859077454, -0.1762121617794037, -0.18900468945503235, -0.17413805425167084, -0.17060908675193787, -0.15767711400985718, -0.14247332513332367, -0.14890143275260925, -0.1595740020275116]
test/correction_patch_magnitude_ratio: [0.1367265284061432, 0.10500253736972809, 0.09593962877988815, 0.09695614874362946, 0.09847451001405716, 0.10113037377595901, 0.09798572957515717, 0.08920066058635712, 0.08443531394004822, 0.0851646140217781, 0.08818702399730682, 0.09266107529401779, 0.09166088700294495, 0.08433978259563446, 0.0804503858089447, 0.08108960837125778, 0.08424092084169388, 0.08827430009841919, 0.08770858496427536, 0.08235727995634079, 0.07893212884664536, 0.07912499457597733, 0.08208385109901428, 0.08579539507627487, 0.08680809289216995, 0.08291079849004745, 0.08010490238666534, 0.07936644554138184, 0.08064059168100357, 0.08334396034479141, 0.08343355357646942, 0.0794987753033638, 0.0757489874958992, 0.07551132887601852, 0.07797618210315704, 0.07972750812768936, 0.07877857238054276, 0.07490982115268707, 0.07265911251306534, 0.07191342860460281, 0.07277966290712357, 0.07525771856307983, 0.07532790303230286, 0.07238646596670151, 0.07021450996398926]
test/correction_patch_optimal_scalar: [-0.7009415626525879, -1.0544346570968628, -1.2833294868469238, -0.8166630268096924, -0.6705206632614136, -0.2472722977399826, -1.112677812576294, -1.5594286918640137, -1.6047955751419067, -1.078110694885254, -0.9080938100814819, -0.7411746382713318, -1.7140558958053589, -2.5053040981292725, -2.581920862197876, -2.3312947750091553, -1.6376559734344482, -1.3254857063293457, -1.9783855676651, -2.537470579147339, -2.4969425201416016, -1.9026092290878296, -1.9219560623168945, -2.221620798110962, -2.745445728302002, -3.206714153289795, -3.0037927627563477, -1.8435109853744507, -1.5362533330917358, -1.4416583776474, -1.9165865182876587, -2.804720401763916, -3.455928087234497, -2.99477481842041, -2.4740982055664062, -1.9955451488494873, -2.166778802871704, -2.572204113006592, -2.2591392993927, -1.8100826740264893, -2.0148189067840576, -1.70278000831604, -2.435819625854492, -2.6838839054107666, -2.791661500930786]
