[train]
train/correction_beneficial_ratio: 0.5303449630737305
train/correction_beneficial_ratio_far: 0.5392732620239258
train/correction_beneficial_ratio_middle: 0.5258368253707886
train/correction_beneficial_ratio_near: 0.5259247422218323
train/correction_cosine_far: 0.05740078538656235
train/correction_cosine_mean: 0.046597156673669815
train/correction_cosine_middle: 0.04190829023718834
train/correction_cosine_near: 0.04048246517777443
train/correction_magnitude_ratio_far: 0.02552633360028267
train/correction_magnitude_ratio_mean: 0.030971761792898178
train/correction_magnitude_ratio_middle: 0.030313069000840187
train/correction_magnitude_ratio_near: 0.037075869739055634
train/correction_optimal_scalar_far: 5.597182273864746
train/correction_optimal_scalar_mean: 4.3858184814453125
train/correction_optimal_scalar_middle: 4.379063129425049
train/correction_optimal_scalar_near: 3.181210994720459
train/correction_patch_beneficial_ratio: [0.5025345087051392, 0.4885581135749817, 0.5279381275177002, 0.5518767237663269, 0.5442878603935242, 0.5366110801696777, 0.5296668410301208, 0.5331535935401917, 0.5305458903312683, 0.5337982177734375, 0.5205836892127991, 0.5119400024414062, 0.5176535844802856, 0.5331829190254211, 0.5388965606689453, 0.5387207269668579, 0.5333880186080933, 0.5387793183326721, 0.53857421875, 0.5439362525939941, 0.5426177382469177]
train/correction_patch_cosine: [0.02649296633899212, 0.000558760657440871, 0.03813142701983452, 0.06068023666739464, 0.05712393298745155, 0.05510180816054344, 0.04528825730085373, 0.04358980804681778, 0.04228852689266205, 0.04463673755526543, 0.04076828062534332, 0.03588905930519104, 0.037493884563446045, 0.048691440373659134, 0.054069872945547104, 0.054180800914764404, 0.055114809423685074, 0.06109876558184624, 0.05944141373038292, 0.05933643504977226, 0.05856307968497276]
train/correction_patch_magnitude_ratio: [0.051370181143283844, 0.03825821727514267, 0.03377982974052429, 0.032425735145807266, 0.0334090031683445, 0.03577670454978943, 0.03451141342520714, 0.03069327399134636, 0.029051905497908592, 0.029672758653759956, 0.0312519371509552, 0.03266662359237671, 0.0314299613237381, 0.027425173670053482, 0.025395238772034645, 0.026096969842910767, 0.02731562964618206, 0.027805795893073082, 0.026559505611658096, 0.023527979850769043, 0.021983208134770393]
train/correction_patch_optimal_scalar: [1.5068053007125854, 2.048274517059326, 2.4378652572631836, 4.042690277099609, 4.609323024749756, 4.013001441955566, 3.6105217933654785, 3.4433767795562744, 3.8189291954040527, 5.013669967651367, 5.020741939544678, 4.489661693572998, 4.057155132293701, 4.8098907470703125, 5.3566107749938965, 6.109109401702881, 6.143635272979736, 5.582767963409424, 5.268613338470459, 5.084122180938721, 5.635414123535156]
[test]
test/correction_beneficial_ratio: 0.512208104133606
test/correction_beneficial_ratio_far: 0.5433169603347778
test/correction_beneficial_ratio_middle: 0.5025480389595032
test/correction_beneficial_ratio_near: 0.49075931310653687
test/correction_cosine_far: 0.059994883835315704
test/correction_cosine_mean: 0.027079112827777863
test/correction_cosine_middle: 0.01597548834979534
test/correction_cosine_near: 0.005266963504254818
test/correction_magnitude_ratio_far: 0.024075374007225037
test/correction_magnitude_ratio_mean: 0.028857789933681488
test/correction_magnitude_ratio_middle: 0.027811158448457718
test/correction_magnitude_ratio_near: 0.0346868522465229
test/correction_optimal_scalar_far: 7.763689994812012
test/correction_optimal_scalar_mean: 5.477717876434326
test/correction_optimal_scalar_middle: 5.39289665222168
test/correction_optimal_scalar_near: 3.2765793800354004
test/correction_patch_beneficial_ratio: [0.4616897702217102, 0.4417523443698883, 0.5085382461547852, 0.5089852213859558, 0.5024586319923401, 0.5134555101394653, 0.4984354078769684, 0.4856504201889038, 0.5100581049919128, 0.5082700252532959, 0.5013858079910278, 0.5054090023040771, 0.5021904110908508, 0.5048726201057434, 0.5269557237625122, 0.5302637219429016, 0.5357174873352051, 0.5661153197288513, 0.549307107925415, 0.5461779236793518, 0.5486812591552734]
test/correction_patch_cosine: [-0.011233508586883545, -0.04481545463204384, 0.012416061945259571, 0.02113594301044941, 0.013929850421845913, 0.02799747884273529, 0.017438258975744247, 0.00024099941947497427, 0.01165594719350338, 0.016829391941428185, 0.014921886846423149, 0.020499542355537415, 0.020406583324074745, 0.027273917570710182, 0.04601403698325157, 0.05190316587686539, 0.05785145238041878, 0.0781022384762764, 0.07164014130830765, 0.0573032982647419, 0.05715009942650795]
test/correction_patch_magnitude_ratio: [0.04961206391453743, 0.036116380244493484, 0.03183262050151825, 0.030324382707476616, 0.03018140234053135, 0.03270949423313141, 0.0320315845310688, 0.02782009355723858, 0.02611750178039074, 0.026693126186728477, 0.02830471470952034, 0.03038042224943638, 0.029715832322835922, 0.025646522641181946, 0.023574767634272575, 0.02408396266400814, 0.025535957887768745, 0.02651209570467472, 0.025623869150877, 0.022288978099822998, 0.020907899364829063]
test/correction_patch_optimal_scalar: [1.1975553035736084, 0.27534914016723633, 2.1418235301971436, 5.264443397521973, 4.688951015472412, 5.879793643951416, 3.488147735595703, 2.9239695072174072, 5.167383193969727, 7.1021904945373535, 7.589039325714111, 7.09564208984375, 4.376885414123535, 3.495149850845337, 6.783185005187988, 6.627363681793213, 7.97821569442749, 9.536158561706543, 7.286285400390625, 6.906491756439209, 9.22805404663086]
