[train]
train/correction_beneficial_ratio: 0.45606738328933716
train/correction_beneficial_ratio_far: 0.4663870632648468
train/correction_beneficial_ratio_middle: 0.4329220652580261
train/correction_beneficial_ratio_near: 0.46889302134513855
train/correction_cosine_far: -0.017379622906446457
train/correction_cosine_mean: -0.034317560493946075
train/correction_cosine_middle: -0.06594943255186081
train/correction_cosine_near: -0.019623665139079094
train/correction_magnitude_ratio_far: 0.02543562278151512
train/correction_magnitude_ratio_mean: 0.027339141815900803
train/correction_magnitude_ratio_middle: 0.026144064962863922
train/correction_magnitude_ratio_near: 0.0304377730935812
train/correction_optimal_scalar_far: 2.5443522930145264
train/correction_optimal_scalar_mean: 2.2702248096466064
train/correction_optimal_scalar_middle: 1.2365103960037231
train/correction_optimal_scalar_near: 3.029810667037964
train/correction_patch_beneficial_ratio: [0.473139226436615, 0.4848337173461914, 0.5073699355125427, 0.46692654490470886, 0.4542575180530548, 0.4545011520385742, 0.44122305512428284, 0.42465585470199585, 0.43342673778533936, 0.4143013656139374, 0.42794492840766907, 0.4435375928878784, 0.4392739534378052, 0.44731393456459045, 0.4590083956718445, 0.4627847373485565, 0.4604702293872833, 0.4594956636428833, 0.4655865430831909, 0.48093554377555847, 0.4764283001422882]
train/correction_patch_cosine: [-0.017216650769114494, 0.010295597836375237, 0.028395339846611023, -0.020414933562278748, -0.03915197029709816, -0.039262477308511734, -0.06001080572605133, -0.07972211390733719, -0.06869062036275864, -0.08922050893306732, -0.07059940695762634, -0.054123274981975555, -0.05572554096579552, -0.04356423020362854, -0.03621182218194008, -0.024480795487761497, -0.02587791718542576, -0.02506396733224392, -0.011111426167190075, 0.0006582324276678264, 0.00043044157791882753]
train/correction_patch_magnitude_ratio: [0.03667721152305603, 0.032608453184366226, 0.031166566535830498, 0.029254034161567688, 0.02835429646074772, 0.02784113958477974, 0.027162538841366768, 0.026847856119275093, 0.026817960664629936, 0.02614365704357624, 0.026172878220677376, 0.025963328778743744, 0.025646120309829712, 0.025416487827897072, 0.025153135880827904, 0.02507791481912136, 0.025106970220804214, 0.025378776714205742, 0.025665894150733948, 0.02585691027343273, 0.02580980211496353]
train/correction_patch_optimal_scalar: [0.666662871837616, 3.2739105224609375, 4.978174686431885, 3.609361171722412, 3.0640087127685547, 3.3220021724700928, 2.2945704460144043, 1.1772325038909912, 1.7530461549758911, 0.44883936643600464, 1.3771508932113647, 1.5962605476379395, 0.9253469109535217, 1.377711534500122, 1.4914438724517822, 1.867126703262329, 1.673508882522583, 2.03432035446167, 2.991773843765259, 3.831998825073242, 3.920275926589966]
[test]
test/correction_beneficial_ratio: 0.41045933961868286
test/correction_beneficial_ratio_far: 0.43581250309944153
test/correction_beneficial_ratio_middle: 0.37350547313690186
test/correction_beneficial_ratio_near: 0.4220600724220276
test/correction_cosine_far: -0.020628126338124275
test/correction_cosine_mean: -0.05640225484967232
test/correction_cosine_middle: -0.09434667229652405
test/correction_cosine_near: -0.054232168942689896
test/correction_magnitude_ratio_far: 0.023283133283257484
test/correction_magnitude_ratio_mean: 0.025762785226106644
test/correction_magnitude_ratio_middle: 0.024248868227005005
test/correction_magnitude_ratio_near: 0.029756322503089905
test/correction_optimal_scalar_far: 0.26573485136032104
test/correction_optimal_scalar_mean: -0.5676968097686768
test/correction_optimal_scalar_middle: -2.152411460876465
test/correction_optimal_scalar_near: 0.18359149992465973
test/correction_patch_beneficial_ratio: [0.4282907545566559, 0.470333993434906, 0.47858545184135437, 0.4098231792449951, 0.3968565762042999, 0.3866404592990875, 0.38388997316360474, 0.3445972502231598, 0.3430255353450775, 0.35520628094673157, 0.36935165524482727, 0.3897838890552521, 0.39410609006881714, 0.41846758127212524, 0.4239685535430908, 0.42711198329925537, 0.41571709513664246, 0.4204322099685669, 0.4322200417518616, 0.4573673903942108, 0.47387033700942993]
test/correction_patch_cosine: [-0.03521217033267021, -0.008945930749177933, -0.0038261818699538708, -0.06075502932071686, -0.08456339687108994, -0.08577655255794525, -0.10054605454206467, -0.12036112695932388, -0.11189521104097366, -0.11983972042798996, -0.09452100843191147, -0.08458313345909119, -0.07228218019008636, -0.05694305896759033, -0.046801552176475525, -0.0349704809486866, -0.03577245771884918, -0.026352306827902794, -0.009786191396415234, 0.0016794456169009209, 0.0076070562936365604]
test/correction_patch_magnitude_ratio: [0.03509338200092316, 0.031238647177815437, 0.02983725257217884, 0.028794720768928528, 0.028126411139965057, 0.02796497754752636, 0.02723890170454979, 0.026347534731030464, 0.025334784761071205, 0.02409924566745758, 0.023660434409976006, 0.02303548902273178, 0.023458126932382584, 0.02380647510290146, 0.02362419292330742, 0.023427587002515793, 0.023230789229273796, 0.023207349702715874, 0.022743631154298782, 0.023139650002121925, 0.02360890433192253]
test/correction_patch_optimal_scalar: [0.09697762131690979, 1.5903239250183105, 1.8838489055633545, 0.045280326157808304, -0.4838544428348541, -0.5582115054130554, -1.289231300354004, -2.838491678237915, -2.5366039276123047, -3.192044258117676, -1.893069863319397, -2.133051633834839, -1.857486367225647, -0.6161531805992126, -0.42086729407310486, -0.014870010316371918, -0.31147387623786926, -0.07770943641662598, 0.6645551919937134, 1.0797784328460693, 0.9407272338867188]
