PredictiveEnvIV five-way multi-dataset comparison
fixed: dataset-specific shared reference, seed=2021, K=3, 10 optimization epochs
FPEM fixed: A2 classification complementary_gate direct_gated conditional_gain=0.2
A0 fixed: raw PatchTST path, fusion off, no environment/decomposition constraints

dataset variant MSE MAE inv_MSE inv_minus_full main_positive conditional_positive corr_conditional_main env_separation min_env_mass env_assignment_similarity fusion_rms_ratio g_mean var_acc inv_acc corr_var_env corr_inv_env delta_MSE_vs_A0 relative_MSE_improvement_vs_A0_percent delta_MAE_vs_A0 relative_MAE_improvement_vs_A0_percent reference_sha256
ETTh1 A0_patchtst 0.403670222 0.417974383 0.403670222 0.000000000 0.000000 0.000000 nan nan nan nan 1.000000 0.000000 nan nan nan nan +0.000000000 -0.000000 +0.000000000 -0.000000 cfc624bc956d6b28ad507cffe6ed782445df170f77a8a0145bdefa35dee90d82
ETTh1 A_current 0.393727660 0.408732593 0.390846163 -0.002881486 0.494794 0.629670 0.140585 1.290956 0.329672 0.936341 0.283868 0.009085 0.662564 0.405018 0.037634 0.028273 -0.009942561 +2.463041 -0.009241790 +2.211090 cfc624bc956d6b28ad507cffe6ed782445df170f77a8a0145bdefa35dee90d82
ETTh1 B_h_reference 0.394530773 0.409475833 0.391744137 -0.002786647 0.490844 0.653376 0.103159 1.315274 0.329941 0.931347 0.287796 0.009539 0.638182 0.406675 0.034560 0.029346 -0.009139448 +2.264088 -0.008498549 +2.033270 cfc624bc956d6b28ad507cffe6ed782445df170f77a8a0145bdefa35dee90d82
ETTh1 C_gradient_isolated 0.393298417 0.410082936 0.390645266 -0.002653145 0.468582 0.636494 0.088122 1.321957 0.329339 0.916403 0.283082 0.008083 0.555214 0.503255 0.024389 0.023110 -0.010371804 +2.569376 -0.007891446 +1.888022 cfc624bc956d6b28ad507cffe6ed782445df170f77a8a0145bdefa35dee90d82
ETTh1 D_isolated_rms 0.396427810 0.410457879 0.701436758 0.305008888 0.875763 0.732040 0.126224 1.369761 0.328840 0.985398 0.374321 0.000000 0.529293 0.361581 0.054991 0.007548 -0.007242411 +1.794141 -0.007516503 +1.798317 cfc624bc956d6b28ad507cffe6ed782445df170f77a8a0145bdefa35dee90d82
ETTh2 A0_patchtst 0.300209701 0.348347634 0.300209701 0.000000000 0.000000 0.000000 nan nan nan nan 1.000000 0.000000 nan nan nan nan +0.000000000 -0.000000 +0.000000000 -0.000000 815813810a7ef4cf106f1d75e329a92e6ec408cf997189758d9e25645323aab7
ETTh2 A_current 0.292246401 0.343381792 0.290549666 -0.001696750 0.345781 0.606322 0.015183 1.363938 0.328132 0.841276 0.351910 0.020635 0.618653 0.466919 0.019039 0.018038 -0.007963300 +2.652579 -0.004965842 +1.425542 815813810a7ef4cf106f1d75e329a92e6ec408cf997189758d9e25645323aab7
ETTh2 B_h_reference 0.295934707 0.345204622 0.293725967 -0.002208759 0.304488 0.607040 0.040875 1.300106 0.327347 0.862433 0.355740 0.019721 0.653450 0.512368 0.022952 0.017699 -0.004274994 +1.424003 -0.003143013 +0.902263 815813810a7ef4cf106f1d75e329a92e6ec408cf997189758d9e25645323aab7
ETTh2 C_gradient_isolated 0.299364924 0.346680433 0.297546506 -0.001818367 0.313824 0.599497 0.050377 1.322044 0.323739 0.788559 0.358070 0.014746 0.579832 0.561487 0.026374 0.020541 -0.000844777 +0.281396 -0.001667202 +0.478603 815813810a7ef4cf106f1d75e329a92e6ec408cf997189758d9e25645323aab7
ETTh2 D_isolated_rms 0.307782173 0.355690092 0.352602899 0.044820674 0.807540 0.560704 0.066054 1.311507 0.320882 0.939026 0.509571 0.000000 0.479347 0.379335 0.018106 0.005449 +0.007572472 -2.522394 +0.007342458 -2.107796 815813810a7ef4cf106f1d75e329a92e6ec408cf997189758d9e25645323aab7
ETTm1 A0_patchtst 0.331568062 0.370954037 0.331568062 0.000000000 0.000000 0.000000 nan nan nan nan 1.000000 0.000000 nan nan nan nan +0.000000000 -0.000000 +0.000000000 -0.000000 43cb3aff3d6bab55dab11b8df89dc34b026cad2089306dd2f2e1b480e3c021c6
ETTm1 A_current 0.335712582 0.370852262 0.334868252 -0.000844347 0.478512 0.555322 0.078211 1.265807 0.331519 0.893108 0.235465 0.001026 0.638250 0.441619 0.019727 0.010937 +0.004144520 -1.249976 -0.000101775 +0.027436 43cb3aff3d6bab55dab11b8df89dc34b026cad2089306dd2f2e1b480e3c021c6
ETTm1 B_h_reference 0.335524976 0.370572597 0.334767640 -0.000757314 0.481926 0.584646 0.058648 1.422517 0.330895 0.944677 0.237243 0.001311 0.706072 0.417440 0.054035 0.023139 +0.003956914 -1.193394 -0.000381440 +0.102827 43cb3aff3d6bab55dab11b8df89dc34b026cad2089306dd2f2e1b480e3c021c6
ETTm1 C_gradient_isolated 0.333562791 0.369041234 0.333171070 -0.000391722 0.552298 0.558561 0.051806 1.388171 0.330993 0.958121 0.245359 0.001115 0.597399 0.537810 0.037255 0.018658 +0.001994729 -0.601605 -0.001912802 +0.515644 43cb3aff3d6bab55dab11b8df89dc34b026cad2089306dd2f2e1b480e3c021c6
ETTm1 D_isolated_rms 0.324944019 0.363967925 0.694422066 0.369478077 0.921050 0.547707 0.084202 1.427365 0.330007 0.935391 0.286573 0.000000 0.515814 0.363031 0.018560 0.003942 -0.006624043 +1.997793 -0.006986111 +1.883282 43cb3aff3d6bab55dab11b8df89dc34b026cad2089306dd2f2e1b480e3c021c6
ETTm2 A0_patchtst 0.188434288 0.272525430 0.188434288 0.000000000 0.000000 0.000000 nan nan nan nan 1.000000 0.000000 nan nan nan nan +0.000000000 -0.000000 +0.000000000 -0.000000 06366ba2295a158261d1e926567f2bcf33e12c0f00158e63bb240bb9bc8ba4e2
ETTm2 A_current 0.190027118 0.272359520 0.188941985 -0.001085121 0.301094 0.526961 0.030225 1.160732 0.330270 0.911237 0.254349 0.004313 0.540836 0.437080 0.016265 0.003372 +0.001592830 -0.845297 -0.000165910 +0.060879 06366ba2295a158261d1e926567f2bcf33e12c0f00158e63bb240bb9bc8ba4e2
ETTm2 B_h_reference 0.189793050 0.271996170 0.188406527 -0.001386513 0.298556 0.536590 0.046836 1.182754 0.327594 0.959172 0.255127 0.004571 0.592569 0.439844 0.021915 0.004268 +0.001358762 -0.721080 -0.000529259 +0.194206 06366ba2295a158261d1e926567f2bcf33e12c0f00158e63bb240bb9bc8ba4e2
ETTm2 C_gradient_isolated 0.192384928 0.273533046 0.190173328 -0.002211604 0.302670 0.515756 0.061498 1.175629 0.327417 0.935000 0.272165 0.006517 0.494923 0.524950 0.015356 0.017532 +0.003950641 -2.096561 +0.001007617 -0.369733 06366ba2295a158261d1e926567f2bcf33e12c0f00158e63bb240bb9bc8ba4e2
ETTm2 D_isolated_rms 0.184932590 0.270929217 0.229126677 0.044194095 0.855755 0.562850 0.025173 1.224641 0.325030 0.950974 0.175037 0.000000 0.483284 0.391923 0.005406 0.013532 -0.003501698 +1.858313 -0.001596212 +0.585711 06366ba2295a158261d1e926567f2bcf33e12c0f00158e63bb240bb9bc8ba4e2
Electricity A0_patchtst 0.175011203 0.267724693 0.175011203 0.000000000 0.000000 0.000000 nan nan nan nan 1.000000 0.000000 nan nan nan nan +0.000000000 -0.000000 +0.000000000 -0.000000 90d283a82a16114d5dfa0181fe932d474f565b6f2e819bc0b1ca7c4d285d84f5
Electricity A_current 0.175661221 0.276675940 0.175694317 0.000033084 0.891384 0.969791 0.067943 1.000000 0.331516 0.032672 0.141859 0.000035 0.534383 0.510345 -0.004431 -0.002185 +0.000650018 -0.371415 +0.008951247 -3.343452 90d283a82a16114d5dfa0181fe932d474f565b6f2e819bc0b1ca7c4d285d84f5
Electricity B_h_reference 0.175563142 0.276480883 0.175593480 0.000030363 0.890223 0.996708 0.096614 1.000000 0.331516 0.213489 0.142020 0.000033 0.512705 0.502717 -0.010791 -0.010202 +0.000551939 -0.315374 +0.008756191 -3.270595 90d283a82a16114d5dfa0181fe932d474f565b6f2e819bc0b1ca7c4d285d84f5
Electricity C_gradient_isolated 0.176205486 0.277798057 0.176227778 0.000022291 0.931075 0.991092 0.203018 1.000000 0.331516 0.325062 0.137281 0.000023 0.477142 0.508534 -0.014299 -0.003720 +0.001194283 -0.682404 +0.010073364 -3.762583 90d283a82a16114d5dfa0181fe932d474f565b6f2e819bc0b1ca7c4d285d84f5
Electricity D_isolated_rms 0.225399956 0.325156718 0.822437286 0.597037315 1.000000 0.946747 0.072627 1.000000 0.331516 0.512989 0.857738 0.000000 0.523791 0.498216 0.017090 -0.000979 +0.050388753 -28.791730 +0.057432026 -21.451897 90d283a82a16114d5dfa0181fe932d474f565b6f2e819bc0b1ca7c4d285d84f5
ExchangeRate A0_patchtst 0.089718141 0.208196104 0.089718141 0.000000000 0.000000 0.000000 nan nan nan nan 1.000000 0.000000 nan nan nan nan +0.000000000 -0.000000 +0.000000000 -0.000000 40212dd36c474220870f14317a408b71880eb331f97f06677ce168d1b5eddfc5
ExchangeRate A_current 0.088852100 0.207313761 0.087774269 -0.001077828 0.361463 0.477496 0.052098 1.309757 0.330862 0.932367 0.512226 0.058188 0.533984 0.334180 0.004293 0.003078 -0.000866041 +0.965290 -0.000882342 +0.423804 40212dd36c474220870f14317a408b71880eb331f97f06677ce168d1b5eddfc5
ExchangeRate B_h_reference 0.090316504 0.208852455 0.089539580 -0.000776908 0.414909 0.483826 0.025151 1.390553 0.329115 0.927321 0.499787 0.054029 0.591602 0.305469 0.162974 0.151759 +0.000598364 -0.666937 +0.000656351 -0.315256 40212dd36c474220870f14317a408b71880eb331f97f06677ce168d1b5eddfc5
ExchangeRate C_gradient_isolated 0.091726795 0.209931895 0.090123966 -0.001602829 0.322785 0.485232 -0.011430 1.273885 0.329989 0.966505 0.476755 0.046368 0.525586 0.503320 0.030082 0.026796 +0.002008654 -2.238850 +0.001735792 -0.833729 40212dd36c474220870f14317a408b71880eb331f97f06677ce168d1b5eddfc5
ExchangeRate D_isolated_rms 0.098500893 0.218284607 0.084196001 -0.014304898 0.215190 0.493671 0.115435 1.251107 0.327303 0.990825 1.000000 0.170748 0.547656 0.507617 0.019687 0.020643 +0.008782752 -9.789271 +0.010088503 -4.845673 40212dd36c474220870f14317a408b71880eb331f97f06677ce168d1b5eddfc5
Weather A0_patchtst 0.177085429 0.217059031 0.177085429 0.000000000 0.000000 0.000000 nan nan nan nan 1.000000 0.000000 nan nan nan nan +0.000000000 -0.000000 +0.000000000 -0.000000 4752f5cae5e6d9bccf4f4227f668db382eb15f54d079a1c2b50ad1096bc97701
Weather A_current 0.174328670 0.214941353 0.174329013 0.000000341 0.528533 0.539353 0.040257 1.168667 0.328791 0.882152 0.161242 0.000188 0.469206 0.409363 0.011515 0.001548 -0.002756760 +1.556740 -0.002117679 +0.975623 4752f5cae5e6d9bccf4f4227f668db382eb15f54d079a1c2b50ad1096bc97701
Weather B_h_reference 0.173965722 0.215339050 0.173990250 0.000024530 0.565205 0.538874 0.079794 1.286665 0.325794 0.915939 0.158330 0.000319 0.543929 0.391214 0.012527 -0.000759 -0.003119707 +1.761696 -0.001719981 +0.792403 4752f5cae5e6d9bccf4f4227f668db382eb15f54d079a1c2b50ad1096bc97701
Weather C_gradient_isolated 0.175122485 0.215461060 0.175122604 0.000000113 0.554098 0.527863 0.058276 1.384869 0.321339 0.930139 0.169967 0.000030 0.451384 0.450594 0.016366 0.000443 -0.001962945 +1.108473 -0.001597971 +0.736192 4752f5cae5e6d9bccf4f4227f668db382eb15f54d079a1c2b50ad1096bc97701
Weather D_isolated_rms 0.186788514 0.225667104 0.214546889 0.027758384 0.789544 0.528342 0.079853 1.335798 0.321620 0.821485 0.068940 0.000000 0.464329 0.314939 0.004110 0.005024 +0.009703085 -5.479324 +0.008608073 -3.965775 4752f5cae5e6d9bccf4f4227f668db382eb15f54d079a1c2b50ad1096bc97701
Traffic A0_patchtst 0.489688665 0.325774878 0.489688665 0.000000000 0.000000 0.000000 nan nan nan nan 1.000000 0.000000 nan nan nan nan +0.000000000 -0.000000 +0.000000000 -0.000000 5282efade28ebc38441c30eb23457a5266603248d59ad9368e078b7cc4639413
Traffic A_current 0.480493516 0.319263846 0.480813324 0.000319854 0.704366 0.717468 0.058323 1.000000 0.331364 0.933705 0.142349 0.000173 0.531061 0.587476 -0.069618 -0.024353 -0.009195149 +1.877754 -0.006511033 +1.998629 5282efade28ebc38441c30eb23457a5266603248d59ad9368e078b7cc4639413
Traffic B_h_reference 0.480599701 0.319421291 0.480915964 0.000316269 0.711105 0.760258 0.103825 0.999999 0.331364 0.983685 0.142295 0.000171 0.540905 0.468277 -0.101163 -0.021170 -0.009088963 +1.856070 -0.006353587 +1.950300 5282efade28ebc38441c30eb23457a5266603248d59ad9368e078b7cc4639413
Traffic C_gradient_isolated 0.480451882 0.320299596 0.480784029 0.000332148 0.710519 0.691676 0.091869 0.999999 0.331364 0.986513 0.143306 0.000216 0.676979 0.517826 -0.103012 -0.026155 -0.009236783 +1.886256 -0.005475283 +1.680695 5282efade28ebc38441c30eb23457a5266603248d59ad9368e078b7cc4639413
Traffic D_isolated_rms 0.517720044 0.338414937 1.405316830 0.887596786 1.000000 0.767292 0.239326 1.000000 0.331364 0.985750 0.187065 0.000000 0.603689 0.480768 -0.190334 -0.139477 +0.028031379 -5.724327 +0.012640059 -3.879998 5282efade28ebc38441c30eb23457a5266603248d59ad9368e078b7cc4639413

overall_statistics_relative_to_A0
A_current MSE_wins=5/8 MAE_wins=7/8 mean_relative_MSE_improvement=+0.881089% median_relative_MSE_improvement=+1.261015% mean_relative_MAE_improvement=+0.472444% median_relative_MAE_improvement=+0.699713%
B_h_reference MSE_wins=4/8 MAE_wins=6/8 mean_relative_MSE_improvement=+0.551134% median_relative_MSE_improvement=+0.554315% mean_relative_MAE_improvement=+0.298677% median_relative_MAE_improvement=+0.493304%
C_gradient_isolated MSE_wins=4/8 MAE_wins=5/8 mean_relative_MSE_improvement=+0.028260% median_relative_MSE_improvement=-0.160105% mean_relative_MAE_improvement=+0.041639% median_relative_MAE_improvement=+0.497123%
D_isolated_rms MSE_wins=3/8 MAE_wins=3/8 mean_relative_MSE_improvement=-5.832100% median_relative_MSE_improvement=-4.000859% mean_relative_MAE_improvement=-3.997979% median_relative_MAE_improvement=-2.993897%

best_variant_per_dataset
ETTh1 C_gradient_isolated
ETTh2 A_current
ETTm1 D_isolated_rms
ETTm2 D_isolated_rms
Electricity A0_patchtst
ExchangeRate A_current
Weather B_h_reference
Traffic C_gradient_isolated

overall_best_variant_by_mean_relative_MSE: A_current
