[train]
train/correction_beneficial_ratio: 0.5282769799232483
train/correction_beneficial_ratio_far: 0.5177342891693115
train/correction_beneficial_ratio_middle: 0.5605723857879639
train/correction_beneficial_ratio_near: 0.5065243244171143
train/correction_cosine_far: 0.025537196546792984
train/correction_cosine_mean: 0.03312503546476364
train/correction_cosine_middle: 0.06469471007585526
train/correction_cosine_near: 0.009143300354480743
train/correction_magnitude_ratio_far: 0.007473462726920843
train/correction_magnitude_ratio_mean: 0.01029172819107771
train/correction_magnitude_ratio_middle: 0.008606282994151115
train/correction_magnitude_ratio_near: 0.014795437455177307
train/correction_optimal_scalar_far: 9.776354789733887
train/correction_optimal_scalar_mean: 8.069511413574219
train/correction_optimal_scalar_middle: 12.579517364501953
train/correction_optimal_scalar_near: 1.8526517152786255
train/correction_patch_beneficial_ratio: [0.46485763788223267, 0.45395907759666443, 0.45440390706062317, 0.4430604875087738, 0.4715302586555481, 0.48643237352371216, 0.4993327260017395, 0.5055605173110962, 0.525355875492096, 0.5275800824165344, 0.5304715037345886, 0.5489323735237122, 0.5576067566871643, 0.564056932926178, 0.5647242069244385, 0.5702847242355347, 0.5780693888664246, 0.5798487663269043, 0.5707295536994934, 0.5705071091651917, 0.5629448294639587, 0.5604982376098633, 0.5547152757644653, 0.5560498237609863, 0.5607206225395203, 0.5571619272232056, 0.5533807873725891, 0.5489323735237122, 0.541592538356781, 0.543149471282959, 0.538701057434082, 0.5331405401229858, 0.5302491188049316, 0.5242437720298767, 0.5255783200263977, 0.5184608697891235, 0.5157918334007263, 0.5100088715553284, 0.5082295536994934, 0.5060053467750549, 0.5153470039367676, 0.5135676264762878, 0.5131227970123291, 0.5100088715553284, 0.5035586953163147]
train/correction_patch_cosine: [-0.019668666645884514, -0.04601983726024628, -0.039312757551670074, -0.04338426887989044, -0.031153811141848564, -0.022453192621469498, 0.00031300372211262584, 0.01637967862188816, 0.022841420024633408, 0.03191263973712921, 0.04002557694911957, 0.04713042080402374, 0.05389031022787094, 0.06235476955771446, 0.06429468840360641, 0.06896096467971802, 0.07196316123008728, 0.07258524745702744, 0.06915194541215897, 0.06811649352312088, 0.06481640785932541, 0.06213965266942978, 0.06087898463010788, 0.06577949225902557, 0.07029322534799576, 0.06794757395982742, 0.06341327726840973, 0.05963483825325966, 0.054238349199295044, 0.05050100386142731, 0.04899025708436966, 0.0432157889008522, 0.03648289665579796, 0.032976169139146805, 0.029602155089378357, 0.027552077546715736, 0.022988252341747284, 0.023213060572743416, 0.01920311525464058, 0.01648125611245632, 0.016119081526994705, 0.016177598387002945, 0.015150290913879871, 0.016426991671323776, 0.018476877361536026]
train/correction_patch_magnitude_ratio: [0.0351412296295166, 0.022475838661193848, 0.018504908308386803, 0.016467170789837837, 0.015196316875517368, 0.014106259681284428, 0.01300892699509859, 0.012134606018662453, 0.011685049161314964, 0.011209712363779545, 0.010876117274165154, 0.010651731863617897, 0.010395694524049759, 0.010135456919670105, 0.009942601434886456, 0.009723300114274025, 0.009487929753959179, 0.009129634127020836, 0.008879061788320541, 0.008792253211140633, 0.008728940971195698, 0.008671397343277931, 0.00871011521667242, 0.008565169759094715, 0.008370105177164078, 0.008211512118577957, 0.008150572888553143, 0.00800350308418274, 0.007887512445449829, 0.0077832406386733055, 0.007681710179895163, 0.007653755601495504, 0.007670660503208637, 0.0076573253609240055, 0.007595233619213104, 0.007503631059080362, 0.007504865527153015, 0.007435711100697517, 0.0074319434352219105, 0.007388537283986807, 0.007302388548851013, 0.00727166049182415, 0.007286691106855869, 0.007349918596446514, 0.007367885671555996]
train/correction_patch_optimal_scalar: [-0.741472065448761, -2.4714951515197754, -1.8714361190795898, -2.610954523086548, -2.110523223876953, -1.1189582347869873, 0.45586279034614563, 1.6596382856369019, 1.3246819972991943, 2.095001459121704, 3.976773977279663, 5.70999813079834, 6.2364182472229, 7.847668647766113, 9.4085693359375, 10.398812294006348, 10.77374267578125, 11.477594375610352, 12.137857437133789, 13.158220291137695, 13.010446548461914, 13.837696075439453, 14.506060600280762, 14.42234992980957, 14.510406494140625, 14.363954544067383, 12.956171989440918, 11.817951202392578, 10.797026634216309, 10.52438735961914, 10.591267585754395, 10.115723609924316, 9.539295196533203, 10.010929107666016, 9.89914608001709, 9.834063529968262, 9.103803634643555, 9.557397842407227, 9.50450611114502, 9.29926586151123, 9.730602264404297, 9.895801544189453, 9.635198593139648, 9.851055145263672, 10.077519416809082]
[test]
test/correction_beneficial_ratio: 0.2778891623020172
test/correction_beneficial_ratio_far: 0.19431912899017334
test/correction_beneficial_ratio_middle: 0.27861320972442627
test/correction_beneficial_ratio_near: 0.3607351779937744
test/correction_cosine_far: -0.3489508628845215
test/correction_cosine_mean: -0.24238479137420654
test/correction_cosine_middle: -0.23896703124046326
test/correction_cosine_near: -0.13923615217208862
test/correction_magnitude_ratio_far: 0.004479628521949053
test/correction_magnitude_ratio_mean: 0.007497372571378946
test/correction_magnitude_ratio_middle: 0.0061243679374456406
test/correction_magnitude_ratio_near: 0.011888116598129272
test/correction_optimal_scalar_far: -90.01972961425781
test/correction_optimal_scalar_mean: -52.358123779296875
test/correction_optimal_scalar_middle: -50.36008071899414
test/correction_optimal_scalar_near: -16.694507598876953
test/correction_patch_beneficial_ratio: [0.44486215710639954, 0.429824560880661, 0.39724311232566833, 0.4160400927066803, 0.4310776889324188, 0.4172932207584381, 0.39849624037742615, 0.3822055160999298, 0.34210526943206787, 0.3195488750934601, 0.31328320503234863, 0.29072681069374084, 0.2719298303127289, 0.2731829583644867, 0.2832080125808716, 0.30075186491012573, 0.29323309659957886, 0.2957393527030945, 0.2969924807548523, 0.2957393527030945, 0.30200502276420593, 0.29448622465133667, 0.29448622465133667, 0.27694234251976013, 0.27067670226097107, 0.2744360864162445, 0.26691728830337524, 0.2506265640258789, 0.24310776591300964, 0.22305764257907867, 0.2155388444662094, 0.2243107706308365, 0.2155388444662094, 0.2142857164144516, 0.2142857164144516, 0.2155388444662094, 0.19674184918403625, 0.19548872113227844, 0.18671679496765137, 0.18170426785945892, 0.17669172585010529, 0.17293232679367065, 0.1654135286808014, 0.16290727257728577, 0.17669172585010529]
test/correction_patch_cosine: [-0.03899339959025383, -0.07423222810029984, -0.07935212552547455, -0.08018183708190918, -0.09300033003091812, -0.10759586840867996, -0.1016167476773262, -0.11983615159988403, -0.1464817225933075, -0.166863813996315, -0.188632071018219, -0.2038518190383911, -0.21888591349124908, -0.23398250341415405, -0.23503807187080383, -0.22082385420799255, -0.21006344258785248, -0.2018851637840271, -0.18986214697360992, -0.1931680142879486, -0.20605671405792236, -0.21258458495140076, -0.22064924240112305, -0.24139100313186646, -0.25785478949546814, -0.2690325379371643, -0.2729661166667938, -0.28479263186454773, -0.2994212508201599, -0.3039531409740448, -0.3064587712287903, -0.30842268466949463, -0.3109499216079712, -0.31339067220687866, -0.3150441646575928, -0.3191578686237335, -0.3361964821815491, -0.35572344064712524, -0.36382943391799927, -0.36748793721199036, -0.36906787753105164, -0.3819981515407562, -0.3953911066055298, -0.4001416563987732, -0.3910064399242401]
test/correction_patch_magnitude_ratio: [0.026757532730698586, 0.01818372868001461, 0.01507851853966713, 0.013528387993574142, 0.01237611286342144, 0.01122229639440775, 0.010245095938444138, 0.009481756947934628, 0.00920096505433321, 0.00909678265452385, 0.008906872943043709, 0.00862900074571371, 0.008634842932224274, 0.008557991124689579, 0.00842192955315113, 0.007941043935716152, 0.007498626597225666, 0.0071571688167750835, 0.006776917260140181, 0.0064640892669558525, 0.0062237693928182125, 0.0060277581214904785, 0.005915396846830845, 0.005740504711866379, 0.005616340320557356, 0.005473335739225149, 0.005434165708720684, 0.005331837572157383, 0.005193952936679125, 0.00507064675912261, 0.004940522834658623, 0.004814695566892624, 0.0047743734903633595, 0.004767931532114744, 0.004705339204519987, 0.004615971352905035, 0.004555287305265665, 0.004458046052604914, 0.004380189348012209, 0.004305636510252953, 0.004204154014587402, 0.00414759898558259, 0.004147026687860489, 0.004185233730822802, 0.004192425403743982]
test/correction_patch_optimal_scalar: [-0.9722002744674683, -3.722071647644043, -0.016438189893960953, -0.34309208393096924, -5.981683254241943, -8.42399787902832, -7.343477249145508, -10.698199272155762, -17.071500778198242, -23.58022689819336, -28.12061309814453, -31.791933059692383, -34.530418395996094, -38.697174072265625, -39.1246452331543, -38.649497985839844, -39.05449295043945, -40.94566345214844, -39.61680221557617, -41.70133972167969, -44.73943328857422, -45.98756790161133, -47.71693801879883, -52.762535095214844, -56.72887420654297, -56.902740478515625, -56.376853942871094, -59.51723861694336, -65.59666442871094, -69.10431671142578, -74.48965454101562, -76.93391418457031, -78.51858520507812, -80.39916229248047, -83.11000061035156, -83.21564483642578, -85.32584381103516, -91.43912506103516, -94.23540496826172, -96.33494567871094, -96.42472076416016, -101.21345520019531, -105.07011413574219, -103.96028900146484, -99.6260986328125]
