[train]
train/correction_beneficial_ratio: 0.5328432321548462
train/correction_beneficial_ratio_far: 0.5005446672439575
train/correction_beneficial_ratio_middle: 0.552117645740509
train/correction_beneficial_ratio_near: 0.5458674430847168
train/correction_cosine_far: 0.0007081273361109197
train/correction_cosine_mean: 0.0342562235891819
train/correction_cosine_middle: 0.04861541837453842
train/correction_cosine_near: 0.05344508960843086
train/correction_magnitude_ratio_far: 0.024237697944045067
train/correction_magnitude_ratio_mean: 0.028673062101006508
train/correction_magnitude_ratio_middle: 0.024449098855257034
train/correction_magnitude_ratio_near: 0.037332385778427124
train/correction_optimal_scalar_far: -0.06677328050136566
train/correction_optimal_scalar_mean: 0.929280698299408
train/correction_optimal_scalar_middle: 1.6647590398788452
train/correction_optimal_scalar_near: 1.1898566484451294
train/correction_patch_beneficial_ratio: [0.5324500799179077, 0.512727677822113, 0.5040322542190552, 0.5453149080276489, 0.5627057552337646, 0.5699198842048645, 0.593921422958374, 0.6066491007804871, 0.5869266986846924, 0.5624862909317017, 0.5406791567802429, 0.5297070145606995, 0.5267994403839111, 0.5115755796432495, 0.4915514588356018, 0.4806341826915741, 0.4738314747810364, 0.49994513392448425, 0.5216150879859924, 0.5246598720550537, 0.5115755796432495]
train/correction_patch_cosine: [0.05672939866781235, 0.03233734890818596, 0.016954796388745308, 0.051695507019758224, 0.06541579961776733, 0.06792943179607391, 0.08305370062589645, 0.0967143103480339, 0.08279737830162048, 0.06239493936300278, 0.040142543613910675, 0.030207399278879166, 0.025360381230711937, 0.0026910968590527773, -0.017031559720635414, -0.027537282556295395, -0.023575937375426292, 0.0026637883856892586, 0.025328023359179497, 0.02691401168704033, 0.018195651471614838]
train/correction_patch_magnitude_ratio: [0.05467281863093376, 0.040129706263542175, 0.034437231719493866, 0.03408025577664375, 0.03445230796933174, 0.03221205994486809, 0.031342215836048126, 0.02961966022849083, 0.02585265040397644, 0.024730291217565536, 0.023598438128829002, 0.022355156019330025, 0.02213776670396328, 0.022849777713418007, 0.024299707263708115, 0.026345469057559967, 0.026750247925519943, 0.024308962747454643, 0.02133771777153015, 0.021462367847561836, 0.02515944093465805]
train/correction_patch_optimal_scalar: [0.4913104176521301, 0.32178765535354614, -0.0295515488833189, 1.3211965560913086, 1.564013123512268, 1.8529146909713745, 2.8073277473449707, 3.553006649017334, 3.259518623352051, 2.40541934967041, 1.363431692123413, 0.8790794014930725, 0.5931816697120667, -0.4003230333328247, -0.8203083276748657, -0.851116418838501, -0.3919869661331177, 0.3893801271915436, 0.6912495493888855, 0.42773833870887756, 0.08762481808662415]
[test]
test/correction_beneficial_ratio: 0.5361343026161194
test/correction_beneficial_ratio_far: 0.5240241885185242
test/correction_beneficial_ratio_middle: 0.5427003502845764
test/correction_beneficial_ratio_near: 0.5416783094406128
test/correction_cosine_far: 0.014165009371936321
test/correction_cosine_mean: 0.03454174846410751
test/correction_cosine_middle: 0.04135128855705261
test/correction_cosine_near: 0.04810888320207596
test/correction_magnitude_ratio_far: 0.01689172349870205
test/correction_magnitude_ratio_mean: 0.020681915804743767
test/correction_magnitude_ratio_middle: 0.01805086061358452
test/correction_magnitude_ratio_near: 0.027103180065751076
test/correction_optimal_scalar_far: 1.6234331130981445
test/correction_optimal_scalar_mean: 1.6876670122146606
test/correction_optimal_scalar_middle: 2.720167398452759
test/correction_optimal_scalar_near: 0.7193982601165771
test/correction_patch_beneficial_ratio: [0.5854566693305969, 0.6052528619766235, 0.552234411239624, 0.5206781625747681, 0.4945119619369507, 0.49549195170402527, 0.538122296333313, 0.5601724982261658, 0.5677185654640198, 0.5498824119567871, 0.5260682106018066, 0.5158761143684387, 0.545668363571167, 0.5335162878036499, 0.522344172000885, 0.5169541239738464, 0.5275382399559021, 0.5316542387008667, 0.5188161730766296, 0.5112701058387756, 0.5395923256874084]
test/correction_patch_cosine: [0.09590635448694229, 0.1116304025053978, 0.06116155534982681, 0.022016001865267754, 0.0007771775708533823, 0.00028593040769919753, 0.044985003769397736, 0.07150585204362869, 0.07356500625610352, 0.05631586164236069, 0.024642957374453545, 0.021655594930052757, 0.030709123238921165, 0.011064856313169003, 0.0014116102829575539, 0.004333006218075752, 0.013748315162956715, 0.023958420380949974, 0.01688576117157936, 0.00729768630117178, 0.03152023255825043]
test/correction_patch_magnitude_ratio: [0.0426248274743557, 0.030502522364258766, 0.02526632323861122, 0.024427758529782295, 0.023720238357782364, 0.021581953391432762, 0.021598495543003082, 0.02164507657289505, 0.02044936828315258, 0.018736056983470917, 0.016890494152903557, 0.016391893848776817, 0.016344578936696053, 0.015898555517196655, 0.015897059813141823, 0.01635662652552128, 0.017217574641108513, 0.01735651306807995, 0.01669001765549183, 0.016495607793331146, 0.018228700384497643]
test/correction_patch_optimal_scalar: [1.3232370615005493, 2.032877206802368, 1.3649492263793945, 0.7945998311042786, -0.6788438558578491, -1.196564793586731, 1.3955291509628296, 2.286381959915161, 2.7242510318756104, 2.5194625854492188, 1.1459909677505493, 2.768813133239746, 4.457597732543945, 3.1386966705322266, 2.1868958473205566, 2.1834118366241455, 2.4337892532348633, 2.3126537799835205, 1.080550193786621, -0.09308208525180817, 1.2598106861114502]
