[train]
train/correction_beneficial_ratio: 0.5015179514884949
train/correction_beneficial_ratio_far: 0.519556999206543
train/correction_beneficial_ratio_middle: 0.5019126534461975
train/correction_beneficial_ratio_near: 0.48308414220809937
train/correction_cosine_far: 0.018844282254576683
train/correction_cosine_mean: 0.00914386659860611
train/correction_cosine_middle: 0.011737528257071972
train/correction_cosine_near: -0.003150215372443199
train/correction_magnitude_ratio_far: 0.01287990901619196
train/correction_magnitude_ratio_mean: 0.01438827347010374
train/correction_magnitude_ratio_middle: 0.013859094120562077
train/correction_magnitude_ratio_near: 0.01642582193017006
train/correction_optimal_scalar_far: 3.2359838485717773
train/correction_optimal_scalar_mean: 2.498476505279541
train/correction_optimal_scalar_middle: 3.0212857723236084
train/correction_optimal_scalar_near: 1.238158106803894
train/correction_patch_beneficial_ratio: [0.4798721969127655, 0.49763578176498413, 0.4834504723548889, 0.49162939190864563, 0.5022364258766174, 0.4806389808654785, 0.4911182224750519, 0.49060702323913574, 0.47194889187812805, 0.46658146381378174, 0.47578275203704834, 0.4745047986507416, 0.4801277816295624, 0.4787220358848572, 0.48140576481819153, 0.47897765040397644, 0.49341854453086853, 0.49022364616394043, 0.4929073452949524, 0.4971246123313904, 0.500575065612793, 0.5004472732543945, 0.49776357412338257, 0.5109265446662903, 0.5146325826644897, 0.5171884894371033, 0.5077316164970398, 0.5078594088554382, 0.507220447063446, 0.5116932988166809, 0.5076038241386414, 0.5113099217414856, 0.511437714099884, 0.5027475953102112, 0.503642201423645, 0.515654981136322, 0.5160383582115173, 0.5184664726257324, 0.5207667946815491, 0.5223003029823303, 0.533929705619812, 0.5376358032226562, 0.5332907438278198, 0.5298402309417725, 0.5286900997161865]
train/correction_patch_cosine: [-0.0037884258199483156, 0.002537403954192996, -0.00858067162334919, -0.003206122200936079, 0.004280079156160355, -0.0067168837413191795, -0.0008774019661359489, 0.0029759397730231285, -0.010033058002591133, -0.009994590654969215, -0.007845856249332428, -0.007023027166724205, 0.0006674199248664081, 0.003597601782530546, -0.0032454815227538347, -0.0019229932222515345, 0.002980584278702736, 0.0012447945773601532, 0.005140235181897879, 0.006468906067311764, 0.01091908011585474, 0.012445595115423203, 0.017039023339748383, 0.022182663902640343, 0.018578095361590385, 0.02010131999850273, 0.01432492770254612, 0.011415064334869385, 0.01780037209391594, 0.017345217987895012, 0.010806135833263397, 0.015942709520459175, 0.016856206580996513, 0.013166413642466068, 0.009899919852614403, 0.011502242647111416, 0.01400949340313673, 0.01620158925652504, 0.019130324944853783, 0.02385815978050232, 0.02873384952545166, 0.027115020900964737, 0.027401112020015717, 0.026522211730480194, 0.021518832072615623]
train/correction_patch_magnitude_ratio: [0.02253924123942852, 0.0189814530313015, 0.018061308190226555, 0.016768034547567368, 0.01672486960887909, 0.016499947756528854, 0.016067421063780785, 0.015876377001404762, 0.015565207228064537, 0.015248456038534641, 0.015026195906102657, 0.01490012090653181, 0.014714942313730717, 0.014753931201994419, 0.014659792184829712, 0.01444670557975769, 0.014309117570519447, 0.014261948876082897, 0.014127018861472607, 0.014102303422987461, 0.014042426832020283, 0.013945267535746098, 0.01384725235402584, 0.013950057327747345, 0.013772976584732533, 0.013611136004328728, 0.013507673516869545, 0.013333919458091259, 0.013337030075490475, 0.013291582465171814, 0.013358553871512413, 0.01344722043722868, 0.01336850319057703, 0.013127692975103855, 0.01304996944963932, 0.012935570441186428, 0.012935436330735683, 0.01272668782621622, 0.012843229807913303, 0.012716934084892273, 0.012713322415947914, 0.012637805193662643, 0.012495433911681175, 0.01248091273009777, 0.012361344881355762]
train/correction_patch_optimal_scalar: [0.3371967375278473, 0.7687223553657532, 0.4634055495262146, 0.7501539587974548, 1.4394763708114624, 0.9041565656661987, 1.5591683387756348, 1.9570198059082031, 1.3084516525268555, 1.274630069732666, 1.0914294719696045, 1.0258567333221436, 1.7656499147415161, 2.2517025470733643, 1.6753472089767456, 1.6297441720962524, 2.168527841567993, 2.234015941619873, 2.758999824523926, 2.82191801071167, 3.055487632751465, 3.1268270015716553, 3.463519811630249, 4.151041507720947, 3.718798875808716, 3.5177035331726074, 3.1515398025512695, 2.7676329612731934, 3.3105599880218506, 3.4429917335510254, 2.70359468460083, 2.865492820739746, 2.8737010955810547, 2.419133424758911, 1.8833355903625488, 2.2836802005767822, 2.843756914138794, 3.057896852493286, 3.5061087608337402, 3.789745569229126, 4.302443027496338, 4.178845405578613, 4.24266242980957, 4.121776580810547, 3.467604875564575]
[test]
test/correction_beneficial_ratio: 0.47445112466812134
test/correction_beneficial_ratio_far: 0.4683942496776581
test/correction_beneficial_ratio_middle: 0.41949713230133057
test/correction_beneficial_ratio_near: 0.535461962223053
test/correction_cosine_far: -0.01821582205593586
test/correction_cosine_mean: -0.009070880711078644
test/correction_cosine_middle: -0.05107422173023224
test/correction_cosine_near: 0.042077355086803436
test/correction_magnitude_ratio_far: 0.0136626111343503
test/correction_magnitude_ratio_mean: 0.015342317521572113
test/correction_magnitude_ratio_middle: 0.014933665283024311
test/correction_magnitude_ratio_near: 0.017430683597922325
test/correction_optimal_scalar_far: -0.9933910965919495
test/correction_optimal_scalar_mean: 0.13465538620948792
test/correction_optimal_scalar_middle: -2.891148328781128
test/correction_optimal_scalar_near: 4.2885050773620605
test/correction_patch_beneficial_ratio: [0.4840351641178131, 0.49236464500427246, 0.4960666298866272, 0.49560388922691345, 0.545117974281311, 0.5478944778442383, 0.5622397065162659, 0.5867654085159302, 0.5594632029533386, 0.5557612180709839, 0.5640906691551208, 0.5395650267601013, 0.5460435152053833, 0.543267011642456, 0.5136510729789734, 0.49976861476898193, 0.4659879803657532, 0.4294308125972748, 0.4197131097316742, 0.40027764439582825, 0.41369736194610596, 0.3905599117279053, 0.37714022397994995, 0.41693660616874695, 0.4243405759334564, 0.4405367970466614, 0.4220268428325653, 0.403979629278183, 0.39148542284965515, 0.3965756595134735, 0.3988893926143646, 0.438685804605484, 0.4636742174625397, 0.45904675126075745, 0.4650624692440033, 0.4641369879245758, 0.49329015612602234, 0.49097639322280884, 0.5108745694160461, 0.4840351641178131, 0.47107821702957153, 0.46459972858428955, 0.4553447365760803, 0.4794076681137085, 0.48681166768074036]
test/correction_patch_cosine: [-0.0019048688700422645, 0.0006574306171387434, 0.00659988634288311, 0.0030021287966519594, 0.05769016593694687, 0.06326034665107727, 0.07074174284934998, 0.0862569659948349, 0.06265030056238174, 0.06184753030538559, 0.058698538690805435, 0.0504053495824337, 0.03928942233324051, 0.040899332612752914, 0.031065888702869415, 0.011179326102137566, -0.011102871969342232, -0.028604840859770775, -0.055301498621702194, -0.0677131712436676, -0.05297436565160751, -0.0782943144440651, -0.08207089453935623, -0.05544999986886978, -0.05202240124344826, -0.03612210974097252, -0.0484234094619751, -0.07055261731147766, -0.07436654716730118, -0.06429294496774673, -0.06264840811491013, -0.04854026436805725, -0.0182508397847414, -0.030194798484444618, -0.020451797172427177, -0.006890823598951101, 0.0063182516023516655, 0.0023050401359796524, 0.023584134876728058, -0.009600943885743618, -0.02825886756181717, -0.020039387047290802, -0.030638717114925385, -0.02451985329389572, -0.005409867502748966]
test/correction_patch_magnitude_ratio: [0.021448971703648567, 0.019102254882454872, 0.018261432647705078, 0.0176005270332098, 0.018021686002612114, 0.017746299505233765, 0.017892533913254738, 0.01774754747748375, 0.017012571915984154, 0.016652831807732582, 0.016323208808898926, 0.016128692775964737, 0.015890691429376602, 0.01593559794127941, 0.01569533720612526, 0.015542241744697094, 0.015546469949185848, 0.015585837885737419, 0.015416469424962997, 0.015267979353666306, 0.014844672754406929, 0.014812611043453217, 0.014608928933739662, 0.014587242156267166, 0.0144907021895051, 0.014555053785443306, 0.0147361746057868, 0.014482064172625542, 0.014764830470085144, 0.014763488434255123, 0.014867426827549934, 0.014916605316102505, 0.014775613322854042, 0.014216776937246323, 0.014014163985848427, 0.013752423226833344, 0.013653440400958061, 0.013310960493981838, 0.013626791536808014, 0.013288846239447594, 0.0131829297170043, 0.01313435286283493, 0.012887152843177319, 0.012804710306227207, 0.012507232837378979]
test/correction_patch_optimal_scalar: [0.7940284013748169, 1.0594550371170044, 1.3115155696868896, 1.0105942487716675, 4.77907657623291, 5.326787948608398, 5.719061374664307, 6.665760040283203, 5.332596778869629, 5.119049072265625, 5.318267345428467, 5.908021450042725, 5.505199432373047, 5.664084434509277, 4.814058780670166, 2.1835250854492188, 1.085599422454834, -0.5097249150276184, -2.33128023147583, -3.2041802406311035, -2.7644410133361816, -4.848711013793945, -5.898130893707275, -4.074571132659912, -3.8158974647521973, -3.0784924030303955, -3.330681562423706, -4.535540580749512, -4.492345809936523, -3.752346992492676, -3.8539440631866455, -2.9359121322631836, -0.8653600215911865, -1.7041494846343994, -1.029610276222229, -0.1720070093870163, 0.9694520235061646, 0.43894416093826294, 1.4800034761428833, -0.9342857599258423, -2.541978359222412, -1.3200381994247437, -1.872861385345459, -1.429792046546936, 0.8706958293914795]
