[train]
train/correction_beneficial_ratio: 0.46724599599838257
train/correction_beneficial_ratio_far: 0.4910670816898346
train/correction_beneficial_ratio_middle: 0.472562313079834
train/correction_beneficial_ratio_near: 0.4381086230278015
train/correction_cosine_far: -0.0007760728476569057
train/correction_cosine_mean: -0.015898237004876137
train/correction_cosine_middle: -0.009937363676726818
train/correction_cosine_near: -0.03698128089308739
train/correction_magnitude_ratio_far: 0.006822995841503143
train/correction_magnitude_ratio_mean: 0.008389214985072613
train/correction_magnitude_ratio_middle: 0.008165405131876469
train/correction_magnitude_ratio_near: 0.010179242119193077
train/correction_optimal_scalar_far: 1.7105457782745361
train/correction_optimal_scalar_mean: 0.9997638463973999
train/correction_optimal_scalar_middle: 2.819613456726074
train/correction_optimal_scalar_near: -1.5308666229248047
train/correction_patch_beneficial_ratio: [0.4396166205406189, 0.42645367980003357, 0.427348256111145, 0.427348256111145, 0.43629392981529236, 0.4462619721889496, 0.4403833746910095, 0.44690096378326416, 0.4417891502380371, 0.43309903144836426, 0.44753992557525635, 0.4472843408584595, 0.43169328570365906, 0.43808305263519287, 0.44153353571891785, 0.4448562264442444, 0.44932907819747925, 0.4688817858695984, 0.45252394676208496, 0.4621086120605469, 0.4734824299812317, 0.463386595249176, 0.47476038336753845, 0.4798721969127655, 0.48217251896858215, 0.4812779426574707, 0.48178914189338684, 0.47795528173446655, 0.49175718426704407, 0.5042811632156372, 0.4774440824985504, 0.48894569277763367, 0.4801277816295624, 0.4670926630496979, 0.4774440824985504, 0.5014696717262268, 0.4834504723548889, 0.486645370721817, 0.5014696717262268, 0.4862619936466217, 0.4972524046897888, 0.5169329047203064, 0.49878594279289246, 0.49277955293655396, 0.509904146194458]
train/correction_patch_cosine: [-0.037495922297239304, -0.04346855729818344, -0.044360436499118805, -0.046404432505369186, -0.03568998724222183, -0.03198383003473282, -0.03783824294805527, -0.02992330864071846, -0.03415333107113838, -0.04220615699887276, -0.034041162580251694, -0.030355513095855713, -0.04194100201129913, -0.03427828475832939, -0.030579185113310814, -0.03182278573513031, -0.017809877172112465, -0.008160279132425785, -0.02092457190155983, -0.014628978446125984, -0.007042924873530865, -0.022783737629652023, -0.011120733805000782, 0.0024155278224498034, -0.007409628946334124, -0.002473518019542098, 0.0005540861166082323, -0.009076757356524467, -0.001709737116470933, 0.002933546667918563, -0.013184642419219017, -0.005618234630674124, -0.00474251015111804, -0.019398517906665802, -0.007293553091585636, 0.007360356859862804, -0.006576815620064735, -0.0034527359530329704, 0.012450220994651318, -0.00937583576887846, -0.0014494704082608223, 0.020167861133813858, 0.0032721024472266436, 0.0015378865646198392, 0.014662924222648144]
train/correction_patch_magnitude_ratio: [0.013971110805869102, 0.012133395299315453, 0.01173145230859518, 0.010795366019010544, 0.010487805120646954, 0.010335675440728664, 0.009957061149179935, 0.009677459485828876, 0.009535484947264194, 0.009357684291899204, 0.009025383740663528, 0.008992712944746017, 0.008908114396035671, 0.008861346170306206, 0.008918597362935543, 0.008774147368967533, 0.008676301687955856, 0.008776135742664337, 0.00854431837797165, 0.008368846029043198, 0.008356412872672081, 0.008238423615694046, 0.008164838887751102, 0.008189503103494644, 0.008032710291445255, 0.007847216911613941, 0.007843685336411, 0.007639722898602486, 0.007497236132621765, 0.007531640585511923, 0.007374329958111048, 0.007348841987550259, 0.0073488629423081875, 0.007164638489484787, 0.007067635655403137, 0.007031576707959175, 0.006878716871142387, 0.006763877812772989, 0.006844280753284693, 0.006693511735647917, 0.0065282657742500305, 0.006546433083713055, 0.006325134076178074, 0.0061990912072360516, 0.006229703314602375]
train/correction_patch_optimal_scalar: [-2.868695020675659, -3.8268160820007324, -2.9628584384918213, -3.2037627696990967, -2.260737657546997, -1.7876977920532227, -1.6560059785842896, -0.5489474534988403, -0.8795891404151917, -1.4611560106277466, -0.3679827153682709, -0.1613653153181076, -1.1535700559616089, -0.3363141417503357, 0.5125062465667725, -0.2032473087310791, 2.114866018295288, 3.3564066886901855, 2.5650908946990967, 3.2397403717041016, 3.5649025440216064, 1.7371375560760498, 2.7440922260284424, 4.869211196899414, 3.050974130630493, 3.3216915130615234, 3.116147756576538, 2.3409335613250732, 3.3460168838500977, 3.1302449703216553, 0.7951015830039978, 0.906554639339447, 0.28166964650154114, -1.4765880107879639, -0.027342284098267555, 2.3417861461639404, 1.1937110424041748, 0.7600711584091187, 4.05817985534668, 1.3182122707366943, 1.8703879117965698, 6.04758358001709, 2.342188596725464, 1.2718682289123535, 3.9747748374938965]
[test]
test/correction_beneficial_ratio: 0.20589233934879303
test/correction_beneficial_ratio_far: 0.1422489583492279
test/correction_beneficial_ratio_middle: 0.1692734807729721
test/correction_beneficial_ratio_near: 0.3061545491218567
test/correction_cosine_far: -0.29662051796913147
test/correction_cosine_mean: -0.23124682903289795
test/correction_cosine_middle: -0.252633661031723
test/correction_cosine_near: -0.144486203789711
test/correction_magnitude_ratio_far: 0.010045305825769901
test/correction_magnitude_ratio_mean: 0.012088227085769176
test/correction_magnitude_ratio_middle: 0.011831783689558506
test/correction_magnitude_ratio_near: 0.014387590810656548
test/correction_optimal_scalar_far: -34.43923568725586
test/correction_optimal_scalar_mean: -24.003768920898438
test/correction_optimal_scalar_middle: -24.812341690063477
test/correction_optimal_scalar_near: -12.759683609008789
test/correction_patch_beneficial_ratio: [0.49005091190338135, 0.4206385910511017, 0.4238778352737427, 0.37066173553466797, 0.3530772924423218, 0.351226270198822, 0.311429888010025, 0.2947709262371063, 0.28088846802711487, 0.2360018491744995, 0.216103658080101, 0.23785284161567688, 0.1827857494354248, 0.200370192527771, 0.2225821316242218, 0.20546042919158936, 0.20453493297100067, 0.200370192527771, 0.18186025321483612, 0.17862100899219513, 0.17677001655101776, 0.16011105477809906, 0.1582600623369217, 0.17862100899219513, 0.15409532189369202, 0.1383618712425232, 0.1494678407907486, 0.1360481232404709, 0.1527070850133896, 0.163813054561615, 0.1318833827972412, 0.13373437523841858, 0.14437760412693024, 0.1328088790178299, 0.13142064213752747, 0.13928736746311188, 0.1439148485660553, 0.1406756192445755, 0.1661267876625061, 0.14252661168575287, 0.15039333701133728, 0.16103655099868774, 0.13697361946105957, 0.13095788657665253, 0.14761684834957123]
test/correction_patch_cosine: [-0.007571325171738863, -0.05582386255264282, -0.0659642443060875, -0.09234879910945892, -0.10530313104391098, -0.11443347483873367, -0.1319049596786499, -0.1398455947637558, -0.15814249217510223, -0.1956484466791153, -0.21130087971687317, -0.21150587499141693, -0.23195524513721466, -0.2246818095445633, -0.2208605408668518, -0.21422746777534485, -0.22272101044654846, -0.21268874406814575, -0.23935675621032715, -0.24200323224067688, -0.2404443919658661, -0.25894439220428467, -0.25469455122947693, -0.24792271852493286, -0.2653157711029053, -0.2722419500350952, -0.27394184470176697, -0.2929494380950928, -0.2809239625930786, -0.27113473415374756, -0.29284384846687317, -0.28012001514434814, -0.2850920855998993, -0.3072286546230316, -0.3068946599960327, -0.30106210708618164, -0.3062852919101715, -0.30838742852211, -0.287632554769516, -0.3059903383255005, -0.29835718870162964, -0.27825626730918884, -0.2983492612838745, -0.3036695420742035, -0.2891358733177185]
test/correction_patch_magnitude_ratio: [0.018256060779094696, 0.016563065350055695, 0.016262175515294075, 0.015486618503928185, 0.015105200000107288, 0.015210317447781563, 0.01474146731197834, 0.014252016320824623, 0.01394814532250166, 0.013258290477097034, 0.012842727825045586, 0.012796316295862198, 0.012469734996557236, 0.012203535996377468, 0.012418283149600029, 0.012383967638015747, 0.012300937436521053, 0.012847846373915672, 0.012551161460578442, 0.012220635078847408, 0.012310833670198917, 0.011862916871905327, 0.011579837650060654, 0.011789651587605476, 0.011345204897224903, 0.011197958141565323, 0.011491834186017513, 0.011151491664350033, 0.011090503074228764, 0.011351918801665306, 0.011175889521837234, 0.011198853142559528, 0.011251231655478477, 0.010672057047486305, 0.01039047259837389, 0.010525231249630451, 0.010044323280453682, 0.009725730866193771, 0.009978330694139004, 0.009597309865057468, 0.00930375512689352, 0.009622761979699135, 0.009257539175450802, 0.008889366872608662, 0.009046677500009537]
test/correction_patch_optimal_scalar: [-2.4248011112213135, -4.76589822769165, -5.538895130157471, -8.012173652648926, -9.154343605041504, -9.400627136230469, -10.345379829406738, -11.203874588012695, -12.38003158569336, -16.081565856933594, -18.209091186523438, -19.23937225341797, -21.50324821472168, -22.202669143676758, -20.93324851989746, -20.638925552368164, -21.644683837890625, -19.620058059692383, -21.848819732666016, -22.453895568847656, -22.45665168762207, -24.793535232543945, -24.701438903808594, -23.999300003051758, -27.093505859375, -28.62336540222168, -28.25640106201172, -30.255687713623047, -28.654741287231445, -27.144481658935547, -29.147632598876953, -28.1016845703125, -28.83970832824707, -31.872581481933594, -32.83182144165039, -33.46931838989258, -35.25523376464844, -37.070255279541016, -35.200416564941406, -37.83490753173828, -37.053497314453125, -34.0122184753418, -38.20887756347656, -39.7837028503418, -37.906917572021484]
