[train]
train/correction_beneficial_ratio: 0.48395028710365295
train/correction_beneficial_ratio_far: 0.50089031457901
train/correction_beneficial_ratio_middle: 0.48552078008651733
train/correction_beneficial_ratio_near: 0.4654398262500763
train/correction_cosine_far: 0.012381325475871563
train/correction_cosine_mean: 1.4031369346412248e-06
train/correction_cosine_middle: 0.0052518080919981
train/correction_cosine_near: -0.017628910019993782
train/correction_magnitude_ratio_far: 0.009582076221704483
train/correction_magnitude_ratio_mean: 0.010676078498363495
train/correction_magnitude_ratio_middle: 0.01024484820663929
train/correction_magnitude_ratio_near: 0.012201317586004734
train/correction_optimal_scalar_far: 1.492376685142517
train/correction_optimal_scalar_mean: 0.8663946390151978
train/correction_optimal_scalar_middle: 1.6882513761520386
train/correction_optimal_scalar_near: -0.5814428329467773
train/correction_patch_beneficial_ratio: [0.45252394676208496, 0.4734824299812317, 0.46632587909698486, 0.470415323972702, 0.46734824776649475, 0.4668370485305786, 0.4710543155670166, 0.4690095782279968, 0.46134185791015625, 0.4636421799659729, 0.45456868410110474, 0.4601916968822479, 0.47297126054763794, 0.4654313027858734, 0.4664536714553833, 0.47693291306495667, 0.48357826471328735, 0.48140576481819153, 0.47437700629234314, 0.48140576481819153, 0.4861341714859009, 0.48115015029907227, 0.4890734851360321, 0.48843449354171753, 0.486645370721817, 0.5014696717262268, 0.49162939190864563, 0.48741215467453003, 0.48856228590011597, 0.48460063338279724, 0.489329069852829, 0.48958465456962585, 0.49175718426704407, 0.4982747733592987, 0.49955272674560547, 0.4999361038208008, 0.5033865571022034, 0.5030031800270081, 0.5030031800270081, 0.5018530488014221, 0.5065814852714539, 0.5030031800270081, 0.500575065612793, 0.5076038241386414, 0.5159105658531189]
train/correction_patch_cosine: [-0.023723045364022255, -0.01415216363966465, -0.016172559931874275, -0.019487885758280754, -0.01386570930480957, -0.014474162831902504, -0.01684560626745224, -0.015075258910655975, -0.02145405113697052, -0.02205038070678711, -0.026941737160086632, -0.020333828404545784, -0.011627676896750927, -0.014613095670938492, -0.013616498559713364, -0.005829979665577412, 0.00023243084433488548, -0.0030006403103470802, -0.004062662832438946, -0.000919017824344337, 0.00717564020305872, 0.0031508004758507013, 0.008853158913552761, 0.013317771255970001, 0.009470845572650433, 0.017185090109705925, 0.00989681575447321, 0.00629590917378664, 0.009676092304289341, 0.00733483862131834, 0.006162687670439482, 0.00955593679100275, 0.005418126005679369, 0.010221516713500023, 0.008504229597747326, 0.010789603926241398, 0.00843550730496645, 0.01086384803056717, 0.01562741957604885, 0.016668537631630898, 0.01776052825152874, 0.01964622177183628, 0.013795175589621067, 0.014788161031901836, 0.017482195049524307]
train/correction_patch_magnitude_ratio: [0.016822904348373413, 0.014076177030801773, 0.01348801702260971, 0.012326006777584553, 0.012210238724946976, 0.012230091728270054, 0.011858978308737278, 0.01184527762234211, 0.01160174235701561, 0.01133513543754816, 0.011093392968177795, 0.011168957687914371, 0.010993666015565395, 0.010970773175358772, 0.01099840272217989, 0.010743405669927597, 0.010660640895366669, 0.010586267337203026, 0.010380485095083714, 0.010363288223743439, 0.010444427840411663, 0.01024364959448576, 0.010232111439108849, 0.010258514434099197, 0.010075277648866177, 0.01007955800741911, 0.01002903375774622, 0.0098476717248559, 0.009843925945460796, 0.009884423576295376, 0.009855209849774837, 0.009902351535856724, 0.00993073359131813, 0.009679465554654598, 0.009578818455338478, 0.009586137719452381, 0.009585537947714329, 0.00948532484471798, 0.00962834246456623, 0.009562582708895206, 0.009498011320829391, 0.009453077800571918, 0.00931999646127224, 0.009373911656439304, 0.00929160788655281]
train/correction_patch_optimal_scalar: [-0.8817597031593323, -0.2991519868373871, -0.1859557181596756, -1.0577236413955688, -0.22432295978069305, 0.05102211609482765, -0.27301284670829773, 0.022623879835009575, -0.6330904364585876, -0.9709882736206055, -1.738774061203003, -1.2845745086669922, -0.5939810276031494, -0.39956769347190857, -0.2523939907550812, 0.1835518181324005, 1.2640447616577148, 1.0860168933868408, 0.9234248995780945, 1.2636513710021973, 2.2993452548980713, 1.7287330627441406, 2.375378370285034, 3.2001402378082275, 2.3424131870269775, 2.9348113536834717, 2.014385938644409, 1.195961833000183, 1.568099021911621, 0.9438127279281616, 0.5619368553161621, 0.7770913243293762, 0.4478890299797058, 0.6447057127952576, 0.48674681782722473, 0.9761646389961243, 0.8218754529953003, 1.1696350574493408, 2.5315756797790527, 2.1603424549102783, 2.341303825378418, 2.9173572063446045, 2.070936441421509, 2.071148633956909, 2.4069225788116455]
[test]
test/correction_beneficial_ratio: 0.41877731680870056
test/correction_beneficial_ratio_far: 0.37747955322265625
test/correction_beneficial_ratio_middle: 0.3911152184009552
test/correction_beneficial_ratio_near: 0.48773714900016785
test/correction_cosine_far: -0.10846413671970367
test/correction_cosine_mean: -0.0703357383608818
test/correction_cosine_middle: -0.09289592504501343
test/correction_cosine_near: -0.009647086262702942
test/correction_magnitude_ratio_far: 0.00933829229325056
test/correction_magnitude_ratio_mean: 0.010542456060647964
test/correction_magnitude_ratio_middle: 0.010340219363570213
test/correction_magnitude_ratio_near: 0.011948863975703716
test/correction_optimal_scalar_far: -12.866981506347656
test/correction_optimal_scalar_mean: -7.234376430511475
test/correction_optimal_scalar_middle: -9.161490440368652
test/correction_optimal_scalar_near: 0.3253398835659027
test/correction_patch_beneficial_ratio: [0.4604349732398987, 0.4507172703742981, 0.46136048436164856, 0.46459972858428955, 0.4951411485671997, 0.5076353549957275, 0.5159648060798645, 0.5330865383148193, 0.5233688354492188, 0.521517813205719, 0.5011568665504456, 0.4960666298866272, 0.47107821702957153, 0.4664507210254669, 0.4474780261516571, 0.4539565145969391, 0.4484035074710846, 0.432207316160202, 0.40814438462257385, 0.3785284459590912, 0.3840814530849457, 0.3618695139884949, 0.3697362244129181, 0.36510875821113586, 0.39935216307640076, 0.3951874077320099, 0.38824617862701416, 0.35261452198028564, 0.36510875821113586, 0.364183247089386, 0.34937527775764465, 0.360944002866745, 0.37251272797584534, 0.3808422088623047, 0.36603423953056335, 0.36140674352645874, 0.3766774535179138, 0.3863951861858368, 0.3965756595134735, 0.39565014839172363, 0.39703840017318726, 0.3877834379673004, 0.37945395708084106, 0.36510875821113586, 0.3863951861858368]
test/correction_patch_cosine: [-0.02045527845621109, -0.02040286175906658, -0.03059937246143818, -0.025346744805574417, -0.005205766297876835, 0.00867054145783186, 0.01933993026614189, 0.028145452961325645, 0.02088071219623089, 0.013394355773925781, -0.008050700649619102, -0.01794445514678955, -0.029564499855041504, -0.03577326238155365, -0.04179418832063675, -0.04700138792395592, -0.0525856539607048, -0.06106559559702873, -0.08251733332872391, -0.09573318809270859, -0.09205587208271027, -0.11207661032676697, -0.11449142545461655, -0.10609687864780426, -0.10235760360956192, -0.09167884290218353, -0.0984761044383049, -0.12020367383956909, -0.1080719381570816, -0.10902765393257141, -0.11022747308015823, -0.10652904957532883, -0.10621599853038788, -0.10224524140357971, -0.11527840793132782, -0.1226067766547203, -0.1077347844839096, -0.10345903038978577, -0.09281384199857712, -0.10279837995767593, -0.10890326648950577, -0.10555057227611542, -0.11033681780099869, -0.12006565928459167, -0.11219692975282669]
test/correction_patch_magnitude_ratio: [0.014976787380874157, 0.013302343897521496, 0.012706933543086052, 0.012122424319386482, 0.012189146131277084, 0.012062392197549343, 0.012027915567159653, 0.011991860345005989, 0.011723012663424015, 0.011521080508828163, 0.011082888580858707, 0.011090073734521866, 0.010921414941549301, 0.01073539163917303, 0.010779235512018204, 0.010542411357164383, 0.010589334182441235, 0.010704074054956436, 0.01067773811519146, 0.01053929515182972, 0.010437731631100178, 0.010308904573321342, 0.01011819951236248, 0.010159616358578205, 0.010008465498685837, 0.010102751664817333, 0.010306013748049736, 0.010121878236532211, 0.010277180932462215, 0.010209592059254646, 0.010275405831634998, 0.010240324772894382, 0.010125020518898964, 0.009796623140573502, 0.009557965211570263, 0.009447824209928513, 0.009391015395522118, 0.009098220616579056, 0.0091567886993289, 0.009019214659929276, 0.00890103168785572, 0.008938896469771862, 0.008796385489404202, 0.00868184957653284, 0.00864785723388195]
test/correction_patch_optimal_scalar: [-0.6550967693328857, -0.5126580595970154, -2.5176408290863037, -1.7971967458724976, 0.38415583968162537, 1.9823787212371826, 2.688725471496582, 3.9811010360717773, 3.6122586727142334, 2.3476662635803223, 0.2743762135505676, -0.1259079873561859, -1.1255977153778076, -1.4206502437591553, -2.2357773780822754, -4.336728096008301, -4.428126811981201, -5.0777812004089355, -7.135964870452881, -8.601842880249023, -9.319958686828613, -11.466428756713867, -11.772775650024414, -11.132584571838379, -11.049400329589844, -9.885626792907715, -9.865219116210938, -12.154378890991211, -10.431173324584961, -10.764324188232422, -11.59605598449707, -11.234206199645996, -11.746230125427246, -11.453286170959473, -12.5863037109375, -14.018519401550293, -12.71275806427002, -12.534476280212402, -11.530096054077148, -12.602953910827637, -12.943018913269043, -13.757684707641602, -14.589284896850586, -15.414870262145996, -14.285004615783691]
