[train]
train/correction_beneficial_ratio: 0.5287809371948242
train/correction_beneficial_ratio_far: 0.5231982469558716
train/correction_beneficial_ratio_middle: 0.5293112397193909
train/correction_beneficial_ratio_near: 0.5338333249092102
train/correction_cosine_far: 0.023678524419665337
train/correction_cosine_mean: 0.029011288657784462
train/correction_cosine_middle: 0.026044724509119987
train/correction_cosine_near: 0.03731062263250351
train/correction_magnitude_ratio_far: 0.02272825874388218
train/correction_magnitude_ratio_mean: 0.0267409048974514
train/correction_magnitude_ratio_middle: 0.022658346220850945
train/correction_magnitude_ratio_near: 0.034836091101169586
train/correction_optimal_scalar_far: 2.1840476989746094
train/correction_optimal_scalar_mean: 2.200528383255005
train/correction_optimal_scalar_middle: 2.5135252475738525
train/correction_optimal_scalar_near: 1.9040125608444214
train/correction_patch_beneficial_ratio: [0.541721522808075, 0.5588105916976929, 0.5766128897666931, 0.5833058953285217, 0.5414472222328186, 0.4871351718902588, 0.4478000998497009, 0.46165239810943604, 0.510341227054596, 0.5567259192466736, 0.5820167064666748, 0.5652841925621033, 0.5321483612060547, 0.49701008200645447, 0.4779185950756073, 0.4738863408565521, 0.48738205432891846, 0.5274303555488586, 0.5665733814239502, 0.5743635892868042, 0.5548332333564758]
train/correction_patch_cosine: [0.05728277936577797, 0.0678144097328186, 0.07620427757501602, 0.0781511589884758, 0.03729971870779991, -0.015435795299708843, -0.040142375975847244, -0.023494910448789597, 0.01650865375995636, 0.05264676734805107, 0.06735259294509888, 0.05188057944178581, 0.023414110764861107, -0.005994775332510471, -0.020978104323148727, -0.014991002157330513, -0.0010449854889884591, 0.03119140863418579, 0.060696229338645935, 0.06561801582574844, 0.0452582985162735]
train/correction_patch_magnitude_ratio: [0.052495867013931274, 0.037781596183776855, 0.03331825137138367, 0.031700100749731064, 0.03124183602631092, 0.029310138896107674, 0.028004834428429604, 0.02566867507994175, 0.02249658852815628, 0.020358601585030556, 0.01972365751862526, 0.021040212363004684, 0.023452449589967728, 0.02586832270026207, 0.027043910697102547, 0.026169156655669212, 0.023578375577926636, 0.020945509895682335, 0.01934489607810974, 0.019568296149373055, 0.022447720170021057]
train/correction_patch_optimal_scalar: [1.3045271635055542, 2.2991528511047363, 3.379002571105957, 3.465409278869629, 2.0638434886932373, 0.7262392044067383, 0.08991749584674835, 0.8042062520980835, 2.4221463203430176, 3.8547616004943848, 4.363576889038086, 3.316708564758301, 1.9167571067810059, 0.9165152907371521, 0.20581062138080597, 0.2346896380186081, 0.84402996301651, 2.4127869606018066, 3.9486453533172607, 4.315927028656006, 3.3264453411102295]
[test]
test/correction_beneficial_ratio: 0.5297968983650208
test/correction_beneficial_ratio_far: 0.5166741609573364
test/correction_beneficial_ratio_middle: 0.5395783185958862
test/correction_beneficial_ratio_near: 0.5331382751464844
test/correction_cosine_far: 0.01664930395781994
test/correction_cosine_mean: 0.029332777485251427
test/correction_cosine_middle: 0.03456639125943184
test/correction_cosine_near: 0.0367826484143734
test/correction_magnitude_ratio_far: 0.015872035175561905
test/correction_magnitude_ratio_mean: 0.019027603790163994
test/correction_magnitude_ratio_middle: 0.015276087448000908
test/correction_magnitude_ratio_near: 0.02593468874692917
test/correction_optimal_scalar_far: 1.1547871828079224
test/correction_optimal_scalar_mean: 1.8146108388900757
test/correction_optimal_scalar_middle: 2.5879058837890625
test/correction_optimal_scalar_near: 1.7011363506317139
test/correction_patch_beneficial_ratio: [0.5347902774810791, 0.561740517616272, 0.5695805549621582, 0.5624265074729919, 0.5173461437225342, 0.4938259422779083, 0.4922579526901245, 0.5219521522521973, 0.5409643054008484, 0.5214621424674988, 0.531556248664856, 0.5659545063972473, 0.5590944886207581, 0.5360642671585083, 0.5107800960540771, 0.5078400373458862, 0.5176401138305664, 0.5110740661621094, 0.5119560956954956, 0.5172481536865234, 0.5401803255081177]
test/correction_patch_cosine: [0.05139841511845589, 0.07419400662183762, 0.07484271377325058, 0.05303031951189041, 0.012870235368609428, -0.004760815296322107, -0.004096385091543198, 0.022613588720560074, 0.036396536976099014, 0.020234325900673866, 0.030575240030884743, 0.05848555639386177, 0.05092963948845863, 0.02272971160709858, 0.003932470455765724, 2.3872325982665643e-05, 0.007533699739724398, 0.018507571890950203, 0.014231985434889793, 0.024242907762527466, 0.04807266965508461]
test/correction_patch_magnitude_ratio: [0.04400663822889328, 0.029018498957157135, 0.025413107126951218, 0.023869222030043602, 0.02177347056567669, 0.01943807862699032, 0.018023820593953133, 0.016824834048748016, 0.015816055238246918, 0.014571607112884521, 0.013904758729040623, 0.014230065047740936, 0.015372214838862419, 0.0162130706012249, 0.016803422942757607, 0.01673949509859085, 0.016021043062210083, 0.015469036996364594, 0.014940233901143074, 0.014821750111877918, 0.01630924455821514]
test/correction_patch_optimal_scalar: [1.2232111692428589, 2.557373046875, 3.5949268341064453, 2.8270468711853027, 0.8969945907592773, 0.3886522352695465, 0.4197554588317871, 1.4492344856262207, 2.0632877349853516, 0.6889761090278625, 2.182159423828125, 4.970271110534668, 4.1098856925964355, 2.6515376567840576, 1.1226688623428345, 0.08818615972995758, 0.5437561869621277, 0.8985525369644165, 0.41026368737220764, 1.8871972560882568, 3.1328883171081543]
