[train]
train/correction_beneficial_ratio: 0.49437272548675537
train/correction_beneficial_ratio_far: 0.5209371447563171
train/correction_beneficial_ratio_middle: 0.501631498336792
train/correction_beneficial_ratio_near: 0.460549533367157
train/correction_cosine_far: 0.03126198798418045
train/correction_cosine_mean: 0.010354671627283096
train/correction_cosine_middle: 0.01640157774090767
train/correction_cosine_near: -0.016599580645561218
train/correction_magnitude_ratio_far: 0.014254429377615452
train/correction_magnitude_ratio_mean: 0.016029169782996178
train/correction_magnitude_ratio_middle: 0.015209145843982697
train/correction_magnitude_ratio_near: 0.018623927608132362
train/correction_optimal_scalar_far: 2.4997572898864746
train/correction_optimal_scalar_mean: 1.3916046619415283
train/correction_optimal_scalar_middle: 2.023859977722168
train/correction_optimal_scalar_near: -0.3488048315048218
train/correction_patch_beneficial_ratio: [0.44230031967163086, 0.45712459087371826, 0.4492012858390808, 0.44996803998947144, 0.4596804976463318, 0.4569967985153198, 0.4770607054233551, 0.47233226895332336, 0.45853033661842346, 0.46236422657966614, 0.45776358246803284, 0.458402544260025, 0.4668370485305786, 0.4702875316143036, 0.4693929851055145, 0.4784664511680603, 0.4943130910396576, 0.4837060570716858, 0.49162939190864563, 0.5068370699882507, 0.5105431079864502, 0.5069648623466492, 0.509904146194458, 0.5091373920440674, 0.5113099217414856, 0.5136102437973022, 0.5055590867996216, 0.5041533708572388, 0.5026198029518127, 0.4957188367843628, 0.497891366481781, 0.5018530488014221, 0.5003194808959961, 0.5054312944412231, 0.5106709003448486, 0.5138658285140991, 0.5159105658531189, 0.515654981136322, 0.5312460064888, 0.5286900997161865, 0.5386581420898438, 0.5405750870704651, 0.5334185361862183, 0.5358466506004333, 0.5440255403518677]
train/correction_patch_cosine: [-0.02763368934392929, -0.025448644533753395, -0.027107825502753258, -0.024991916492581367, -0.01758512295782566, -0.017990808933973312, -0.01044302899390459, -0.008340188302099705, -0.017468664795160294, -0.018405279144644737, -0.020907195284962654, -0.01634283922612667, -0.008842683397233486, -0.001786707667633891, -0.005699151661247015, -0.002354888478294015, 0.006216320674866438, 0.002382967621088028, 0.009021418169140816, 0.015473463572561741, 0.02018444985151291, 0.0231487900018692, 0.0252341628074646, 0.027615072205662727, 0.0230146162211895, 0.02503647468984127, 0.020539885386824608, 0.01580953411757946, 0.017881089821457863, 0.01682073250412941, 0.01602211780846119, 0.018474480137228966, 0.01777663081884384, 0.020358292385935783, 0.022307706996798515, 0.0250246599316597, 0.026110293343663216, 0.02869301475584507, 0.037216320633888245, 0.03888886794447899, 0.0444386787712574, 0.04848828539252281, 0.04342448711395264, 0.03918100893497467, 0.04252500832080841]
train/correction_patch_magnitude_ratio: [0.026427028700709343, 0.021697238087654114, 0.020749613642692566, 0.01893320120871067, 0.01882113143801689, 0.01876520924270153, 0.018193276599049568, 0.01802860014140606, 0.017657380551099777, 0.017267761752009392, 0.01686532236635685, 0.016771163791418076, 0.01641038805246353, 0.01645892672240734, 0.01631266064941883, 0.015969038009643555, 0.015851715579628944, 0.015737198293209076, 0.01548235397785902, 0.01545141264796257, 0.015467150136828423, 0.015212140046060085, 0.015092176385223866, 0.01524172443896532, 0.014981592074036598, 0.014978477731347084, 0.014936468563973904, 0.01455294992774725, 0.014575156383216381, 0.014607641845941544, 0.014591403305530548, 0.014798968099057674, 0.014834431931376457, 0.01453781221061945, 0.014408964663743973, 0.014258263632655144, 0.014216816984117031, 0.014096463099122047, 0.0142544349655509, 0.014134444296360016, 0.014129508286714554, 0.014120572246611118, 0.01381663978099823, 0.013830871321260929, 0.013786925934255123]
train/correction_patch_optimal_scalar: [-0.7898092865943909, -0.9123741388320923, -0.8605687618255615, -1.0924640893936157, -0.4705721437931061, -0.4062138795852661, -0.026932159438729286, 0.3226511776447296, -0.31004685163497925, -0.5604264140129089, -0.73365318775177, -0.4764629006385803, -0.10246468335390091, 0.7466408014297485, 0.4406181275844574, 0.5197746753692627, 1.3413116931915283, 1.2346221208572388, 1.7878034114837646, 2.3580234050750732, 2.627687931060791, 2.862983226776123, 3.033514976501465, 3.1909995079040527, 2.569622039794922, 2.5798215866088867, 2.098863124847412, 1.4039782285690308, 1.4732407331466675, 1.2756497859954834, 1.0012180805206299, 1.0075671672821045, 1.1573677062988281, 1.1896840333938599, 1.3555121421813965, 1.820033073425293, 2.0635828971862793, 2.264876365661621, 3.340825319290161, 3.2198963165283203, 3.758302927017212, 4.41721773147583, 3.917752742767334, 3.423856258392334, 3.55869722366333]
[test]
test/correction_beneficial_ratio: 0.49169623851776123
test/correction_beneficial_ratio_far: 0.4790683388710022
test/correction_beneficial_ratio_middle: 0.4542958438396454
test/correction_beneficial_ratio_near: 0.5417245030403137
test/correction_cosine_far: -0.011178910732269287
test/correction_cosine_mean: 0.0027157568838447332
test/correction_cosine_middle: -0.022069353610277176
test/correction_cosine_near: 0.041395533829927444
test/correction_magnitude_ratio_far: 0.013733286410570145
test/correction_magnitude_ratio_mean: 0.015521303750574589
test/correction_magnitude_ratio_middle: 0.015187574550509453
test/correction_magnitude_ratio_near: 0.017643023282289505
test/correction_optimal_scalar_far: -1.2562793493270874
test/correction_optimal_scalar_mean: 0.42208388447761536
test/correction_optimal_scalar_middle: -1.2256134748458862
test/correction_optimal_scalar_near: 3.7481446266174316
test/correction_patch_beneficial_ratio: [0.4664507210254669, 0.45118001103401184, 0.4807959198951721, 0.4770939350128174, 0.5275335311889648, 0.5599259734153748, 0.5705691576004028, 0.5784358978271484, 0.5761221647262573, 0.586302638053894, 0.5886163711547852, 0.5807496309280396, 0.562702476978302, 0.5654789209365845, 0.5539102554321289, 0.5391022562980652, 0.5048588514328003, 0.4863489270210266, 0.45997223258018494, 0.44238778948783875, 0.4608977437019348, 0.4363720417022705, 0.4155483543872833, 0.4428505301475525, 0.46228596568107605, 0.4636742174625397, 0.44377604126930237, 0.41786208748817444, 0.41369736194610596, 0.42480334639549255, 0.42711707949638367, 0.43683481216430664, 0.46459972858428955, 0.45580750703811646, 0.44470152258872986, 0.44377604126930237, 0.49421563744544983, 0.4919019043445587, 0.513188362121582, 0.5080981254577637, 0.4946783781051636, 0.502082347869873, 0.4960666298866272, 0.4993058741092682, 0.5136510729789734]
test/correction_patch_cosine: [-0.016922371461987495, -0.019002597779035568, -0.008747853338718414, -0.0017599401762709022, 0.027283091098070145, 0.051265962421894073, 0.06617579609155655, 0.07617323100566864, 0.0647541806101799, 0.07022134959697723, 0.0698045939207077, 0.06559625267982483, 0.057684484869241714, 0.0648791640996933, 0.05352799966931343, 0.032219529151916504, 0.01461060717701912, -0.004904430825263262, -0.021650653332471848, -0.02689554914832115, -0.01767546497285366, -0.03167565166950226, -0.04269949719309807, -0.03091561608016491, -0.02183377742767334, -0.015049243345856667, -0.028231974691152573, -0.04771357774734497, -0.0465950109064579, -0.042029839009046555, -0.03854652866721153, -0.03680602088570595, -0.02172955311834812, -0.026348400861024857, -0.029309187084436417, -0.030534040182828903, -0.0028565728571265936, 0.0036978477146476507, 0.015612207353115082, -0.0012836094247177243, -0.002117119962349534, 0.005642975214868784, -0.0031788775231689215, -0.004984500352293253, 0.005057253874838352]
test/correction_patch_magnitude_ratio: [0.022496653720736504, 0.019713815301656723, 0.0188832338899374, 0.017915615811944008, 0.018244532868266106, 0.018037239089608192, 0.017825329676270485, 0.01766841672360897, 0.017166931182146072, 0.016799118369817734, 0.016322532668709755, 0.016203679144382477, 0.015800094231963158, 0.01583741046488285, 0.015730788931250572, 0.01538008637726307, 0.015615548938512802, 0.01568150520324707, 0.015693623572587967, 0.015560478903353214, 0.015286101028323174, 0.015112344175577164, 0.014899570494890213, 0.015044867992401123, 0.014703376218676567, 0.014965514652431011, 0.015217992477118969, 0.01468377560377121, 0.015012383460998535, 0.014956854283809662, 0.014946202747523785, 0.015145152807235718, 0.014916124753654003, 0.014407912269234657, 0.014274039305746555, 0.013988012447953224, 0.013872280716896057, 0.013533154502511024, 0.013592544011771679, 0.013263770379126072, 0.013176546432077885, 0.013133261352777481, 0.012693007476627827, 0.01256068330258131, 0.01249651052057743]
test/correction_patch_optimal_scalar: [0.033268481492996216, -0.6524736881256104, -0.39237967133522034, -0.16491682827472687, 1.9495288133621216, 3.8835196495056152, 4.907745838165283, 5.674832344055176, 5.2256693840026855, 5.676097393035889, 5.559496879577637, 6.094263076782227, 5.915420055389404, 6.587277412414551, 5.9248270988464355, 3.6849446296691895, 2.3669724464416504, 0.8640558123588562, -0.5424069762229919, -1.1898415088653564, -0.8125709295272827, -1.9998750686645508, -3.1584856510162354, -2.517077684402466, -1.9629024267196655, -1.57016122341156, -1.9797897338867188, -3.3441379070281982, -3.2184481620788574, -3.004476547241211, -2.7494404315948486, -3.1417224407196045, -2.1416175365448, -2.461209774017334, -3.0331177711486816, -2.92950701713562, -0.5582672357559204, -0.4287792444229126, 0.6951665282249451, -0.6052576899528503, -0.6805631518363953, 0.0034963740035891533, -0.7457861304283142, -0.7285744547843933, 0.6609798669815063]
