[train]
train/correction_beneficial_ratio: 0.4106616675853729
train/correction_beneficial_ratio_far: 0.41615450382232666
train/correction_beneficial_ratio_middle: 0.4039018154144287
train/correction_beneficial_ratio_near: 0.4119286835193634
train/correction_cosine_far: -0.06068672984838486
train/correction_cosine_mean: -0.059704605489969254
train/correction_cosine_middle: -0.07225806266069412
train/correction_cosine_near: -0.04616902768611908
train/correction_magnitude_ratio_far: 0.0977535992860794
train/correction_magnitude_ratio_mean: 0.10937249660491943
train/correction_magnitude_ratio_middle: 0.10439637303352356
train/correction_magnitude_ratio_near: 0.12596750259399414
train/correction_optimal_scalar_far: 0.6999393105506897
train/correction_optimal_scalar_mean: 0.15460646152496338
train/correction_optimal_scalar_middle: -0.03384803235530853
train/correction_optimal_scalar_near: -0.20227211713790894
train/correction_patch_beneficial_ratio: [0.40927544236183167, 0.407289981842041, 0.415557861328125, 0.4199436902999878, 0.43893909454345703, 0.43707215785980225, 0.40954214334487915, 0.4021040201187134, 0.40290412306785583, 0.4082382619380951, 0.42714476585388184, 0.41594311594963074, 0.38527190685272217, 0.39428064227104187, 0.40542301535606384, 0.40971994400024414, 0.4199140667915344, 0.40912726521492004, 0.3851829767227173, 0.38476812839508057, 0.39176174998283386, 0.405304491519928, 0.4148170053958893, 0.40400058031082153, 0.38915395736694336, 0.39185065031051636, 0.39748111367225647, 0.40616387128829956, 0.4245665967464447, 0.4247147738933563, 0.40405985713005066, 0.39884427189826965, 0.4048007130622864, 0.4098977744579315, 0.4304637610912323, 0.4344050884246826, 0.4232330620288849, 0.41283154487609863, 0.4142836034297943, 0.4227292835712433, 0.4284486472606659, 0.4232330620288849, 0.4127722680568695, 0.4114091098308563, 0.4109053313732147]
train/correction_patch_cosine: [-0.014244673773646355, -0.04648613557219505, -0.043576695024967194, -0.03783424198627472, -0.014747784473001957, -0.009369510225951672, -0.04358508810400963, -0.06067458540201187, -0.06534279882907867, -0.05500057712197304, -0.03266145661473274, -0.04267403483390808, -0.07686128467321396, -0.07688368856906891, -0.07259295135736465, -0.06475856900215149, -0.05255024507641792, -0.06034299358725548, -0.08680041879415512, -0.09335961192846298, -0.08709197491407394, -0.07418441772460938, -0.0657329261302948, -0.07392381876707077, -0.08764039725065231, -0.08963922411203384, -0.08241160213947296, -0.06973522901535034, -0.04774792119860649, -0.04795140027999878, -0.065779909491539, -0.07427288591861725, -0.07242555171251297, -0.06087304279208183, -0.03877143934369087, -0.03721826523542404, -0.05304262414574623, -0.06733665615320206, -0.06734481453895569, -0.05757070332765579, -0.04663905128836632, -0.05260432884097099, -0.06565674394369125, -0.07542935758829117, -0.07533563673496246]
train/correction_patch_magnitude_ratio: [0.17531783878803253, 0.13874202966690063, 0.13319620490074158, 0.13447122275829315, 0.13506345450878143, 0.13137884438037872, 0.12139773368835449, 0.11434856057167053, 0.11703768372535706, 0.1197614073753357, 0.12213800102472305, 0.119933120906353, 0.11355394870042801, 0.10579171031713486, 0.10738015174865723, 0.10978378355503082, 0.11113686859607697, 0.10792436450719833, 0.10349680483341217, 0.10056122392416, 0.1029314398765564, 0.105595164000988, 0.10750779509544373, 0.1062467098236084, 0.10078291594982147, 0.09815340489149094, 0.1007871925830841, 0.10404455661773682, 0.10459800064563751, 0.1023959070444107, 0.09841878712177277, 0.0964520126581192, 0.09903886914253235, 0.10139092057943344, 0.10242081433534622, 0.10023554414510727, 0.09541083127260208, 0.09377293288707733, 0.09727253764867783, 0.09996914118528366, 0.10198656469583511, 0.09973154217004776, 0.09400558471679688, 0.09171891957521439, 0.09447912871837616]
train/correction_patch_optimal_scalar: [-0.24352960288524628, -0.5884523391723633, -0.4537881910800934, -0.18747499585151672, 0.1541500687599182, 0.20662888884544373, -0.41477248072624207, -0.5639415383338928, -0.33419451117515564, 0.005189939402043819, 0.12101426720619202, 0.13249197602272034, -0.3278822600841522, -0.38976287841796875, -0.14975965023040771, -0.03281558305025101, -0.049993280321359634, -0.07415547221899033, -0.2066371738910675, -0.4858599305152893, -0.4748119115829468, 0.002459097420796752, -0.009625731036067009, -0.14716099202632904, -0.19109605252742767, -0.2049609273672104, -0.03932584077119827, 0.3394569158554077, 0.5504569411277771, 0.5163492560386658, 0.30990907549858093, 0.3954888582229614, 0.4043196737766266, 0.8440391421318054, 1.0264489650726318, 1.0576026439666748, 0.7730588316917419, 0.6207375526428223, 0.7548925280570984, 1.3593988418579102, 0.9926770329475403, 0.6303518414497375, 0.544133722782135, 0.36863207817077637, 0.4174013137817383]
[test]
test/correction_beneficial_ratio: 0.33828142285346985
test/correction_beneficial_ratio_far: 0.3328704237937927
test/correction_beneficial_ratio_middle: 0.3228836953639984
test/correction_beneficial_ratio_near: 0.3590902090072632
test/correction_cosine_far: -0.1423015296459198
test/correction_cosine_mean: -0.1341744065284729
test/correction_cosine_middle: -0.15683871507644653
test/correction_cosine_near: -0.10338302701711655
test/correction_magnitude_ratio_far: 0.08687597513198853
test/correction_magnitude_ratio_mean: 0.09860009700059891
test/correction_magnitude_ratio_middle: 0.09624969959259033
test/correction_magnitude_ratio_near: 0.11267468333244324
test/correction_optimal_scalar_far: -1.6438170671463013
test/correction_optimal_scalar_mean: -1.3044776916503906
test/correction_optimal_scalar_middle: -1.426393747329712
test/correction_optimal_scalar_near: -0.84322190284729
test/correction_patch_beneficial_ratio: [0.3668178915977478, 0.3676511347293854, 0.36015182733535767, 0.36811405420303345, 0.3958892822265625, 0.40718451142311096, 0.3674659729003906, 0.35200443863868713, 0.3459864854812622, 0.36024442315101624, 0.36811405420303345, 0.3650587797164917, 0.32932135462760925, 0.31460049748420715, 0.31774836778640747, 0.3276548385620117, 0.3478381633758545, 0.35700398683547974, 0.32867327332496643, 0.32293304800987244, 0.3166373372077942, 0.32367372512817383, 0.3288584351539612, 0.32043328881263733, 0.29599112272262573, 0.2853439450263977, 0.2932136058807373, 0.3111748993396759, 0.3392278552055359, 0.344597727060318, 0.32645124197006226, 0.3133043348789215, 0.32256272435188293, 0.33395054936408997, 0.35191187262535095, 0.3534857928752899, 0.329506516456604, 0.31348949670791626, 0.3183038532733917, 0.3298768699169159, 0.3438570499420166, 0.34654200077056885, 0.3355244994163513, 0.3327469825744629, 0.34154245257377625]
test/correction_patch_cosine: [-0.06126122549176216, -0.09201409667730331, -0.09052467346191406, -0.08047078549861908, -0.05281788855791092, -0.04048233479261398, -0.0914183035492897, -0.11725888401269913, -0.127174973487854, -0.11289063096046448, -0.0976381003856659, -0.10242016613483429, -0.14936810731887817, -0.16542886197566986, -0.16957633197307587, -0.14933353662490845, -0.12447606027126312, -0.10888046026229858, -0.14462335407733917, -0.16470029950141907, -0.1662742793560028, -0.1586446464061737, -0.15411145985126495, -0.16369478404521942, -0.19356316328048706, -0.20407317578792572, -0.19028149545192719, -0.16449519991874695, -0.13438940048217773, -0.13103990256786346, -0.15787768363952637, -0.16637039184570312, -0.15767909586429596, -0.1403220295906067, -0.11677948385477066, -0.1160779818892479, -0.14260992407798767, -0.1572730392217636, -0.1588016301393509, -0.143163800239563, -0.1256944239139557, -0.12382436543703079, -0.14169850945472717, -0.14782164990901947, -0.13852792978286743]
test/correction_patch_magnitude_ratio: [0.15716640651226044, 0.12333161383867264, 0.11853141337633133, 0.12018990516662598, 0.12178780138492584, 0.12144036591053009, 0.11088109761476517, 0.10156359523534775, 0.10207872092723846, 0.10340016335248947, 0.10734657943248749, 0.10928668826818466, 0.10394787043333054, 0.09482891112565994, 0.09433910250663757, 0.0963340550661087, 0.10003813356161118, 0.10129894316196442, 0.0967988520860672, 0.0913705974817276, 0.0918426662683487, 0.09390272200107574, 0.09780200570821762, 0.09896604716777802, 0.09580357372760773, 0.09243292361497879, 0.09420101344585419, 0.09652513265609741, 0.09828024357557297, 0.09814814478158951, 0.09341757744550705, 0.08959563076496124, 0.09015022963285446, 0.09153623133897781, 0.09377557784318924, 0.09214455634355545, 0.0864172950387001, 0.08387167006731033, 0.08520243316888809, 0.08525004982948303, 0.08659062534570694, 0.08683677762746811, 0.08111955970525742, 0.07791399210691452, 0.07931726425886154]
test/correction_patch_optimal_scalar: [-0.5807608366012573, -0.7860533595085144, -0.6928064227104187, -0.35430335998535156, -0.0821041688323021, 0.35822150111198425, -1.0134847164154053, -1.3320066928863525, -1.1634973287582397, -0.7157557606697083, -0.46485763788223267, -0.562879741191864, -1.5937689542770386, -1.932141900062561, -1.7321321964263916, -1.4470146894454956, -0.9703747630119324, -0.6311488151550293, -1.484658122062683, -1.8657912015914917, -1.6649879217147827, -1.283590316772461, -1.17859947681427, -1.3810709714889526, -2.116929531097412, -2.3726892471313477, -2.0109972953796387, -1.3287365436553955, -0.839262843132019, -0.8200560808181763, -1.5225849151611328, -1.8722615242004395, -1.8213483095169067, -1.4839369058609009, -1.1830402612686157, -1.191048264503479, -1.8515348434448242, -2.0227582454681396, -1.68718683719635, -1.355503797531128, -1.1794461011886597, -1.2423768043518066, -2.0124399662017822, -2.2821688652038574, -1.9496227502822876]
