[train]
train/correction_beneficial_ratio: 0.5163997411727905
train/correction_beneficial_ratio_far: 0.5186980962753296
train/correction_beneficial_ratio_middle: 0.5327105522155762
train/correction_beneficial_ratio_near: 0.4977906346321106
train/correction_cosine_far: 0.018417617306113243
train/correction_cosine_mean: 0.023839164525270462
train/correction_cosine_middle: 0.04118390753865242
train/correction_cosine_near: 0.011915909126400948
train/correction_magnitude_ratio_far: 0.021601710468530655
train/correction_magnitude_ratio_mean: 0.03106720559298992
train/correction_magnitude_ratio_middle: 0.026194559410214424
train/correction_magnitude_ratio_near: 0.04540535435080528
train/correction_optimal_scalar_far: 2.250771999359131
train/correction_optimal_scalar_mean: 1.9052255153656006
train/correction_optimal_scalar_middle: 2.9215352535247803
train/correction_optimal_scalar_near: 0.543368935585022
train/correction_patch_beneficial_ratio: [0.4012455642223358, 0.4479537308216095, 0.47798043489456177, 0.48843416571617126, 0.4986654818058014, 0.491770476102829, 0.48843416571617126, 0.4915480315685272, 0.49199289083480835, 0.4993327260017395, 0.5175711512565613, 0.5375889539718628, 0.5420373678207397, 0.5478202700614929, 0.5444839596748352, 0.5353647470474243, 0.5286921858787537, 0.5189056992530823, 0.5215747356414795, 0.5211299061775208, 0.5266903638839722, 0.524021327495575, 0.5298042893409729, 0.540035605430603, 0.5491548180580139, 0.5495996475219727, 0.5449288487434387, 0.5342526435852051, 0.5284697413444519, 0.5380337834358215, 0.5362544655799866, 0.5302491188049316, 0.52224200963974, 0.5286921858787537, 0.5275800824165344, 0.5304715037345886, 0.5211299061775208, 0.5149021148681641, 0.5077847242355347, 0.5040035843849182, 0.5129003524780273, 0.5084519386291504, 0.5095640420913696, 0.5117882490158081, 0.5144572854042053]
train/correction_patch_cosine: [-0.039772581309080124, -0.024441372603178024, -0.013922561891376972, -0.005221662111580372, 0.0022139803040772676, 0.004436016548424959, 0.0015372282359749079, 0.0099310502409935, 0.013936145231127739, 0.018177414312958717, 0.031571656465530396, 0.04060271382331848, 0.04262895509600639, 0.048265036195516586, 0.04879673197865486, 0.042242780327796936, 0.035280484706163406, 0.03339195251464844, 0.03448939323425293, 0.032833196222782135, 0.03385130316019058, 0.034406878054142, 0.03882927820086479, 0.04151305556297302, 0.0484471470117569, 0.05352458730340004, 0.05248764529824257, 0.04694201797246933, 0.04513976722955704, 0.0443795770406723, 0.04102422669529915, 0.03535524755716324, 0.029245827347040176, 0.028925424441695213, 0.02587214484810829, 0.02174285240471363, 0.017584040760993958, 0.011816944926977158, 0.008371702395379543, 0.006026518996804953, 0.007000761106610298, 0.006338121835142374, 0.006706691347062588, 0.01245152112096548, 0.017802530899643898]
train/correction_patch_magnitude_ratio: [0.10859798640012741, 0.06950042396783829, 0.056552764028310776, 0.049750424921512604, 0.045574937015771866, 0.04275749623775482, 0.0393744520843029, 0.037041593343019485, 0.035888902842998505, 0.03436736389994621, 0.03356112167239189, 0.033097900450229645, 0.03250539302825928, 0.031516510993242264, 0.030992958694696426, 0.030435334891080856, 0.02967839315533638, 0.028296910226345062, 0.02742599882185459, 0.027122987434267998, 0.027035074308514595, 0.026423387229442596, 0.026223957538604736, 0.025683974847197533, 0.025267908349633217, 0.02464481256902218, 0.02433575689792633, 0.023734591901302338, 0.0233871228992939, 0.023222079500555992, 0.02302197925746441, 0.022968504577875137, 0.02296607382595539, 0.02259405143558979, 0.0222283024340868, 0.02188137173652649, 0.021611860021948814, 0.021355774253606796, 0.02133285254240036, 0.02112593501806259, 0.020747007802128792, 0.02060825005173683, 0.02056732587516308, 0.02052358165383339, 0.020492900162935257]
train/correction_patch_optimal_scalar: [-0.3970383107662201, -0.3696119487285614, -0.0872894823551178, 0.21137267351150513, 0.34638097882270813, 0.31563299894332886, 0.26168784499168396, 0.38365858793258667, 0.41561853885650635, 0.5831011533737183, 0.9139547944068909, 1.205153465270996, 1.3126413822174072, 1.5020662546157837, 1.5531994104385376, 1.815670371055603, 2.0324008464813232, 2.2633774280548096, 2.355858087539673, 2.2258570194244385, 2.2435142993927, 2.4764885902404785, 2.7992196083068848, 2.9465394020080566, 3.42917537689209, 3.862973690032959, 4.036252021789551, 3.905744791030884, 3.8191113471984863, 3.610816717147827, 3.4955484867095947, 3.1557886600494385, 2.6282873153686523, 2.525012254714966, 2.2221245765686035, 1.986438512802124, 1.9642550945281982, 1.900128722190857, 1.7012603282928467, 1.3878912925720215, 1.6757498979568481, 1.903277039527893, 2.041842222213745, 2.402796745300293, 2.7712197303771973]
[test]
test/correction_beneficial_ratio: 0.3290448486804962
test/correction_beneficial_ratio_far: 0.2776942253112793
test/correction_beneficial_ratio_middle: 0.33834585547447205
test/correction_beneficial_ratio_near: 0.37109440565109253
test/correction_cosine_far: -0.2208750694990158
test/correction_cosine_mean: -0.14621762931346893
test/correction_cosine_middle: -0.12365559488534927
test/correction_cosine_near: -0.09412234276533127
test/correction_magnitude_ratio_far: 0.015987221151590347
test/correction_magnitude_ratio_mean: 0.026331821456551552
test/correction_magnitude_ratio_middle: 0.02199818752706051
test/correction_magnitude_ratio_near: 0.0410100519657135
test/correction_optimal_scalar_far: -17.16340446472168
test/correction_optimal_scalar_mean: -9.437557220458984
test/correction_optimal_scalar_middle: -7.342982292175293
test/correction_optimal_scalar_near: -3.8062829971313477
test/correction_patch_beneficial_ratio: [0.4273183047771454, 0.4649122953414917, 0.45989975333213806, 0.40852129459381104, 0.40977442264556885, 0.3822055160999298, 0.36090224981307983, 0.3558897376060486, 0.3558897376060486, 0.3358395993709564, 0.33709272742271423, 0.3245614171028137, 0.31829574704170227, 0.30200502276420593, 0.3233082592487335, 0.32706767320632935, 0.32581454515457153, 0.32706767320632935, 0.37719297409057617, 0.38847118616104126, 0.3709273040294647, 0.3583959937095642, 0.35087719559669495, 0.33709272742271423, 0.32957392930984497, 0.32706767320632935, 0.33959898352622986, 0.31704261898994446, 0.30451127886772156, 0.29448622465133667, 0.2869674265384674, 0.29323309659957886, 0.2869674265384674, 0.2857142984867096, 0.29323309659957886, 0.30075186491012573, 0.28947368264198303, 0.27819550037384033, 0.28070175647735596, 0.27944862842559814, 0.2719298303127289, 0.25814536213874817, 0.24686716496944427, 0.25438597798347473, 0.259398490190506]
test/correction_patch_cosine: [-0.03040766343474388, -0.009016512893140316, -0.032496530562639236, -0.08060594648122787, -0.08754368126392365, -0.10343223065137863, -0.10385208576917648, -0.10276073217391968, -0.10408805310726166, -0.1149672418832779, -0.11409829556941986, -0.11699318885803223, -0.12686379253864288, -0.14703138172626495, -0.13767801225185394, -0.13288557529449463, -0.1258566677570343, -0.11664634943008423, -0.08953491598367691, -0.07740116119384766, -0.08430757373571396, -0.09751065820455551, -0.10774857550859451, -0.12166936695575714, -0.1310168206691742, -0.13949711620807648, -0.13540205359458923, -0.15141309797763824, -0.16918276250362396, -0.17476128041744232, -0.19008183479309082, -0.19357414543628693, -0.208424910902977, -0.2177429050207138, -0.21790939569473267, -0.20887839794158936, -0.21288374066352844, -0.22286440432071686, -0.22160999476909637, -0.21564166247844696, -0.21083857119083405, -0.23418889939785004, -0.2549474239349365, -0.2555018961429596, -0.2480357438325882]
test/correction_patch_magnitude_ratio: [0.09407049417495728, 0.062452368438243866, 0.04906412959098816, 0.04400169476866722, 0.040669217705726624, 0.03764059767127037, 0.03525250032544136, 0.03335228189826012, 0.032706934958696365, 0.03238202631473541, 0.031856320798397064, 0.030940618366003036, 0.030741943046450615, 0.030240077525377274, 0.02977948635816574, 0.02854584902524948, 0.026925455778837204, 0.02561032772064209, 0.024614959955215454, 0.02358432672917843, 0.02240193448960781, 0.021614082157611847, 0.02136640064418316, 0.020562518388032913, 0.02006700448691845, 0.01960831880569458, 0.019252242520451546, 0.01875118352472782, 0.018536873161792755, 0.01853114552795887, 0.01833098940551281, 0.01782049983739853, 0.01756034418940544, 0.017273781821131706, 0.01679096184670925, 0.01635693572461605, 0.016029000282287598, 0.015729449689388275, 0.015580404549837112, 0.015354755334556103, 0.014995293691754341, 0.01480155996978283, 0.01452381256967783, 0.014438165351748466, 0.014222719706594944]
test/correction_patch_optimal_scalar: [-0.7940024733543396, -0.9604403376579285, -1.1212550401687622, -2.3393359184265137, -3.0611932277679443, -3.5151267051696777, -3.556640386581421, -4.126213550567627, -4.328046798706055, -5.001568794250488, -5.027194976806641, -5.05351448059082, -5.20811653137207, -6.370305061340332, -6.631285190582275, -6.427110195159912, -6.489576816558838, -6.353816509246826, -5.009174823760986, -4.640091896057129, -5.048240661621094, -5.8225531578063965, -6.532153129577637, -7.284698009490967, -8.096435546875, -8.315927505493164, -8.080350875854492, -9.473108291625977, -11.083741188049316, -11.487809181213379, -12.975019454956055, -13.654508590698242, -14.803144454956055, -15.676998138427734, -16.490089416503906, -16.319377899169922, -16.527912139892578, -17.448076248168945, -17.75277328491211, -17.5530948638916, -17.143396377563477, -18.99073028564453, -20.995563507080078, -20.969484329223633, -20.150856018066406]
