[train]
train/correction_beneficial_ratio: 0.5254627466201782
train/correction_beneficial_ratio_far: 0.5343612432479858
train/correction_beneficial_ratio_middle: 0.5266867280006409
train/correction_beneficial_ratio_near: 0.5153403282165527
train/correction_cosine_far: 0.027730122208595276
train/correction_cosine_mean: 0.022867340594530106
train/correction_cosine_middle: 0.026425577700138092
train/correction_cosine_near: 0.014446286484599113
train/correction_magnitude_ratio_far: 0.010621236637234688
train/correction_magnitude_ratio_mean: 0.011567650362849236
train/correction_magnitude_ratio_middle: 0.0111157251521945
train/correction_magnitude_ratio_near: 0.01296598557382822
train/correction_optimal_scalar_far: 4.48795747756958
train/correction_optimal_scalar_mean: 3.3498969078063965
train/correction_optimal_scalar_middle: 3.8368091583251953
train/correction_optimal_scalar_near: 1.724927306175232
train/correction_patch_beneficial_ratio: [0.5009136199951172, 0.5121208429336548, 0.5148008465766907, 0.5085881352424622, 0.5255207419395447, 0.5171153545379639, 0.5283225774765015, 0.5317334532737732, 0.5313680171966553, 0.53453528881073, 0.5205262303352356, 0.5249117016792297, 0.5156535506248474, 0.5280789136886597, 0.5252771377563477, 0.5288098454475403, 0.5448897480964661, 0.5327079892158508, 0.5375807285308838, 0.53453528881073, 0.5367279648780823]
train/correction_patch_cosine: [0.005558332893997431, 0.014221829362213612, 0.01036923099309206, 0.013121752999722958, 0.01954348385334015, 0.015436799265444279, 0.022872556000947952, 0.028803929686546326, 0.02923700399696827, 0.028439201414585114, 0.02129269391298294, 0.025698598474264145, 0.02085760608315468, 0.03064996562898159, 0.02469799667596817, 0.025685526430606842, 0.03648568317294121, 0.02788514830172062, 0.02313457615673542, 0.026530828326940536, 0.029691431671380997]
train/correction_patch_magnitude_ratio: [0.016070017591118813, 0.013794911094009876, 0.013033730909228325, 0.012343628332018852, 0.012101156637072563, 0.011874443851411343, 0.011544004082679749, 0.011456373147666454, 0.011278114281594753, 0.011109757237136364, 0.01106400229036808, 0.011074620299041271, 0.010972661897540092, 0.010854549705982208, 0.01087233517318964, 0.010781517252326012, 0.01076371781527996, 0.01066785492002964, 0.010354986414313316, 0.010474471375346184, 0.010433820076286793]
train/correction_patch_optimal_scalar: [0.3075679838657379, 1.040575623512268, 0.8707846999168396, 1.5683391094207764, 2.6361405849456787, 2.46635365486145, 3.1847000122070312, 4.014389514923096, 4.2715325355529785, 4.340432167053223, 3.1142101287841797, 3.295802116394043, 3.1935067176818848, 4.627777576446533, 3.906574010848999, 3.847484827041626, 5.0721611976623535, 4.624815464019775, 4.25028133392334, 4.681940078735352, 5.032468318939209]
[test]
test/correction_beneficial_ratio: 0.5483768582344055
test/correction_beneficial_ratio_far: 0.5399382710456848
test/correction_beneficial_ratio_middle: 0.5799607038497925
test/correction_beneficial_ratio_near: 0.5252315402030945
test/correction_cosine_far: 0.058048419654369354
test/correction_cosine_mean: 0.06399855017662048
test/correction_cosine_middle: 0.09278541058301926
test/correction_cosine_near: 0.04116171598434448
test/correction_magnitude_ratio_far: 0.010464701801538467
test/correction_magnitude_ratio_mean: 0.011336009949445724
test/correction_magnitude_ratio_middle: 0.01093902625143528
test/correction_magnitude_ratio_near: 0.012604298070073128
test/correction_optimal_scalar_far: 7.530767440795898
test/correction_optimal_scalar_mean: 6.481019973754883
test/correction_optimal_scalar_middle: 8.932415962219238
test/correction_optimal_scalar_near: 2.9798812866210938
test/correction_patch_beneficial_ratio: [0.4919449985027313, 0.48644399642944336, 0.4911591410636902, 0.5343811511993408, 0.5646365284919739, 0.5500982403755188, 0.5579567551612854, 0.5724951028823853, 0.5842829346656799, 0.5838899612426758, 0.586640477180481, 0.5882121920585632, 0.5764243602752686, 0.5677799582481384, 0.5618860721588135, 0.5697445869445801, 0.5587426424026489, 0.545383095741272, 0.5233791470527649, 0.5076620578765869, 0.5127701163291931]
test/correction_patch_cosine: [-0.0034542090725153685, 0.009932458400726318, 0.017609460279345512, 0.048467814922332764, 0.0756765827536583, 0.06821542978286743, 0.07168463617563248, 0.0892849937081337, 0.09461954236030579, 0.0966402217745781, 0.09149307012557983, 0.10026141256093979, 0.0888059064745903, 0.08839327841997147, 0.08780375123023987, 0.08160296082496643, 0.06581784784793854, 0.05301998183131218, 0.03610265627503395, 0.03477286174893379, 0.047218888998031616]
test/correction_patch_magnitude_ratio: [0.014801626093685627, 0.013426280580461025, 0.012572531588375568, 0.0121386107057333, 0.0120118148624897, 0.01170943770557642, 0.011569748632609844, 0.01149059273302555, 0.011341318488121033, 0.011057023890316486, 0.010884575545787811, 0.010821894742548466, 0.01054519135504961, 0.010432570241391659, 0.010532265529036522, 0.01040841918438673, 0.010562298819422722, 0.010541258379817009, 0.010423777624964714, 0.010483883321285248, 0.010301074013113976]
test/correction_patch_optimal_scalar: [0.22731834650039673, 1.1025605201721191, 0.1502983719110489, 3.1925623416900635, 5.825657367706299, 4.744358539581299, 5.6164140701293945, 7.938117027282715, 8.637833595275879, 8.969436645507812, 8.71347713470459, 9.87956428527832, 8.60776424407959, 9.780677795410156, 9.637120246887207, 9.397385597229004, 8.669534683227539, 7.263519287109375, 5.85383939743042, 5.5720062255859375, 6.3219757080078125]
