[train]
train/correction_beneficial_ratio: 0.5081940293312073
train/correction_beneficial_ratio_far: 0.5074183940887451
train/correction_beneficial_ratio_middle: 0.5034210681915283
train/correction_beneficial_ratio_near: 0.5137426257133484
train/correction_cosine_far: 0.05464280769228935
train/correction_cosine_mean: 0.05948227643966675
train/correction_cosine_middle: 0.056111663579940796
train/correction_cosine_near: 0.0676923468708992
train/correction_magnitude_ratio_far: 0.10598328709602356
train/correction_magnitude_ratio_mean: 0.1137491837143898
train/correction_magnitude_ratio_middle: 0.10875670611858368
train/correction_magnitude_ratio_near: 0.12650750577449799
train/correction_optimal_scalar_far: 0.8279300928115845
train/correction_optimal_scalar_mean: 0.9642748236656189
train/correction_optimal_scalar_middle: 1.0156487226486206
train/correction_optimal_scalar_near: 1.0492452383041382
train/correction_patch_beneficial_ratio: [0.5025530457496643, 0.5244361162185669, 0.5142531991004944, 0.5137280225753784, 0.5075423717498779, 0.5066378712654114, 0.5001021027565002, 0.49940186738967896, 0.49709683656692505, 0.5019111037254333, 0.5118023157119751, 0.5188632607460022]
train/correction_patch_cosine: [0.07146458327770233, 0.07690118253231049, 0.059898409992456436, 0.06250525265932083, 0.06253211200237274, 0.06381945312023163, 0.0515565387904644, 0.046538516879081726, 0.04537760093808174, 0.05220852047204971, 0.05892903357744217, 0.06205613911151886]
train/correction_patch_magnitude_ratio: [0.1535133421421051, 0.12104357033967972, 0.11628793925046921, 0.1151852086186409, 0.11219531297683716, 0.10886386781930923, 0.10646215826272964, 0.10750550031661987, 0.10839739441871643, 0.1082126796245575, 0.10496026277542114, 0.10236302763223648]
train/correction_patch_optimal_scalar: [0.67469322681427, 0.982302725315094, 1.2019554376602173, 1.3380348682403564, 1.2476367950439453, 1.0070103406906128, 0.9853142499923706, 0.822631299495697, 0.8860316872596741, 1.0345200300216675, 0.8912588357925415, 0.4999074637889862]
[test]
test/correction_beneficial_ratio: 0.4685468077659607
test/correction_beneficial_ratio_far: 0.48971664905548096
test/correction_beneficial_ratio_middle: 0.4748212695121765
test/correction_beneficial_ratio_near: 0.4411024749279022
test/correction_cosine_far: 0.029511790722608566
test/correction_cosine_mean: 0.009530690498650074
test/correction_cosine_middle: 0.02020692452788353
test/correction_cosine_near: -0.021126706153154373
test/correction_magnitude_ratio_far: 0.1118452399969101
test/correction_magnitude_ratio_mean: 0.11623848229646683
test/correction_magnitude_ratio_middle: 0.11212106794118881
test/correction_magnitude_ratio_near: 0.12474924325942993
test/correction_optimal_scalar_far: 1.1045734882354736
test/correction_optimal_scalar_mean: 0.6140004992485046
test/correction_optimal_scalar_middle: 0.6297780275344849
test/correction_optimal_scalar_near: 0.1076514720916748
test/correction_patch_beneficial_ratio: [0.4698561131954193, 0.4391385018825531, 0.42731043696403503, 0.42810487747192383, 0.4427575170993805, 0.4898049235343933, 0.500838577747345, 0.4658840000629425, 0.47735899686813354, 0.4970429837703705, 0.4980139434337616, 0.4864507019519806]
test/correction_patch_cosine: [0.03574785962700844, -0.01981043443083763, -0.05035673454403877, -0.05008736997842789, -0.021140525117516518, 0.03819514065980911, 0.05233081057667732, 0.011442265473306179, 0.01671917736530304, 0.039759937673807144, 0.03443034738302231, 0.027137799188494682]
test/correction_patch_magnitude_ratio: [0.14960239827632904, 0.11790844798088074, 0.11626030504703522, 0.11522616446018219, 0.11400846391916275, 0.11137212812900543, 0.11044711619615555, 0.11265597492456436, 0.11570295691490173, 0.11421564221382141, 0.10829956829547882, 0.10916277766227722]
test/correction_patch_optimal_scalar: [0.10464593768119812, 0.03548645228147507, 0.17888881266117096, 0.11158238351345062, 0.19415496289730072, 0.8587077856063843, 0.8543007373809814, 0.6119452118873596, 1.347753643989563, 1.5715858936309814, 0.939903974533081, 0.5590506196022034]
