[train]
train/correction_beneficial_ratio: 0.40330299735069275
train/correction_beneficial_ratio_far: 0.4049910306930542
train/correction_beneficial_ratio_middle: 0.3838818073272705
train/correction_beneficial_ratio_near: 0.42103615403175354
train/correction_cosine_far: -0.09645893424749374
train/correction_cosine_mean: -0.093504898250103
train/correction_cosine_middle: -0.12115227431058884
train/correction_cosine_near: -0.06290332973003387
train/correction_magnitude_ratio_far: 0.03388699144124985
train/correction_magnitude_ratio_mean: 0.0361676961183548
train/correction_magnitude_ratio_middle: 0.034249790012836456
train/correction_magnitude_ratio_near: 0.04036625102162361
train/correction_optimal_scalar_far: -1.432005524635315
train/correction_optimal_scalar_mean: -0.8412240743637085
train/correction_optimal_scalar_middle: -1.6477657556533813
train/correction_optimal_scalar_near: 0.556104302406311
train/correction_patch_beneficial_ratio: [0.47167742252349854, 0.43805578351020813, 0.4373248815536499, 0.3989523649215698, 0.3977341949939728, 0.40479961037635803, 0.3987087309360504, 0.38920697569847107, 0.3817760944366455, 0.3732488751411438, 0.3815324604511261, 0.38080155849456787, 0.38591790199279785, 0.39468875527381897, 0.3928614854812622, 0.3985869288444519, 0.40260690450668335, 0.39980509877204895, 0.41357046365737915, 0.4201486110687256, 0.407357782125473]
train/correction_patch_cosine: [-0.009091217070817947, -0.036832064390182495, -0.031620901077985764, -0.08438043296337128, -0.09078098833560944, -0.08484777808189392, -0.10276970267295837, -0.1229553297162056, -0.12149829417467117, -0.13789866864681244, -0.12555402517318726, -0.11942043155431747, -0.11497979611158371, -0.10576111823320389, -0.1068958267569542, -0.10258463770151138, -0.10414879024028778, -0.10638724267482758, -0.08718930929899216, -0.07955346256494522, -0.08845294266939163]
train/correction_patch_magnitude_ratio: [0.04966963455080986, 0.04380775988101959, 0.04136842489242554, 0.03823329880833626, 0.037298571318387985, 0.036559201776981354, 0.0356268510222435, 0.03528513386845589, 0.03484755754470825, 0.034025054425001144, 0.03410369157791138, 0.0338604599237442, 0.03382722660899162, 0.03379970043897629, 0.03368339315056801, 0.03349583223462105, 0.03363576903939247, 0.03375876694917679, 0.03396441042423248, 0.03430449962615967, 0.03436636924743652]
train/correction_patch_optimal_scalar: [1.0390652418136597, 0.9195995926856995, 1.329270839691162, 0.25352901220321655, 0.20518352091312408, 0.3756009340286255, -0.22952528297901154, -1.244667887687683, -1.224855899810791, -2.1644413471221924, -1.6741052865982056, -1.6495298147201538, -1.9404189586639404, -1.6363476514816284, -1.5899579524993896, -1.7211835384368896, -2.025681495666504, -1.9399105310440063, -1.0171523094177246, -0.6451225876808167, -1.0850557088851929]
[test]
test/correction_beneficial_ratio: 0.3686593770980835
test/correction_beneficial_ratio_far: 0.3721582889556885
test/correction_beneficial_ratio_middle: 0.3369070887565613
test/correction_beneficial_ratio_near: 0.39691272377967834
test/correction_cosine_far: -0.10777920484542847
test/correction_cosine_mean: -0.10916180908679962
test/correction_cosine_middle: -0.1452292948961258
test/correction_cosine_near: -0.07447703182697296
test/correction_magnitude_ratio_far: 0.030754143372178078
test/correction_magnitude_ratio_mean: 0.034124214202165604
test/correction_magnitude_ratio_middle: 0.03169769048690796
test/correction_magnitude_ratio_near: 0.03992071375250816
test/correction_optimal_scalar_far: -4.385272979736328
test/correction_optimal_scalar_mean: -3.393962860107422
test/correction_optimal_scalar_middle: -4.661471843719482
test/correction_optimal_scalar_near: -1.1351674795150757
test/correction_patch_beneficial_ratio: [0.4341846704483032, 0.4153241515159607, 0.4333988130092621, 0.39528486132621765, 0.3827112019062042, 0.3685658276081085, 0.34891945123672485, 0.316306471824646, 0.32062867283821106, 0.33241650462150574, 0.341846764087677, 0.341846764087677, 0.3524557948112488, 0.35284870862960815, 0.35638508200645447, 0.36817288398742676, 0.37053045630455017, 0.3673870265483856, 0.36424362659454346, 0.385461688041687, 0.3929273188114166]
test/correction_patch_cosine: [-0.02800983004271984, -0.045559924095869064, -0.03442920744419098, -0.08140601962804794, -0.09737887978553772, -0.10504854470491409, -0.12950655817985535, -0.14889276027679443, -0.15289728343486786, -0.1602604240179062, -0.1472708284854889, -0.147579163312912, -0.13380277156829834, -0.12590116262435913, -0.124283067882061, -0.11719920486211777, -0.11934375762939453, -0.11401677876710892, -0.10288987308740616, -0.09320217370986938, -0.08352004736661911]
test/correction_patch_magnitude_ratio: [0.048382602632045746, 0.043070778250694275, 0.040268540382385254, 0.038270119577646255, 0.03745999187231064, 0.036628514528274536, 0.035364679992198944, 0.03440607711672783, 0.03298185020685196, 0.031233344227075577, 0.03097255900502205, 0.03028935194015503, 0.0307004414498806, 0.03130028396844864, 0.031092297285795212, 0.030702445656061172, 0.030399059876799583, 0.030485957860946655, 0.03041044808924198, 0.030901137739419937, 0.03128795325756073]
test/correction_patch_optimal_scalar: [-0.29886141419410706, -0.7671459317207336, -0.11564137786626816, -1.1339411735534668, -1.5213459730148315, -1.5994681119918823, -2.509768009185791, -3.4879167079925537, -3.893256187438965, -5.15803337097168, -5.016745567321777, -5.4903950691223145, -5.048355579376221, -4.535547733306885, -4.7077178955078125, -4.657989978790283, -4.898627281188965, -4.990893840789795, -4.138859748840332, -3.7226171493530273, -3.5800931453704834]
