[train]
train/correction_beneficial_ratio: 0.5911645889282227
train/correction_beneficial_ratio_far: 0.5932912230491638
train/correction_beneficial_ratio_middle: 0.6050417423248291
train/correction_beneficial_ratio_near: 0.575160801410675
train/correction_cosine_far: 0.09790602326393127
train/correction_cosine_mean: 0.09957996755838394
train/correction_cosine_middle: 0.10648678243160248
train/correction_cosine_near: 0.09434712678194046
train/correction_magnitude_ratio_far: 0.07355418056249619
train/correction_magnitude_ratio_mean: 0.08148554712533951
train/correction_magnitude_ratio_middle: 0.07574724406003952
train/correction_magnitude_ratio_near: 0.09515520185232162
train/correction_optimal_scalar_far: 2.0999603271484375
train/correction_optimal_scalar_mean: 1.841423511505127
train/correction_optimal_scalar_middle: 2.0177812576293945
train/correction_optimal_scalar_near: 1.4065284729003906
train/correction_patch_beneficial_ratio: [0.5635950565338135, 0.6248613595962524, 0.6256653070449829, 0.5933965444564819, 0.5227600336074829, 0.46077290177345276, 0.4517631530761719, 0.5047128200531006, 0.5897926092147827, 0.6350354552268982, 0.6617043614387512, 0.6495065689086914, 0.6214515566825867, 0.5788700580596924, 0.5435240864753723, 0.5313539505004883, 0.5645930171012878, 0.6208693981170654, 0.6472887396812439, 0.6654468774795532, 0.6429363489151001, 0.6170159578323364, 0.5761532783508301, 0.5477655529975891, 0.5408627390861511, 0.5722166895866394, 0.6186792850494385, 0.6421046853065491, 0.6548014879226685, 0.6335384845733643, 0.6139110922813416, 0.5803115963935852, 0.5498170256614685, 0.5490962266921997, 0.5823630690574646, 0.6261366009712219, 0.6458194851875305, 0.6523342132568359, 0.6314315795898438, 0.6001330614089966, 0.5652029514312744, 0.547238826751709, 0.5449933409690857, 0.5815868377685547, 0.6289920210838318]
train/correction_patch_cosine: [0.10043206810951233, 0.14294803142547607, 0.14237776398658752, 0.11583420634269714, 0.05575709044933319, 0.005743780173361301, 8.792151493253186e-05, 0.0468854159116745, 0.10748310387134552, 0.13811923563480377, 0.15336382389068604, 0.142856627702713, 0.12039710581302643, 0.08568605780601501, 0.057234592735767365, 0.052063390612602234, 0.08008042722940445, 0.12379467487335205, 0.14300186932086945, 0.14935629069805145, 0.13229751586914062, 0.11264345049858093, 0.08108868449926376, 0.06316065043210983, 0.06131530925631523, 0.086197629570961, 0.11755019426345825, 0.13339637219905853, 0.13750800490379333, 0.12384670972824097, 0.11230732500553131, 0.08840638399124146, 0.06966133415699005, 0.06743977218866348, 0.09131872653961182, 0.12287023663520813, 0.13303247094154358, 0.13285879790782928, 0.11889480799436569, 0.09982225298881531, 0.07495671510696411, 0.0647672638297081, 0.06892343610525131, 0.09545867890119553, 0.12787212431430817]
train/correction_patch_magnitude_ratio: [0.12813042104244232, 0.10139834135770798, 0.096225805580616, 0.09895110130310059, 0.10486949980258942, 0.1104733794927597, 0.10930149257183075, 0.10172601044178009, 0.09162204712629318, 0.08266755193471909, 0.07627425342798233, 0.0756368562579155, 0.07822615653276443, 0.08354943245649338, 0.08827551454305649, 0.08867764472961426, 0.08464706689119339, 0.07856607437133789, 0.07290910929441452, 0.06919930875301361, 0.06985952705144882, 0.07246570289134979, 0.0773344337940216, 0.08201278746128082, 0.08185296505689621, 0.07870946079492569, 0.07436782866716385, 0.0701155886054039, 0.06715568155050278, 0.06833554059267044, 0.07147758454084396, 0.07617076486349106, 0.0800379067659378, 0.07923062145709991, 0.07616117596626282, 0.0728895366191864, 0.06928303837776184, 0.066917784512043, 0.06792453676462173, 0.0709984302520752, 0.07489804178476334, 0.07749411463737488, 0.07599712163209915, 0.07309209555387497, 0.07074011117219925]
train/correction_patch_optimal_scalar: [0.8598592877388, 1.5169755220413208, 1.7067064046859741, 1.570143699645996, 0.9031867384910583, 0.42306089401245117, 0.4475281536579132, 0.9361543655395508, 1.6867595911026, 2.0790908336639404, 2.301048755645752, 2.1887834072113037, 1.9419612884521484, 1.4296447038650513, 1.1070266962051392, 1.1050242185592651, 1.4936456680297852, 2.1546905040740967, 2.412522315979004, 2.54461932182312, 2.3453822135925293, 2.1212360858917236, 1.6724847555160522, 1.4056928157806396, 1.385736107826233, 1.7517716884613037, 2.2670276165008545, 2.492804527282715, 2.6162917613983154, 2.4977900981903076, 2.458311080932617, 2.065622329711914, 1.732068657875061, 1.6871439218521118, 1.995849609375, 2.4719035625457764, 2.5714378356933594, 2.5333380699157715, 2.3014168739318848, 2.0593831539154053, 1.7012747526168823, 1.5912350416183472, 1.671905517578125, 2.0872151851654053, 2.5712952613830566]
[test]
test/correction_beneficial_ratio: 0.5189590454101562
test/correction_beneficial_ratio_far: 0.5176985859870911
test/correction_beneficial_ratio_middle: 0.5164086818695068
test/correction_beneficial_ratio_near: 0.5227698683738708
test/correction_cosine_far: 0.02373690903186798
test/correction_cosine_mean: 0.03134280443191528
test/correction_cosine_middle: 0.02647140435874462
test/correction_cosine_near: 0.043820060789585114
test/correction_magnitude_ratio_far: 0.05055166035890579
test/correction_magnitude_ratio_mean: 0.05928555130958557
test/correction_magnitude_ratio_middle: 0.05566892772912979
test/correction_magnitude_ratio_near: 0.07163606584072113
test/correction_optimal_scalar_far: 0.5036104321479797
test/correction_optimal_scalar_mean: 0.6627547144889832
test/correction_optimal_scalar_middle: 0.758050262928009
test/correction_optimal_scalar_near: 0.7266033291816711
test/correction_patch_beneficial_ratio: [0.4849287271499634, 0.49714866280555725, 0.49969449639320374, 0.4983706772327423, 0.5016293525695801, 0.5112016201019287, 0.526578426361084, 0.5465376973152161, 0.5697556138038635, 0.5661914348602295, 0.5479633212089539, 0.5378818511962891, 0.5300407409667969, 0.5151731371879578, 0.5084521174430847, 0.5102851390838623, 0.5286150574684143, 0.5589613318443298, 0.5513238310813904, 0.5110998153686523, 0.4968431890010834, 0.5107942819595337, 0.5071282982826233, 0.5128309726715088, 0.5074338316917419, 0.5073319673538208, 0.5215886235237122, 0.5133401155471802, 0.5016293525695801, 0.5069246292114258, 0.5184317827224731, 0.5123217701911926, 0.5117108225822449, 0.5290223956108093, 0.5367617011070251, 0.5465376973152161, 0.5161914229393005, 0.5063136219978333, 0.5059062838554382, 0.5059062838554382, 0.5153768062591553, 0.5215886235237122, 0.5118126273155212, 0.5066191554069519, 0.5209776163101196]
test/correction_patch_cosine: [0.04076738655567169, 0.0410335399210453, 0.033332739025354385, 0.038280703127384186, 0.03821326419711113, 0.042273737490177155, 0.04354081302881241, 0.05469708517193794, 0.07204337418079376, 0.07222084701061249, 0.05509578809142113, 0.04517919942736626, 0.03796509653329849, 0.021702753379940987, 0.020954705774784088, 0.02330668829381466, 0.03387663885951042, 0.05895125865936279, 0.045821093022823334, 0.020876605063676834, 0.018787981942296028, 0.024338051676750183, 0.017707085236907005, 0.02242022380232811, 0.020473472774028778, 0.022143112495541573, 0.036392342299222946, 0.022167641669511795, 0.011888723820447922, 0.017920365557074547, 0.02201281301677227, 0.01856602169573307, 0.024839673191308975, 0.027535099536180496, 0.037910133600234985, 0.046956729143857956, 0.02971242368221283, 0.014404119923710823, 0.01358447689563036, 0.01401065569370985, 0.015370821580290794, 0.024815263226628304, 0.016650887206196785, 0.017645273357629776, 0.032039493322372437]
test/correction_patch_magnitude_ratio: [0.11508285254240036, 0.08746270090341568, 0.07848938554525375, 0.0771532729268074, 0.07650449872016907, 0.07524879276752472, 0.07237856835126877, 0.0692259892821312, 0.06595906615257263, 0.062104787677526474, 0.05792674422264099, 0.057588689029216766, 0.058827124536037445, 0.05994551628828049, 0.06064260005950928, 0.06022931635379791, 0.05903700739145279, 0.058692965656518936, 0.05690903216600418, 0.05446183681488037, 0.05454955995082855, 0.055525243282318115, 0.056710101664066315, 0.05718129128217697, 0.05618689954280853, 0.0551396943628788, 0.05482096970081329, 0.05352281033992767, 0.05113672837615013, 0.05093083158135414, 0.05140725150704384, 0.05209741368889809, 0.05267588049173355, 0.05243345722556114, 0.051996614784002304, 0.05202389508485794, 0.051132362335920334, 0.048967838287353516, 0.048234447836875916, 0.04867102578282356, 0.04943918064236641, 0.05038322135806084, 0.04974301531910896, 0.04929068684577942, 0.0497787706553936]
test/correction_patch_optimal_scalar: [0.2965838313102722, 0.45061227679252625, 0.4459976255893707, 0.46858105063438416, 0.560816764831543, 0.6868929862976074, 0.6799173951148987, 0.8894271850585938, 1.2524648904800415, 1.3127501010894775, 1.0091166496276855, 0.8634457588195801, 0.7380134463310242, 0.5627343654632568, 0.6816980838775635, 0.7612081170082092, 0.8433715105056763, 1.2885524034500122, 1.0678160190582275, 0.5584927797317505, 0.4117961525917053, 0.5616950988769531, 0.5639272928237915, 0.6759752631187439, 0.8240448832511902, 0.8595776557922363, 1.1107720136642456, 0.8281380534172058, 0.5220679044723511, 0.49331799149513245, 0.6786834597587585, 0.7123613953590393, 0.8113781213760376, 0.8839159607887268, 1.101212501525879, 1.1601097583770752, 0.6778282523155212, 0.21417641639709473, 0.0357900932431221, 0.023437514901161194, 0.07014063000679016, 0.2364620864391327, 0.14043356478214264, 0.21378971636295319, 0.5944361686706543]
