[train]
train/correction_beneficial_ratio: 0.507695734500885
train/correction_beneficial_ratio_far: 0.4884193241596222
train/correction_beneficial_ratio_middle: 0.5351719856262207
train/correction_beneficial_ratio_near: 0.49949583411216736
train/correction_cosine_far: -0.005291892681270838
train/correction_cosine_mean: 0.01159218791872263
train/correction_cosine_middle: 0.041763339191675186
train/correction_cosine_near: -0.0016948406118899584
train/correction_magnitude_ratio_far: 0.004075264558196068
train/correction_magnitude_ratio_mean: 0.005141886882483959
train/correction_magnitude_ratio_middle: 0.004403605591505766
train/correction_magnitude_ratio_near: 0.006946790963411331
train/correction_optimal_scalar_far: 1.5004596710205078
train/correction_optimal_scalar_mean: 6.7724456787109375
train/correction_optimal_scalar_middle: 14.164112091064453
train/correction_optimal_scalar_near: 4.652733325958252
train/correction_patch_beneficial_ratio: [0.48887899518013, 0.4681939482688904, 0.458407461643219, 0.4548487663269043, 0.44862100481987, 0.4619661867618561, 0.48776689171791077, 0.49822065234184265, 0.5113434195518494, 0.5162366628646851, 0.5220195651054382, 0.538478672504425, 0.5429270267486572, 0.5487099885940552, 0.5458185076713562, 0.5453736782073975, 0.5480427145957947, 0.5449288487434387, 0.5453736782073975, 0.5487099885940552, 0.5487099885940552, 0.5478202700614929, 0.5435943007469177, 0.5389235019683838, 0.5333629846572876, 0.5278024673461914, 0.517793595790863, 0.5135676264762878, 0.5122330784797668, 0.5113434195518494, 0.504448413848877, 0.49755337834358215, 0.4895462691783905, 0.4882117509841919, 0.49332740902900696, 0.4859875440597534, 0.4721975028514862, 0.4741992950439453, 0.4804270565509796, 0.4866548180580139, 0.49043595790863037, 0.4895462691783905, 0.49043595790863037, 0.4973309636116028, 0.4859875440597534]
train/correction_patch_cosine: [-0.012557238340377808, -0.04155247285962105, -0.04159250110387802, -0.046683162450790405, -0.044901732355356216, -0.04625876247882843, -0.019209573045372963, -0.003577347844839096, 0.008004537783563137, 0.019690897315740585, 0.02734377421438694, 0.03982771188020706, 0.04602501913905144, 0.04635688662528992, 0.043661605566740036, 0.04628690704703331, 0.05110212042927742, 0.05003800243139267, 0.048813097178936005, 0.05050240457057953, 0.04721413552761078, 0.04505986347794533, 0.04346906766295433, 0.04514913260936737, 0.04293476790189743, 0.03904109448194504, 0.03552946448326111, 0.033235348761081696, 0.028061307966709137, 0.02001245506107807, 0.014638259075582027, 0.008994214236736298, 0.00011703170457622036, -0.005544946528971195, -0.008124733343720436, -0.012799725867807865, -0.01446488220244646, -0.012059747241437435, -0.00919665489345789, -0.007940593175590038, -0.010571293532848358, -0.009675492532551289, -0.0074092186987400055, -0.0031906042713671923, -0.0021501106675714254]
train/correction_patch_magnitude_ratio: [0.015390792861580849, 0.010048809461295605, 0.008325018920004368, 0.007589035667479038, 0.007093875668942928, 0.006696703378111124, 0.006197860464453697, 0.00584946945309639, 0.0056293862871825695, 0.005449557211250067, 0.005342641845345497, 0.005298773292452097, 0.00523412274196744, 0.005087465513497591, 0.004968324676156044, 0.004895017948001623, 0.004763066302984953, 0.004612253978848457, 0.0044956086203455925, 0.004419074859470129, 0.00439765490591526, 0.004379692487418652, 0.004403883591294289, 0.0043772985227406025, 0.004342680796980858, 0.004275944083929062, 0.004259645473212004, 0.004193659871816635, 0.004132616799324751, 0.004106021951884031, 0.004108627792447805, 0.004107792861759663, 0.00414717011153698, 0.004148994106799364, 0.004122936632484198, 0.004110332112759352, 0.004102624487131834, 0.004059068392962217, 0.0040314411744475365, 0.0040187775157392025, 0.004008257295936346, 0.003996093291789293, 0.004022812936455011, 0.00405200757086277, 0.004092030692845583]
train/correction_patch_optimal_scalar: [-0.27553680539131165, -2.9437685012817383, -0.36758193373680115, -0.31329214572906494, -1.587023138999939, -2.9020049571990967, 1.0913606882095337, 3.694537878036499, 3.8925511837005615, 4.938694000244141, 8.365708351135254, 12.35712718963623, 14.141587257385254, 14.4006986618042, 15.29788589477539, 16.81028938293457, 17.916078567504883, 17.340354919433594, 18.072099685668945, 18.756811141967773, 17.53502655029297, 17.37380027770996, 17.76521110534668, 16.26728630065918, 13.9177827835083, 11.762332916259766, 9.886369705200195, 8.778494834899902, 6.625004291534424, 3.655052661895752, 1.9736016988754272, 0.2787873148918152, -2.0049445629119873, -2.8161568641662598, -2.7347116470336914, -3.581339120864868, -3.3890271186828613, -1.3873790502548218, 1.6655503511428833, 3.1046876907348633, 2.888456106185913, 4.139997482299805, 6.726040840148926, 8.683237075805664, 8.96033763885498]
[test]
test/correction_beneficial_ratio: 0.2834864854812622
test/correction_beneficial_ratio_far: 0.17076022922992706
test/correction_beneficial_ratio_middle: 0.26357561349868774
test/correction_beneficial_ratio_near: 0.416123628616333
test/correction_cosine_far: -0.44198769330978394
test/correction_cosine_mean: -0.284476101398468
test/correction_cosine_middle: -0.2975102961063385
test/correction_cosine_near: -0.11393073946237564
test/correction_magnitude_ratio_far: 0.0025983452796936035
test/correction_magnitude_ratio_mean: 0.004123024642467499
test/correction_magnitude_ratio_middle: 0.003403771435841918
test/correction_magnitude_ratio_near: 0.006366955582052469
test/correction_optimal_scalar_far: -205.29185485839844
test/correction_optimal_scalar_mean: -121.04560089111328
test/correction_optimal_scalar_middle: -122.35133361816406
test/correction_optimal_scalar_near: -35.493595123291016
test/correction_patch_beneficial_ratio: [0.5275689363479614, 0.49373432993888855, 0.5250626802444458, 0.5463659167289734, 0.5225563645362854, 0.4874686598777771, 0.44736841320991516, 0.3897243142127991, 0.3709273040294647, 0.33834585547447205, 0.3208020031452179, 0.32832080125808716, 0.31578946113586426, 0.30451127886772156, 0.3233082592487335, 0.31453633308410645, 0.3233082592487335, 0.31328320503234863, 0.30451127886772156, 0.2957393527030945, 0.30200502276420593, 0.29197993874549866, 0.2869674265384674, 0.2756892144680023, 0.2506265640258789, 0.20802004635334015, 0.21177944540977478, 0.19674184918403625, 0.18295739591121674, 0.19548872113227844, 0.190476194024086, 0.19924812018871307, 0.20426064729690552, 0.20802004635334015, 0.21052631735801697, 0.19924812018871307, 0.18546365201473236, 0.1791979968547821, 0.17167919874191284, 0.14536340534687042, 0.13408520817756653, 0.13533835113048553, 0.13283208012580872, 0.1303258091211319, 0.13533835113048553]
test/correction_patch_cosine: [-0.009061451070010662, -0.041211798787117004, -0.009387572295963764, -0.004051905125379562, -0.0297301784157753, -0.06772108376026154, -0.10505437105894089, -0.13336507976055145, -0.16156698763370514, -0.1669083535671234, -0.1759183257818222, -0.18092021346092224, -0.19694572687149048, -0.2112315148115158, -0.21588575839996338, -0.215554341673851, -0.22157515585422516, -0.23330169916152954, -0.23892351984977722, -0.24557803571224213, -0.24878254532814026, -0.2565453350543976, -0.2688445448875427, -0.29941901564598083, -0.3286512494087219, -0.3571234941482544, -0.37182295322418213, -0.38487139344215393, -0.39293748140335083, -0.3987218737602234, -0.40484485030174255, -0.41169431805610657, -0.4128592312335968, -0.41282856464385986, -0.41180935502052307, -0.4238521456718445, -0.43040478229522705, -0.4409429430961609, -0.445078045129776, -0.4576585292816162, -0.4681740999221802, -0.4730348587036133, -0.47879618406295776, -0.4777938723564148, -0.48004043102264404]
test/correction_patch_magnitude_ratio: [0.01365061104297638, 0.009572840295732021, 0.007802335079759359, 0.007071003783494234, 0.006517152301967144, 0.006015112157911062, 0.0056132059544324875, 0.005185380578041077, 0.005052776075899601, 0.005091938655823469, 0.005100265610963106, 0.004911032970994711, 0.004748210310935974, 0.0046095713041722775, 0.004562956281006336, 0.00434420770034194, 0.004033966921269894, 0.0037688652519136667, 0.003631141036748886, 0.0034962210338562727, 0.0034237473737448454, 0.003361683338880539, 0.003331814194098115, 0.0032629896886646748, 0.003214234719052911, 0.0031249334570020437, 0.0030826686415821314, 0.0030424618162214756, 0.0029863249510526657, 0.0029512769542634487, 0.002907379297539592, 0.0028477306477725506, 0.0028441702015697956, 0.002822200069203973, 0.0027783140540122986, 0.0026945096906274557, 0.0026443114038556814, 0.002573604229837656, 0.0025160459335893393, 0.0024519157595932484, 0.0024029810447245836, 0.0023675330448895693, 0.00236473698168993, 0.0023775354493409395, 0.002382218139246106]
test/correction_patch_optimal_scalar: [3.1026418209075928, 0.45322275161743164, 9.984481811523438, 8.015067100524902, -3.566596508026123, -16.39834976196289, -25.423004150390625, -35.46986770629883, -46.56494903564453, -54.23978805541992, -59.9265022277832, -68.31917572021484, -75.46720886230469, -82.78763580322266, -85.79611206054688, -86.09869384765625, -91.9565200805664, -95.96076965332031, -97.44063568115234, -97.23466491699219, -98.13636779785156, -101.58162689208984, -107.11538696289062, -120.41312408447266, -134.08978271484375, -145.42996215820312, -151.77552795410156, -162.26548767089844, -170.214599609375, -175.5577392578125, -182.8832244873047, -186.79029846191406, -187.26373291015625, -190.58505249023438, -194.9852752685547, -199.32302856445312, -201.86012268066406, -209.2137908935547, -212.85107421875, -215.66943359375, -218.691162109375, -221.892578125, -223.34075927734375, -219.25689697265625, -214.7708282470703]
