[train]
train/correction_beneficial_ratio: 0.5249357223510742
train/correction_beneficial_ratio_far: 0.5235171914100647
train/correction_beneficial_ratio_middle: 0.5461891889572144
train/correction_beneficial_ratio_near: 0.5051008462905884
train/correction_cosine_far: 0.05320938676595688
train/correction_cosine_mean: 0.044881273061037064
train/correction_cosine_middle: 0.05783190205693245
train/correction_cosine_near: 0.023602493107318878
train/correction_magnitude_ratio_far: 0.011110128834843636
train/correction_magnitude_ratio_mean: 0.0203291866928339
train/correction_magnitude_ratio_middle: 0.01511650811880827
train/correction_magnitude_ratio_near: 0.034760911017656326
train/correction_optimal_scalar_far: 7.239474296569824
train/correction_optimal_scalar_mean: 4.813879489898682
train/correction_optimal_scalar_middle: 5.039127826690674
train/correction_optimal_scalar_near: 2.163036823272705
train/correction_patch_beneficial_ratio: [0.4693060517311096, 0.4637455642223358, 0.47330960631370544, 0.47108539938926697, 0.4799821972846985, 0.48887899518013, 0.5142349004745483, 0.5126779079437256, 0.5035586953163147, 0.5157918334007263, 0.5162366628646851, 0.5300266742706299, 0.5351423621177673, 0.5495996475219727, 0.5529359579086304, 0.5564946532249451, 0.5529359579086304, 0.5553825497627258, 0.5540480613708496, 0.559608519077301, 0.5540480613708496, 0.5513790249824524, 0.5482650995254517, 0.546040952205658, 0.5395907759666443, 0.5255783200263977, 0.5275800824165344, 0.5413700938224792, 0.543149471282959, 0.5373665690422058, 0.5329181551933289, 0.5351423621177673, 0.5407028198242188, 0.54025799036026, 0.5366992950439453, 0.5342526435852051, 0.5213522911071777, 0.5157918334007263, 0.5055605173110962, 0.5146797299385071, 0.5213522911071777, 0.5173487663269043, 0.5120106935501099, 0.5088967680931091, 0.5157918334007263]
train/correction_patch_cosine: [-0.0009353711502626538, -0.01104547269642353, -0.012846958823502064, -0.01622423715889454, -0.011322109028697014, -0.006296755280345678, 0.015275523997843266, 0.0252893827855587, 0.03104378841817379, 0.04302027449011803, 0.048726506531238556, 0.05291731655597687, 0.05857834219932556, 0.06666958332061768, 0.0711878165602684, 0.07206661999225616, 0.06923756003379822, 0.06322063505649567, 0.06338229775428772, 0.066517174243927, 0.06341233849525452, 0.061340902000665665, 0.05508976802229881, 0.054967477917671204, 0.04883742332458496, 0.040099676698446274, 0.044264424592256546, 0.05290199816226959, 0.0556025505065918, 0.05653807520866394, 0.05736704543232918, 0.0628691092133522, 0.06140784174203873, 0.05852000042796135, 0.055332306772470474, 0.05117539316415787, 0.04841316118836403, 0.04887416586279869, 0.048663899302482605, 0.051479779183864594, 0.05227873474359512, 0.051568254828453064, 0.04985964670777321, 0.04936552047729492, 0.050965793430805206]
train/correction_patch_magnitude_ratio: [0.08539102971553802, 0.05977189913392067, 0.04872540384531021, 0.04233155772089958, 0.03776865452528, 0.03375956416130066, 0.030801596119999886, 0.028233706951141357, 0.02624090202152729, 0.024624697864055634, 0.023043518885970116, 0.021832214668393135, 0.020653018727898598, 0.01951676234602928, 0.018719114363193512, 0.01810624822974205, 0.01749412715435028, 0.01686668023467064, 0.016418198123574257, 0.015966324135661125, 0.015737151727080345, 0.015283876098692417, 0.014913507737219334, 0.014588040299713612, 0.014244157820940018, 0.013965407386422157, 0.013700596988201141, 0.013482504524290562, 0.013152877800166607, 0.012828030623495579, 0.0125735430046916, 0.012384233996272087, 0.012201707810163498, 0.011865481734275818, 0.011608287692070007, 0.011447501368820667, 0.011300884187221527, 0.011156061664223671, 0.010963278822600842, 0.010732309892773628, 0.010480469092726707, 0.010221079923212528, 0.010024960152804852, 0.009888849221169949, 0.009803306311368942]
train/correction_patch_optimal_scalar: [0.049813661724328995, 0.049639541655778885, -0.07099241018295288, -0.34020087122917175, 0.10863850265741348, 0.7487807869911194, 1.5042983293533325, 2.0385210514068604, 2.534987211227417, 3.049588918685913, 3.6517438888549805, 4.040627956390381, 4.530727386474609, 5.032246112823486, 5.5171074867248535, 5.4469404220581055, 4.999019145965576, 4.548914909362793, 4.539560317993164, 5.164374351501465, 5.155535697937012, 5.3191237449646, 5.299594402313232, 5.597019195556641, 5.109443187713623, 4.37108850479126, 4.782259464263916, 5.207466125488281, 5.031886577606201, 5.014689922332764, 5.528162002563477, 6.3073554039001465, 6.399420261383057, 6.364553928375244, 6.440720081329346, 6.469079494476318, 6.016611576080322, 6.084761142730713, 6.709167003631592, 7.8775553703308105, 8.122777938842773, 8.853060722351074, 9.359647750854492, 9.019335746765137, 9.039908409118652]
[test]
test/correction_beneficial_ratio: 0.3267892003059387
test/correction_beneficial_ratio_far: 0.25104427337646484
test/correction_beneficial_ratio_middle: 0.32130324840545654
test/correction_beneficial_ratio_near: 0.4080200493335724
test/correction_cosine_far: -0.29750800132751465
test/correction_cosine_mean: -0.19996850192546844
test/correction_cosine_middle: -0.20013678073883057
test/correction_cosine_near: -0.10226030647754669
test/correction_magnitude_ratio_far: 0.006966419983655214
test/correction_magnitude_ratio_mean: 0.014693825505673885
test/correction_magnitude_ratio_middle: 0.010890450328588486
test/correction_magnitude_ratio_near: 0.02622462622821331
test/correction_optimal_scalar_far: -60.021724700927734
test/correction_optimal_scalar_mean: -30.384193420410156
test/correction_optimal_scalar_middle: -26.493955612182617
test/correction_optimal_scalar_near: -4.636907577514648
test/correction_patch_beneficial_ratio: [0.35338345170021057, 0.39724311232566833, 0.39849624037742615, 0.3721804618835449, 0.3834586441516876, 0.3934836983680725, 0.41102758049964905, 0.4260651767253876, 0.42230576276779175, 0.44611528515815735, 0.43483710289001465, 0.4047619104385376, 0.40852129459381104, 0.429824560880661, 0.4385964870452881, 0.4385964870452881, 0.41102758049964905, 0.39724311232566833, 0.3947368562221527, 0.37343358993530273, 0.3358395993709564, 0.308270663022995, 0.28195488452911377, 0.2756892144680023, 0.26566416025161743, 0.26942354440689087, 0.2756892144680023, 0.27067670226097107, 0.2631579041481018, 0.25814536213874817, 0.25313282012939453, 0.25313282012939453, 0.26817041635513306, 0.25814536213874817, 0.25814536213874817, 0.261904776096344, 0.2606516182422638, 0.24436090886592865, 0.2493734359741211, 0.25563910603523254, 0.25313282012939453, 0.24436090886592865, 0.24060150980949402, 0.23558896780014038, 0.22932331264019012]
test/correction_patch_cosine: [-0.0829939991235733, -0.0866359993815422, -0.09575137495994568, -0.13454774022102356, -0.13620510697364807, -0.11328297853469849, -0.1150117814540863, -0.11523039638996124, -0.10244167596101761, -0.08214955031871796, -0.08495277911424637, -0.10674455016851425, -0.1100282147526741, -0.08973314613103867, -0.07819490134716034, -0.08542947471141815, -0.1079585999250412, -0.12205461412668228, -0.13118219375610352, -0.1450553834438324, -0.17457060515880585, -0.21174713969230652, -0.23947934806346893, -0.24263864755630493, -0.24705739319324493, -0.24960680305957794, -0.25457295775413513, -0.25832340121269226, -0.26482775807380676, -0.26755040884017944, -0.267050176858902, -0.27648043632507324, -0.27396360039711, -0.2855091691017151, -0.286009818315506, -0.28625962138175964, -0.28824594616889954, -0.3012116849422455, -0.29816269874572754, -0.2949783205986023, -0.3003440797328949, -0.31487447023391724, -0.32681724429130554, -0.330660343170166, -0.33205604553222656]
test/correction_patch_magnitude_ratio: [0.07153722643852234, 0.04834311828017235, 0.0365893580019474, 0.03012039326131344, 0.026547472923994064, 0.023617226630449295, 0.021355880424380302, 0.019851716235280037, 0.018877068534493446, 0.01793535053730011, 0.017139432951807976, 0.016234779730439186, 0.015534406527876854, 0.01502078678458929, 0.01466495729982853, 0.014348781667649746, 0.013830943964421749, 0.01316810678690672, 0.012405489571392536, 0.011850071139633656, 0.011446728371083736, 0.010909502394497395, 0.010470626875758171, 0.01008585188537836, 0.009710834361612797, 0.009424000047147274, 0.009167575277388096, 0.008961601182818413, 0.008856305852532387, 0.00872033555060625, 0.00850773137062788, 0.008240035735070705, 0.008066674694418907, 0.007879193872213364, 0.007612762972712517, 0.007370459847152233, 0.007165556773543358, 0.006978754419833422, 0.006647702772170305, 0.00640941271558404, 0.006225719582289457, 0.00604260666295886, 0.005900442600250244, 0.005767232272773981, 0.00568196177482605]
test/correction_patch_optimal_scalar: [-1.6183011531829834, -2.301309585571289, -2.6200499534606934, -3.9059813022613525, -4.783234119415283, -3.6588222980499268, -4.223903179168701, -4.270010948181152, -5.3588175773620605, -3.9072840213775635, -5.428901672363281, -6.7689714431762695, -7.637758255004883, -6.7994279861450195, -6.270862579345703, -7.789025783538818, -10.415700912475586, -11.511869430541992, -12.897262573242188, -15.59749984741211, -19.55863380432129, -24.382183074951172, -29.347259521484375, -31.844266891479492, -32.30655288696289, -34.73397445678711, -37.94838333129883, -40.562076568603516, -42.90672302246094, -45.60776901245117, -47.74562072753906, -50.62602615356445, -51.6280403137207, -55.52766799926758, -56.33924102783203, -57.36713790893555, -58.76375961303711, -61.23208236694336, -61.351600646972656, -62.11484909057617, -63.24016189575195, -65.50653839111328, -68.61235046386719, -69.94569396972656, -70.32504272460938]
