[train]
train/correction_beneficial_ratio: 0.4678424000740051
train/correction_beneficial_ratio_far: 0.47654950618743896
train/correction_beneficial_ratio_middle: 0.4764728546142578
train/correction_beneficial_ratio_near: 0.45050477981567383
train/correction_cosine_far: -0.011513259261846542
train/correction_cosine_mean: -0.013845597393810749
train/correction_cosine_middle: -0.007627689279615879
train/correction_cosine_near: -0.02239581011235714
train/correction_magnitude_ratio_far: 0.00824869703501463
train/correction_magnitude_ratio_mean: 0.009574071504175663
train/correction_magnitude_ratio_middle: 0.009346299804747105
train/correction_magnitude_ratio_near: 0.011127220466732979
train/correction_optimal_scalar_far: -0.8015539050102234
train/correction_optimal_scalar_mean: 0.12802031636238098
train/correction_optimal_scalar_middle: 2.1537415981292725
train/correction_optimal_scalar_near: -0.9681225419044495
train/correction_patch_beneficial_ratio: [0.4382108747959137, 0.4622364342212677, 0.46236422657966614, 0.43412140011787415, 0.4486900866031647, 0.46274760365486145, 0.4466453790664673, 0.4600639045238495, 0.4481789171695709, 0.4470287561416626, 0.4346325993537903, 0.4534185230731964, 0.4495846629142761, 0.44932907819747925, 0.46031948924064636, 0.4561022222042084, 0.46172523498535156, 0.4664536714553833, 0.4548242688179016, 0.4674760401248932, 0.4766773283481598, 0.4728434383869171, 0.4764217138290405, 0.48575079441070557, 0.4854952096939087, 0.48779553174972534, 0.49162939190864563, 0.47961661219596863, 0.4961022436618805, 0.48817890882492065, 0.48702874779701233, 0.5000638961791992, 0.4912460148334503, 0.4750159680843353, 0.4865175783634186, 0.4806389808654785, 0.4750159680843353, 0.47936102747917175, 0.4730990529060364, 0.4727156460285187, 0.47399359941482544, 0.4664536714553833, 0.4598083198070526, 0.4650479257106781, 0.4622364342212677]
train/correction_patch_cosine: [-0.027835849672555923, -0.015868740156292915, -0.016885051503777504, -0.03430609405040741, -0.023346448317170143, -0.014850455336272717, -0.026423968374729156, -0.019035104662179947, -0.020896533504128456, -0.026573844254016876, -0.02806132100522518, -0.01882685348391533, -0.023228608071804047, -0.02272103540599346, -0.017077121883630753, -0.0186308566480875, -0.008520854637026787, -0.012923436239361763, -0.017236487939953804, -0.011035469360649586, -0.008153598755598068, -0.013848263770341873, -0.006630918476730585, -0.0015238170744851232, -0.005038883071392775, -0.0015091239474713802, -0.0011249170638620853, -0.0082315718755126, 0.0025045834481716156, -0.002512268489226699, -0.007678247056901455, -0.001860970165580511, -0.007542558945715427, -0.013011855073273182, -0.0075960950925946236, -0.011315694078803062, -0.01571955345571041, -0.0135356979444623, -0.00954560749232769, -0.010572289116680622, -0.008899334818124771, -0.011707830242812634, -0.017950478941202164, -0.01757924072444439, -0.018183492124080658]
train/correction_patch_magnitude_ratio: [0.014531194232404232, 0.01286776177585125, 0.012438375502824783, 0.011694325134158134, 0.011418763548135757, 0.011232852935791016, 0.010944229550659657, 0.010666299611330032, 0.010485606268048286, 0.0104192104190588, 0.010151714086532593, 0.010082787834107876, 0.010081051848828793, 0.00993805006146431, 0.009956123307347298, 0.00987747497856617, 0.009764363057911396, 0.00975325983017683, 0.009613433852791786, 0.009475989267230034, 0.009478850290179253, 0.009433714672923088, 0.009404035285115242, 0.009374888613820076, 0.009277320466935635, 0.009112142957746983, 0.009049883112311363, 0.008971789851784706, 0.00884469784796238, 0.008762604556977749, 0.008729145862162113, 0.00864153541624546, 0.008588782511651516, 0.0085540059953928, 0.00846625491976738, 0.008386286906898022, 0.008330034092068672, 0.008258725516498089, 0.00819652620702982, 0.008193833753466606, 0.008037436753511429, 0.007902303710579872, 0.007878676056861877, 0.0078085605055093765, 0.007758331950753927]
train/correction_patch_optimal_scalar: [-1.853978157043457, -0.8321114182472229, -0.9020354747772217, -2.8394508361816406, -1.6697564125061035, -0.8453879356384277, -1.8800866603851318, -0.7104272246360779, -0.8838517069816589, -1.18912672996521, -0.7732470035552979, 0.055857252329587936, -0.46366164088249207, -0.21088814735412598, 0.47627195715904236, 0.49572187662124634, 2.006824016571045, 1.835385799407959, 1.2560120820999146, 1.8870402574539185, 2.3817923069000244, 1.7989474534988403, 2.619655132293701, 3.356863260269165, 2.6505231857299805, 2.7456421852111816, 2.629922866821289, 1.6697204113006592, 2.822624683380127, 2.149451971054077, 0.7184057831764221, 1.488923192024231, 0.7541237473487854, -0.4253012239933014, 0.15029558539390564, -0.04303054139018059, -0.8646913766860962, -0.44845345616340637, -0.5623115301132202, -1.0386661291122437, -1.1613128185272217, -2.3279314041137695, -3.060483694076538, -2.386740207672119, -2.8161518573760986]
[test]
test/correction_beneficial_ratio: 0.3264743685722351
test/correction_beneficial_ratio_far: 0.29905906319618225
test/correction_beneficial_ratio_middle: 0.2761992812156677
test/correction_beneficial_ratio_near: 0.40416473150253296
test/correction_cosine_far: -0.10553500056266785
test/correction_cosine_mean: -0.09110082685947418
test/correction_cosine_middle: -0.11909911036491394
test/correction_cosine_near: -0.04866848513484001
test/correction_magnitude_ratio_far: 0.010079868137836456
test/correction_magnitude_ratio_mean: 0.011818517930805683
test/correction_magnitude_ratio_middle: 0.011567509733140469
test/correction_magnitude_ratio_near: 0.013808180578052998
test/correction_optimal_scalar_far: -11.10340690612793
test/correction_optimal_scalar_mean: -9.197607040405273
test/correction_optimal_scalar_middle: -11.899405479431152
test/correction_optimal_scalar_near: -4.590032577514648
test/correction_patch_beneficial_ratio: [0.5404905080795288, 0.4974548816680908, 0.5229060649871826, 0.435446560382843, 0.43452104926109314, 0.45210549235343933, 0.3896344304084778, 0.43683481216430664, 0.3752892315387726, 0.37158721685409546, 0.34521055221557617, 0.33826932311058044, 0.31605738401412964, 0.3035631775856018, 0.3031004071235657, 0.30819064378738403, 0.3132808804512024, 0.2901434600353241, 0.27070799469947815, 0.26978251338005066, 0.2549745440483093, 0.2577510476112366, 0.24664507806301117, 0.2670060098171234, 0.26422953605651855, 0.26284128427505493, 0.27070799469947815, 0.2855159640312195, 0.2878296971321106, 0.2933827042579651, 0.2804257273674011, 0.29847294092178345, 0.31189262866973877, 0.3068023920059204, 0.3003239333629608, 0.27626100182533264, 0.28412771224975586, 0.2614530324935913, 0.2804257273674011, 0.29199445247650146, 0.31050440669059753, 0.32484960556030273, 0.311429888010025, 0.3290143311023712, 0.317908376455307]
test/correction_patch_cosine: [0.02815241552889347, 0.0026750569231808186, 0.00814788043498993, -0.024960296228528023, -0.029245123267173767, -0.02654007263481617, -0.04860423877835274, -0.026964066550135612, -0.05811251327395439, -0.06322483718395233, -0.07769705355167389, -0.08928477019071579, -0.11144625395536423, -0.10637418925762177, -0.10654965788125992, -0.10123012214899063, -0.10342822223901749, -0.12084727734327316, -0.12689262628555298, -0.1175536960363388, -0.12442824244499207, -0.1294099986553192, -0.11799708008766174, -0.11927072703838348, -0.12654107809066772, -0.12240449339151382, -0.13360215723514557, -0.12399233877658844, -0.10617726296186447, -0.11270955204963684, -0.12054285407066345, -0.0934407114982605, -0.09905294328927994, -0.10470064729452133, -0.10208962112665176, -0.11584881693124771, -0.11717089265584946, -0.11818033456802368, -0.11994786560535431, -0.10805942863225937, -0.09680746495723724, -0.10131964832544327, -0.10055432468652725, -0.09185538440942764, -0.0934537798166275]
test/correction_patch_magnitude_ratio: [0.01691320724785328, 0.015630193054676056, 0.01516785565763712, 0.014581183902919292, 0.014351358637213707, 0.014306203462183475, 0.014111802913248539, 0.013790375553071499, 0.013404695317149162, 0.013128187507390976, 0.012735439464449883, 0.012486593797802925, 0.012275620363652706, 0.012149995192885399, 0.012089916504919529, 0.012161368504166603, 0.012120244093239307, 0.012186465784907341, 0.012221266515552998, 0.01192669291049242, 0.011865651234984398, 0.011678005568683147, 0.011376027017831802, 0.011221952736377716, 0.01109926588833332, 0.011074983514845371, 0.011197882704436779, 0.01110806129872799, 0.011142394505441189, 0.011132240295410156, 0.011157030239701271, 0.011109622195363045, 0.011008859612047672, 0.010699956677854061, 0.010514650493860245, 0.010407542809844017, 0.010038717649877071, 0.009985798969864845, 0.009820700623095036, 0.00970119796693325, 0.009608623571693897, 0.00947651918977499, 0.009389479644596577, 0.009197395294904709, 0.00908207893371582]
test/correction_patch_optimal_scalar: [1.6137460470199585, -0.19573666155338287, -0.134240061044693, -2.376600980758667, -3.047348976135254, -2.6651742458343506, -4.379644870758057, -2.1053621768951416, -3.7137303352355957, -4.96826696395874, -7.297544956207275, -8.211420059204102, -9.781014442443848, -10.719009399414062, -10.869009971618652, -10.497281074523926, -10.759754180908203, -12.291952133178711, -11.772343635559082, -11.560113906860352, -12.28184986114502, -12.108929634094238, -11.566606521606445, -12.162803649902344, -12.662312507629395, -13.128256797790527, -14.442607879638672, -12.080053329467773, -10.224536895751953, -10.951518058776855, -10.902424812316895, -8.631922721862793, -9.67470645904541, -9.513946533203125, -10.205052375793457, -12.113153457641602, -12.260540008544922, -12.682951927185059, -14.186789512634277, -12.035811424255371, -10.405145645141602, -11.416681289672852, -10.927932739257812, -10.545001983642578, -11.048986434936523]
