[train]
train/correction_beneficial_ratio: 0.49626415967941284
train/correction_beneficial_ratio_far: 0.4967748522758484
train/correction_beneficial_ratio_middle: 0.4858457148075104
train/correction_beneficial_ratio_near: 0.5061719417572021
train/correction_cosine_far: 0.004704998806118965
train/correction_cosine_mean: 0.005338367540389299
train/correction_cosine_middle: -0.004780139774084091
train/correction_cosine_near: 0.016090212389826775
train/correction_magnitude_ratio_far: 0.019060682505369186
train/correction_magnitude_ratio_mean: 0.023433303460478783
train/correction_magnitude_ratio_middle: 0.02066762000322342
train/correction_magnitude_ratio_near: 0.03057161346077919
train/correction_optimal_scalar_far: 2.5740907192230225
train/correction_optimal_scalar_mean: 2.2787487506866455
train/correction_optimal_scalar_middle: 1.384390950202942
train/correction_optimal_scalar_near: 2.8777623176574707
train/correction_patch_beneficial_ratio: [0.49183979630470276, 0.5236602425575256, 0.5253889560699463, 0.5194409489631653, 0.5071932673454285, 0.4896129369735718, 0.4860675632953644, 0.48234638571739197, 0.4829030930995941, 0.4780685007572174, 0.48469042778015137, 0.4756658673286438, 0.4959711730480194, 0.501274585723877, 0.4969087839126587, 0.49028685688972473, 0.4996337294578552, 0.4972896873950958, 0.5026810169219971, 0.49362713098526, 0.4969967007637024]
train/correction_patch_cosine: [0.008093275129795074, 0.0328761488199234, 0.03646590933203697, 0.025143984705209732, 0.012395140714943409, 0.0026051525492221117, -0.004948127549141645, -0.006863119080662727, -0.006381443701684475, -0.014468023553490639, -0.007687119301408529, -0.014153333380818367, 0.001713974867016077, 0.014378337189555168, 0.005176624283194542, -0.0035606862511485815, 0.006485779769718647, 0.010761095210909843, 0.00984383188188076, 0.0025254273787140846, 0.001702872570604086]
train/correction_patch_magnitude_ratio: [0.048143208026885986, 0.03462463617324829, 0.030909184366464615, 0.028157353401184082, 0.025239882990717888, 0.024311905726790428, 0.022615185007452965, 0.02118821255862713, 0.02053803950548172, 0.020786041393876076, 0.02109968289732933, 0.021823139861226082, 0.02017710544168949, 0.019061051309108734, 0.018249578773975372, 0.018288148567080498, 0.01887032948434353, 0.019708244130015373, 0.019635403528809547, 0.01918622851371765, 0.01948682963848114]
train/correction_patch_optimal_scalar: [0.8053657412528992, 1.7904187440872192, 4.219682693481445, 4.4295501708984375, 2.5749878883361816, 2.862215042114258, 3.462111711502075, 4.022820472717285, 2.940866231918335, 1.9078377485275269, 1.3264051675796509, -0.1879039704799652, -0.75429368019104, 0.4350225329399109, 2.112999200820923, 1.7999037504196167, 2.2300000190734863, 3.4589548110961914, 3.4737937450408936, 2.461261749267578, 2.4817147254943848]
[test]
test/correction_beneficial_ratio: 0.48630180954933167
test/correction_beneficial_ratio_far: 0.49166613817214966
test/correction_beneficial_ratio_middle: 0.4807969927787781
test/correction_beneficial_ratio_near: 0.48644229769706726
test/correction_cosine_far: 0.004220874048769474
test/correction_cosine_mean: -0.003482180880382657
test/correction_cosine_middle: -0.007077434565871954
test/correction_cosine_near: -0.0075898850336670876
test/correction_magnitude_ratio_far: 0.017625000327825546
test/correction_magnitude_ratio_mean: 0.020212816074490547
test/correction_magnitude_ratio_middle: 0.018218258395791054
test/correction_magnitude_ratio_near: 0.024795183911919594
test/correction_optimal_scalar_far: 6.51765251159668
test/correction_optimal_scalar_mean: 5.257946968078613
test/correction_optimal_scalar_middle: 5.9734110832214355
test/correction_optimal_scalar_near: 3.28277587890625
test/correction_patch_beneficial_ratio: [0.47733572125434875, 0.48591864109039307, 0.4716137647628784, 0.48198479413986206, 0.49539563059806824, 0.5042467713356018, 0.48860079050064087, 0.48019668459892273, 0.4810907542705536, 0.4705409109592438, 0.4777827560901642, 0.4957532286643982, 0.48940545320510864, 0.47080913186073303, 0.473670095205307, 0.4749217629432678, 0.4923558235168457, 0.5111309885978699, 0.4970943331718445, 0.48725971579551697, 0.5052302479743958]
test/correction_patch_cosine: [-0.009965230710804462, -0.017374278977513313, -0.022151445969939232, -0.017753077670931816, -0.003950174897909164, 0.012227198109030724, 0.00583758857101202, -0.007843678817152977, -0.014341192319989204, -0.016581647098064423, -0.006527891382575035, 0.006838011089712381, 0.002676870208233595, -0.013762750662863255, -0.013701002113521099, -0.011508769355714321, 0.005895294714719057, 0.024797840043902397, 0.008486580103635788, -0.00031237752409651875, 0.015888355672359467]
test/correction_patch_magnitude_ratio: [0.03678736090660095, 0.026377741247415543, 0.024529658257961273, 0.02278401516377926, 0.021205611526966095, 0.02165861241519451, 0.02022327296435833, 0.018129052594304085, 0.017468569800257683, 0.01793307065963745, 0.018499374389648438, 0.019751030951738358, 0.01865050010383129, 0.017096299678087234, 0.016362112015485764, 0.016745924949645996, 0.01782062277197838, 0.018739869818091393, 0.018309427425265312, 0.01747051253914833, 0.017926562577486038]
test/correction_patch_optimal_scalar: [-0.365531325340271, 0.6746365427970886, 5.515617370605469, 6.323808193206787, 3.550196886062622, 4.78282356262207, 2.497873544692993, 2.511906623840332, 11.979212760925293, 9.319796562194824, 4.973482608795166, 4.829621315002441, 4.149803161621094, 4.05003023147583, 5.863115310668945, 5.225834369659424, 4.470109462738037, 6.281356334686279, 7.528294563293457, 6.75499963760376, 9.499897003173828]
