[train]
train/correction_beneficial_ratio: 0.4193255305290222
train/correction_beneficial_ratio_far: 0.4270671010017395
train/correction_beneficial_ratio_middle: 0.4144153296947479
train/correction_beneficial_ratio_near: 0.41649413108825684
train/correction_cosine_far: -0.07119055837392807
train/correction_cosine_mean: -0.07137072831392288
train/correction_cosine_middle: -0.06924951821565628
train/correction_cosine_near: -0.0736721009016037
train/correction_magnitude_ratio_far: 0.019470863044261932
train/correction_magnitude_ratio_mean: 0.02319364808499813
train/correction_magnitude_ratio_middle: 0.02199333906173706
train/correction_magnitude_ratio_near: 0.028116732835769653
train/correction_optimal_scalar_far: -1.5587681531906128
train/correction_optimal_scalar_mean: -0.9879652857780457
train/correction_optimal_scalar_middle: -0.8700419068336487
train/correction_optimal_scalar_near: -0.5350881218910217
train/correction_patch_beneficial_ratio: [0.48498404026031494, 0.44613417983055115, 0.4176357686519623, 0.42210862040519714, 0.42913737893104553, 0.4149520695209503, 0.3976996839046478, 0.378530353307724, 0.3833865821361542, 0.3971884846687317, 0.40945687890052795, 0.426581472158432, 0.41904154419898987, 0.41546326875686646, 0.40511181950569153, 0.42108625173568726, 0.4162300229072571, 0.3985942602157593, 0.41469648480415344, 0.4088178873062134, 0.4092012643814087, 0.40702876448631287, 0.4173801839351654, 0.3997444212436676, 0.4205750823020935, 0.4039616584777832, 0.4213418662548065, 0.4282428026199341, 0.4307987093925476, 0.41853034496307373, 0.41431310772895813, 0.4191693365573883, 0.42313098907470703, 0.4173801839351654, 0.40792331099510193, 0.4113737940788269, 0.42952075600624084, 0.4322044849395752, 0.43654951453208923, 0.4389776289463043, 0.43948882818222046, 0.4356549382209778, 0.43872204422950745, 0.43591055274009705, 0.42568689584732056]
train/correction_patch_cosine: [0.004770086612552404, -0.026525676250457764, -0.060444630682468414, -0.061898473650217056, -0.06066000089049339, -0.07333778589963913, -0.09626507759094238, -0.11599374562501907, -0.10889234393835068, -0.09823553264141083, -0.08131666481494904, -0.06749129295349121, -0.08233679085969925, -0.08485683798789978, -0.09159734100103378, -0.07760387659072876, -0.074654720723629, -0.08002938330173492, -0.06213683634996414, -0.06704577803611755, -0.07185400277376175, -0.07983793318271637, -0.07440818846225739, -0.07935216277837753, -0.06628381460905075, -0.07596878707408905, -0.05937156453728676, -0.05338830128312111, -0.05476289987564087, -0.06204453855752945, -0.0666644349694252, -0.06362167000770569, -0.06293423473834991, -0.0709938332438469, -0.08011221140623093, -0.08208082616329193, -0.07326777279376984, -0.07525436580181122, -0.06841939687728882, -0.06856916844844818, -0.06801268458366394, -0.07048962265253067, -0.0724167600274086, -0.06818998605012894, -0.07683096081018448]
train/correction_patch_magnitude_ratio: [0.03917216137051582, 0.03274839371442795, 0.030970487743616104, 0.02950868010520935, 0.028964707627892494, 0.028052445501089096, 0.027348821982741356, 0.027187207713723183, 0.026666197925806046, 0.026570171117782593, 0.02606618031859398, 0.025114789605140686, 0.024835724383592606, 0.024454377591609955, 0.024090692400932312, 0.02388816513121128, 0.02369857020676136, 0.02328621782362461, 0.023086735978722572, 0.022633248940110207, 0.022284770384430885, 0.022289201617240906, 0.021858103573322296, 0.021530427038669586, 0.021279562264680862, 0.021089820191264153, 0.020703960210084915, 0.020912224426865578, 0.020714422687888145, 0.020644715055823326, 0.02069280855357647, 0.02058650553226471, 0.020548516884446144, 0.02024831809103489, 0.019969457760453224, 0.019805867224931717, 0.019499897956848145, 0.019596397876739502, 0.01936795935034752, 0.01933492347598076, 0.018952935934066772, 0.018523909151554108, 0.01869090460240841, 0.01825595833361149, 0.017988646402955055]
train/correction_patch_optimal_scalar: [0.4159230887889862, 0.7588399648666382, 0.0679873451590538, 0.047804512083530426, -0.08076078444719315, -0.34933558106422424, -1.3495333194732666, -2.3584814071655273, -1.8782962560653687, -0.9779095649719238, -0.15678657591342926, 0.4484938979148865, -0.600781261920929, -0.711302638053894, -1.3021646738052368, -0.7910332083702087, -1.2852462530136108, -1.7494583129882812, -0.7594541311264038, -1.069739580154419, -1.5399905443191528, -1.69931161403656, -1.3831180334091187, -1.6302489042282104, -0.16934816539287567, -0.6125601530075073, 0.22770342230796814, 0.005306260194629431, 0.24991026520729065, -0.8440435528755188, -1.4026497602462769, -0.9828319549560547, -0.7456244826316833, -1.4100362062454224, -2.372274398803711, -3.1945383548736572, -2.805126905441284, -2.0232813358306885, -1.1048675775527954, -0.8681395053863525, -0.5892508029937744, -0.8566369414329529, -1.3345927000045776, -1.1993557214736938, -2.4923083782196045]
[test]
test/correction_beneficial_ratio: 0.3292405903339386
test/correction_beneficial_ratio_far: 0.31670522689819336
test/correction_beneficial_ratio_middle: 0.30236002802848816
test/correction_beneficial_ratio_near: 0.3686564862728119
test/correction_cosine_far: -0.16066861152648926
test/correction_cosine_mean: -0.15550865232944489
test/correction_cosine_middle: -0.18623051047325134
test/correction_cosine_near: -0.1196269690990448
test/correction_magnitude_ratio_far: 0.02081674337387085
test/correction_magnitude_ratio_mean: 0.024516548961400986
test/correction_magnitude_ratio_middle: 0.0237965639680624
test/correction_magnitude_ratio_near: 0.0289363544434309
test/correction_optimal_scalar_far: -8.633130073547363
test/correction_optimal_scalar_mean: -7.93606424331665
test/correction_optimal_scalar_middle: -9.696134567260742
test/correction_optimal_scalar_near: -5.478940486907959
test/correction_patch_beneficial_ratio: [0.4692271947860718, 0.4451642632484436, 0.4118463695049286, 0.4238778352737427, 0.4109208583831787, 0.37482646107673645, 0.34844979643821716, 0.32161036133766174, 0.31929662823677063, 0.32392409443855286, 0.31744563579559326, 0.33595559000968933, 0.35585376620292664, 0.35168904066085815, 0.3197593688964844, 0.32484960556030273, 0.30726516246795654, 0.2998611629009247, 0.3058769106864929, 0.2980101704597473, 0.3035631775856018, 0.3123553991317749, 0.29939842224121094, 0.29754742980003357, 0.3100416362285614, 0.2956964373588562, 0.27811199426651, 0.2855159640312195, 0.3021749258041382, 0.31513187289237976, 0.3267005980014801, 0.3257751166820526, 0.3322535753250122, 0.31189262866973877, 0.28505322337150574, 0.2980101704597473, 0.311429888010025, 0.2989356815814972, 0.3109671473503113, 0.3031004071235657, 0.3132808804512024, 0.3220731019973755, 0.32299861311912537, 0.34058305621147156, 0.3475242853164673]
test/correction_patch_cosine: [-0.008962372317910194, -0.032179802656173706, -0.060786325484514236, -0.06822565943002701, -0.08408312499523163, -0.1309807151556015, -0.15849879384040833, -0.1670123189687729, -0.16541501879692078, -0.157839834690094, -0.1512022614479065, -0.14477147161960602, -0.13572129607200623, -0.147000253200531, -0.1817241907119751, -0.1702435314655304, -0.178595170378685, -0.18961678445339203, -0.18828508257865906, -0.19153331220149994, -0.18492481112480164, -0.19044247269630432, -0.1996716558933258, -0.2068302482366562, -0.19896522164344788, -0.20398427546024323, -0.20581907033920288, -0.18227235972881317, -0.15879227221012115, -0.14348025619983673, -0.13068774342536926, -0.12941907346248627, -0.13024862110614777, -0.1462457925081253, -0.16941504180431366, -0.16667962074279785, -0.16215917468070984, -0.16918237507343292, -0.16475605964660645, -0.1767836958169937, -0.18333323299884796, -0.18109598755836487, -0.1769680678844452, -0.1623302698135376, -0.1607242226600647]
test/correction_patch_magnitude_ratio: [0.03864376246929169, 0.03321849927306175, 0.030949432402849197, 0.029984120279550552, 0.03007853589951992, 0.029558008536696434, 0.028757208958268166, 0.02866576798260212, 0.027837010100483894, 0.02706989273428917, 0.026738446205854416, 0.02589382231235504, 0.025909345597028732, 0.025635389611124992, 0.025105901062488556, 0.025153571739792824, 0.025002362206578255, 0.024238433688879013, 0.02348443865776062, 0.023490535095334053, 0.023590391501784325, 0.023551348596811295, 0.023137418553233147, 0.023402273654937744, 0.023608993738889694, 0.023588066920638084, 0.023147527128458023, 0.023914316669106483, 0.023915976285934448, 0.023722978308796883, 0.023826170712709427, 0.023666154593229294, 0.02389947511255741, 0.023198822513222694, 0.022777104750275612, 0.02220921218395233, 0.021159039810299873, 0.020716264843940735, 0.020094918087124825, 0.01966552808880806, 0.01898667961359024, 0.018404347822070122, 0.01838574931025505, 0.017877936363220215, 0.017383450642228127]
test/correction_patch_optimal_scalar: [0.12077994644641876, 0.18608282506465912, -1.138733148574829, -1.5158817768096924, -2.467360734939575, -5.088770389556885, -6.844760417938232, -7.843164443969727, -8.341416358947754, -7.94048547744751, -7.612282752990723, -7.602488040924072, -8.002036094665527, -8.314116477966309, -9.779380798339844, -8.796647071838379, -9.602462768554688, -10.616466522216797, -10.413151741027832, -10.873915672302246, -10.599787712097168, -10.919750213623047, -10.415014266967773, -10.312152862548828, -9.392241477966309, -9.929353713989258, -10.5473051071167, -9.213887214660645, -7.526329040527344, -6.28346061706543, -5.652949333190918, -5.375905513763428, -5.604467391967773, -6.429585933685303, -7.841468811035156, -8.338289260864258, -8.774775505065918, -9.43334674835205, -9.664847373962402, -10.19687271118164, -10.479416847229004, -10.549459457397461, -10.35094928741455, -10.093554496765137, -10.711034774780273]
