[train]
train/correction_beneficial_ratio: 0.4834788739681244
train/correction_beneficial_ratio_far: 0.5109435319900513
train/correction_beneficial_ratio_middle: 0.48909905552864075
train/correction_beneficial_ratio_near: 0.45039403438568115
train/correction_cosine_far: 0.014108107425272465
train/correction_cosine_mean: -0.004165638238191605
train/correction_cosine_middle: 0.003415063489228487
train/correction_cosine_near: -0.030020060017704964
train/correction_magnitude_ratio_far: 0.015343190170824528
train/correction_magnitude_ratio_mean: 0.0195859856903553
train/correction_magnitude_ratio_middle: 0.018472986295819283
train/correction_magnitude_ratio_near: 0.024941790848970413
train/correction_optimal_scalar_far: 1.7886886596679688
train/correction_optimal_scalar_mean: 0.9957782030105591
train/correction_optimal_scalar_middle: 1.5509954690933228
train/correction_optimal_scalar_near: -0.3523528575897217
train/correction_patch_beneficial_ratio: [0.4474121332168579, 0.43654951453208923, 0.4194249212741852, 0.42492014169692993, 0.4360383450984955, 0.442044734954834, 0.4520127773284912, 0.4642811417579651, 0.4536741077899933, 0.4518849849700928, 0.4598083198070526, 0.4681150019168854, 0.4646645486354828, 0.46453672647476196, 0.47054311633110046, 0.4541853070259094, 0.4736102223396301, 0.4848562180995941, 0.49137380719184875, 0.48178914189338684, 0.4890734851360321, 0.4676038324832916, 0.485878586769104, 0.4958466589450836, 0.4907348155975342, 0.4967412054538727, 0.5069648623466492, 0.4992971122264862, 0.5132268667221069, 0.5053035020828247, 0.5030031800270081, 0.5035143494606018, 0.4918849766254425, 0.49303513765335083, 0.49162939190864563, 0.5136102437973022, 0.5028753876686096, 0.5134824514389038, 0.5161661505699158, 0.5134824514389038, 0.5272843241691589, 0.530351459980011, 0.509904146194458, 0.5279233455657959, 0.5260064005851746]
train/correction_patch_cosine: [-0.029963994398713112, -0.04401453211903572, -0.0550810843706131, -0.05227841064333916, -0.03790048509836197, -0.0325842946767807, -0.02491302229464054, -0.015374028123915195, -0.02325090393424034, -0.027783503755927086, -0.02965589426457882, -0.026496661826968193, -0.019541257992386818, -0.014055026695132256, -0.017408030107617378, -0.025226103141903877, -0.010792874731123447, 0.001834564725868404, 0.005200759042054415, -0.000426074635470286, 0.0052583240903913975, -0.011741908267140388, -0.001092002261430025, 0.013302561827003956, 0.003402545116841793, 0.010993503965437412, 0.017569661140441895, 0.0043062567710876465, 0.023377900943160057, 0.01525874063372612, 0.011189526878297329, 0.013220589607954025, 0.007370919920504093, 0.0035675878170877695, -0.0023598175030201674, 0.010772617533802986, 0.0074377646669745445, 0.01265045627951622, 0.019355347380042076, 0.014092685654759407, 0.023902835324406624, 0.0224311500787735, 0.01601681113243103, 0.02863459475338459, 0.023338496685028076]
train/correction_patch_magnitude_ratio: [0.03786412626504898, 0.03073365055024624, 0.028691517189145088, 0.025931764394044876, 0.026078220456838608, 0.025428852066397667, 0.02460264414548874, 0.024214623495936394, 0.023088792338967323, 0.022348521277308464, 0.021628547459840775, 0.02111607789993286, 0.020786546170711517, 0.020978519693017006, 0.020634299144148827, 0.019961250945925713, 0.02004491165280342, 0.02016517147421837, 0.019878612831234932, 0.01940956711769104, 0.019096029922366142, 0.018534859642386436, 0.018468433991074562, 0.018551597371697426, 0.01799798756837845, 0.017654482275247574, 0.01741141453385353, 0.016579046845436096, 0.01691375859081745, 0.01642776094377041, 0.016455845907330513, 0.016538938507437706, 0.01611489988863468, 0.015835266560316086, 0.015508349984884262, 0.015348966233432293, 0.015297962352633476, 0.015261645428836346, 0.015412505716085434, 0.01509047020226717, 0.015143278986215591, 0.014769903384149075, 0.014378724619746208, 0.014688801020383835, 0.014302223920822144]
train/correction_patch_optimal_scalar: [-0.3271362781524658, -0.9483286738395691, -1.1389912366867065, -1.3101527690887451, -0.6696104407310486, -0.36363181471824646, 0.08668326586484909, 0.42671364545822144, 0.0264399703592062, -0.22694064676761627, -0.5319193601608276, -0.6894334554672241, -0.09482073783874512, 0.3249214291572571, 0.15093909204006195, -0.2753814458847046, 0.6373425722122192, 1.2921513319015503, 1.6173349618911743, 1.282291293144226, 1.565430760383606, 0.6637136340141296, 1.3916471004486084, 2.3048417568206787, 1.7052969932556152, 2.08408522605896, 2.5286896228790283, 1.4301401376724243, 2.733405590057373, 2.303952217102051, 1.786167025566101, 1.7437489032745361, 1.2734731435775757, 1.0218318700790405, 0.4587051272392273, 1.5731074810028076, 1.597726583480835, 1.9280623197555542, 2.5485002994537354, 2.0889945030212402, 2.355013370513916, 2.1424365043640137, 1.7388969659805298, 2.5888898372650146, 1.9847880601882935]
[test]
test/correction_beneficial_ratio: 0.4590775966644287
test/correction_beneficial_ratio_far: 0.48449790477752686
test/correction_beneficial_ratio_middle: 0.40616998076438904
test/correction_beneficial_ratio_near: 0.48656487464904785
test/correction_cosine_far: 0.013502911664545536
test/correction_cosine_mean: -0.010232606902718544
test/correction_cosine_middle: -0.05446687713265419
test/correction_cosine_near: 0.010266142897307873
test/correction_magnitude_ratio_far: 0.018746720626950264
test/correction_magnitude_ratio_mean: 0.021893393248319626
test/correction_magnitude_ratio_middle: 0.02096644975244999
test/correction_magnitude_ratio_near: 0.025967048481106758
test/correction_optimal_scalar_far: -0.3535275459289551
test/correction_optimal_scalar_mean: -1.0057264566421509
test/correction_optimal_scalar_middle: -3.641005516052246
test/correction_optimal_scalar_near: 0.9773531556129456
test/correction_patch_beneficial_ratio: [0.45349374413490295, 0.42248958349227905, 0.42341509461402893, 0.39703840017318726, 0.45580750703811646, 0.488199919462204, 0.49097639322280884, 0.5386395454406738, 0.5381767749786377, 0.5354002714157104, 0.5252197980880737, 0.5168903470039368, 0.5067098736763, 0.5025451183319092, 0.5034705996513367, 0.45441925525665283, 0.432207316160202, 0.4428505301475525, 0.4021286368370056, 0.39148542284965515, 0.4141601026058197, 0.3507635295391083, 0.36279499530792236, 0.40166589617729187, 0.40490514039993286, 0.41230911016464233, 0.43452104926109314, 0.3975011706352234, 0.40027764439582825, 0.3905599117279053, 0.4086071252822876, 0.42248958349227905, 0.44146227836608887, 0.4363720417022705, 0.44331327080726624, 0.4770939350128174, 0.48912540078163147, 0.5076353549957275, 0.5539102554321289, 0.5233688354492188, 0.508560836315155, 0.5016196370124817, 0.49976861476898193, 0.5155020952224731, 0.5386395454406738]
test/correction_patch_cosine: [-0.02209760993719101, -0.039162758737802505, -0.0434257946908474, -0.057631611824035645, 0.0051450286991894245, 0.0106789106503129, 0.018279382959008217, 0.05046098679304123, 0.04411942511796951, 0.04293873906135559, 0.03654605150222778, 0.029656974598765373, 0.021491190418601036, 0.02740742266178131, 0.029586058109998703, -0.017060313373804092, -0.025605181232094765, -0.024127453565597534, -0.06616432964801788, -0.0735572800040245, -0.051913514733314514, -0.10885085165500641, -0.09319370985031128, -0.06020371988415718, -0.05250862240791321, -0.03697437420487404, -0.023383866995573044, -0.06782681494951248, -0.049915067851543427, -0.06571875512599945, -0.049929648637771606, -0.03432038798928261, -0.021248139441013336, -0.02848874218761921, -0.02277143858373165, 0.0034197887871414423, 0.027230996638536453, 0.04138219729065895, 0.0712055191397667, 0.041146691888570786, 0.029221748933196068, 0.025921346619725227, 0.020172525197267532, 0.04128309339284897, 0.058318499475717545]
test/correction_patch_magnitude_ratio: [0.034622225910425186, 0.029670195654034615, 0.027888549491763115, 0.025775250047445297, 0.027112770825624466, 0.02642897143959999, 0.026568226516246796, 0.026507196947932243, 0.025057533755898476, 0.02407131716609001, 0.02356879785656929, 0.0232817642390728, 0.0231331679970026, 0.02311401627957821, 0.022705787792801857, 0.021915871649980545, 0.022409096360206604, 0.02269536443054676, 0.022236866876482964, 0.02187730185687542, 0.02133861929178238, 0.020618541166186333, 0.020549453794956207, 0.020618900656700134, 0.020005138590931892, 0.020092127844691277, 0.02046286128461361, 0.01937113143503666, 0.020520176738500595, 0.019784854725003242, 0.02029377594590187, 0.0205583106726408, 0.019896546378731728, 0.01921067014336586, 0.01899923011660576, 0.01870097778737545, 0.0185150895267725, 0.018682030960917473, 0.019003722816705704, 0.018385348841547966, 0.018513530492782593, 0.018068857491016388, 0.017273079603910446, 0.01780327595770359, 0.017296208068728447]
test/correction_patch_optimal_scalar: [-0.2705429792404175, -1.2665287256240845, -1.8647119998931885, -2.6948487758636475, 0.19825780391693115, 0.7613943815231323, 1.253367304801941, 2.748603582382202, 2.5871939659118652, 2.5321786403656006, 2.1996822357177734, 2.1153011322021484, 2.0162172317504883, 2.336383104324341, 2.0083537101745605, -0.6474792957305908, -1.1615101099014282, -1.458388328552246, -3.289634943008423, -4.191816806793213, -3.7870497703552246, -6.8382368087768555, -6.362284183502197, -4.791893482208252, -4.060268402099609, -3.4036176204681396, -2.3353569507598877, -4.81522798538208, -3.4512383937835693, -4.021082401275635, -3.093778610229492, -2.2918241024017334, -1.8797590732574463, -2.6995961666107178, -2.7624399662017822, -0.9808830618858337, 0.6531696319580078, 1.1476892232894897, 2.57155442237854, 0.6333358287811279, -0.3469327390193939, -0.3586770296096802, -0.2356744408607483, 1.2378731966018677, 3.1030325889587402]
