[train]
train/correction_beneficial_ratio: 0.5090463757514954
train/correction_beneficial_ratio_far: 0.5286183953285217
train/correction_beneficial_ratio_middle: 0.5233454704284668
train/correction_beneficial_ratio_near: 0.47517532110214233
train/correction_cosine_far: 0.06732797622680664
train/correction_cosine_mean: 0.053762368857860565
train/correction_cosine_middle: 0.06553737074136734
train/correction_cosine_near: 0.028421740978956223
train/correction_magnitude_ratio_far: 0.06517130881547928
train/correction_magnitude_ratio_mean: 0.07025659829378128
train/correction_magnitude_ratio_middle: 0.06935184448957443
train/correction_magnitude_ratio_near: 0.07624655216932297
train/correction_optimal_scalar_far: 1.0179046392440796
train/correction_optimal_scalar_mean: 0.6026176810264587
train/correction_optimal_scalar_middle: 0.7631174325942993
train/correction_optimal_scalar_near: 0.026829661801457405
train/correction_patch_beneficial_ratio: [0.4538920819759369, 0.46059203147888184, 0.4621756672859192, 0.4854428172111511, 0.48337191343307495, 0.48288464546203613, 0.4978681802749634, 0.5012790560722351, 0.5117554068565369, 0.5314898490905762, 0.5292971134185791, 0.5327079892158508, 0.5267389416694641, 0.5301498174667358, 0.5303934812545776, 0.5266171097755432, 0.5286880135536194, 0.5316116213798523, 0.534778892993927, 0.5241807699203491, 0.5240589380264282]
train/correction_patch_cosine: [0.0025528189726173878, 0.012361031025648117, 0.020991411060094833, 0.034898608922958374, 0.04013120383024216, 0.03969850391149521, 0.04831878840923309, 0.0537111721932888, 0.05619880557060242, 0.06517212837934494, 0.06695710867643356, 0.07433474063873291, 0.07205911725759506, 0.0703284963965416, 0.07089335471391678, 0.07145895063877106, 0.06865520775318146, 0.06844610720872879, 0.06543032824993134, 0.06421752274036407, 0.062194325029850006]
train/correction_patch_magnitude_ratio: [0.083100825548172, 0.07916798442602158, 0.07701411098241806, 0.07498521357774734, 0.07388266921043396, 0.0731845274567604, 0.07239074259996414, 0.07175510376691818, 0.07098177075386047, 0.06995393335819244, 0.06911910325288773, 0.0684102326631546, 0.0678570419549942, 0.06738557666540146, 0.06685018539428711, 0.06611549109220505, 0.06594476848840714, 0.06556258350610733, 0.06470304727554321, 0.06396651268005371, 0.06305701285600662]
train/correction_patch_optimal_scalar: [-0.45429134368896484, -0.2809719145298004, -0.10674377530813217, 0.098398856818676, 0.19559447467327118, 0.2581736147403717, 0.4776460826396942, 0.5936018824577332, 0.5933105945587158, 0.7096487283706665, 0.7234764695167542, 0.8619468212127686, 0.9149094223976135, 0.9449321627616882, 0.9636210203170776, 1.0220921039581299, 0.9961376190185547, 1.0487680435180664, 1.0261296033859253, 1.0454835891723633, 1.023106336593628]
[test]
test/correction_beneficial_ratio: 0.522668182849884
test/correction_beneficial_ratio_far: 0.5179343223571777
test/correction_beneficial_ratio_middle: 0.5488632917404175
test/correction_beneficial_ratio_near: 0.5012068748474121
test/correction_cosine_far: 0.07923543453216553
test/correction_cosine_mean: 0.07601531594991684
test/correction_cosine_middle: 0.09617844969034195
test/correction_cosine_near: 0.05263211205601692
test/correction_magnitude_ratio_far: 0.07623066753149033
test/correction_magnitude_ratio_mean: 0.07894270122051239
test/correction_magnitude_ratio_middle: 0.07843806594610214
test/correction_magnitude_ratio_near: 0.08215944468975067
test/correction_optimal_scalar_far: -0.39846429228782654
test/correction_optimal_scalar_mean: -0.2802674174308777
test/correction_optimal_scalar_middle: -0.04357275366783142
test/correction_optimal_scalar_near: -0.3987652063369751
test/correction_patch_beneficial_ratio: [0.4550098180770874, 0.46836936473846436, 0.4758349657058716, 0.5080550312995911, 0.5265225768089294, 0.532023549079895, 0.5426326394081116, 0.5536345839500427, 0.5563850402832031, 0.5705304741859436, 0.555206298828125, 0.5332023501396179, 0.5304518938064575, 0.5426326394081116, 0.535559892654419, 0.5222004055976868, 0.5072691440582275, 0.5068762302398682, 0.5143418312072754, 0.523772120475769, 0.5155206322669983]
test/correction_patch_cosine: [0.011434131301939487, 0.030807381495833397, 0.04294612258672714, 0.059381745755672455, 0.06934740394353867, 0.0734831839799881, 0.08102509379386902, 0.09155390411615372, 0.09654949605464935, 0.10669665783643723, 0.1025407686829567, 0.08896306157112122, 0.0928078293800354, 0.09413696825504303, 0.09282302111387253, 0.08330532163381577, 0.06978748738765717, 0.07095815241336823, 0.0719204694032669, 0.08126336336135864, 0.0845901295542717]
test/correction_patch_magnitude_ratio: [0.08417263627052307, 0.08263961225748062, 0.08185168355703354, 0.0820205807685852, 0.08158478885889053, 0.08141881227493286, 0.08142787963151932, 0.08088716119527817, 0.07986043393611908, 0.07864867150783539, 0.07810169458389282, 0.07770636677742004, 0.0767538771033287, 0.07710803300142288, 0.07729348540306091, 0.07675296813249588, 0.07631418853998184, 0.07613936811685562, 0.07603570073843002, 0.07579269260168076, 0.07528617978096008]
test/correction_patch_optimal_scalar: [-0.7697679996490479, -0.5896466374397278, -0.5137782692909241, -0.34086543321609497, -0.19717098772525787, -0.19539706408977509, -0.18473048508167267, -0.028607342392206192, 0.014634830877184868, 0.1397383064031601, 0.0484498031437397, -0.17658250033855438, -0.14620383083820343, -0.15643763542175293, -0.1804504543542862, -0.44914132356643677, -0.612290620803833, -0.5995100140571594, -0.49570390582084656, -0.24867691099643707, -0.20347675681114197]
