[train]
train/correction_beneficial_ratio: 0.5312623381614685
train/correction_beneficial_ratio_far: 0.5360320210456848
train/correction_beneficial_ratio_middle: 0.5525949001312256
train/correction_beneficial_ratio_near: 0.5051601529121399
train/correction_cosine_far: 0.04528028890490532
train/correction_cosine_mean: 0.03898855671286583
train/correction_cosine_middle: 0.05791643261909485
train/correction_cosine_near: 0.013768848963081837
train/correction_magnitude_ratio_far: 0.01020841021090746
train/correction_magnitude_ratio_mean: 0.015487357042729855
train/correction_magnitude_ratio_middle: 0.012246208265423775
train/correction_magnitude_ratio_near: 0.02400744892656803
train/correction_optimal_scalar_far: 8.601086616516113
train/correction_optimal_scalar_mean: 5.79096794128418
train/correction_optimal_scalar_middle: 7.404916286468506
train/correction_optimal_scalar_near: 1.366900086402893
train/correction_patch_beneficial_ratio: [0.48576512932777405, 0.46975088119506836, 0.4528469741344452, 0.4590747356414795, 0.45862990617752075, 0.4813167154788971, 0.5180160403251648, 0.5242437720298767, 0.5269128084182739, 0.5369216799736023, 0.5306939482688904, 0.5324733257293701, 0.5344750881195068, 0.5311387777328491, 0.5351423621177673, 0.5389235019683838, 0.5491548180580139, 0.5680605173110962, 0.5693950057029724, 0.5631672739982605, 0.5613878965377808, 0.5471529960632324, 0.5549377202987671, 0.5587188601493835, 0.5576067566871643, 0.5536032319068909, 0.541814923286438, 0.5378113985061646, 0.5422598123550415, 0.5449288487434387, 0.5502669215202332, 0.5438167452812195, 0.5369216799736023, 0.5353647470474243, 0.540035605430603, 0.5360320210456848, 0.5311387777328491, 0.5342526435852051, 0.5320284962654114, 0.5351423621177673, 0.5315836071968079, 0.5318060517311096, 0.5340302586555481, 0.5373665690422058, 0.5306939482688904]
train/correction_patch_cosine: [0.010186237283051014, -0.025451280176639557, -0.030701380223035812, -0.025781458243727684, -0.022490577772259712, -0.006224136799573898, 0.0190642848610878, 0.030481310561299324, 0.031533997505903244, 0.033933889120817184, 0.034129925072193146, 0.037952061742544174, 0.037521496415138245, 0.04026215896010399, 0.042116679251194, 0.04735250771045685, 0.054743457585573196, 0.05910676717758179, 0.058364324271678925, 0.055774085223674774, 0.056733638048172, 0.05355630815029144, 0.05525391548871994, 0.059207554906606674, 0.0595615915954113, 0.05832085758447647, 0.05922405794262886, 0.062256768345832825, 0.06447279453277588, 0.06481828540563583, 0.06288739293813705, 0.05759229138493538, 0.05288972333073616, 0.050611961632966995, 0.05001427233219147, 0.04918574541807175, 0.04757487401366234, 0.04459909349679947, 0.0392167866230011, 0.03532030060887337, 0.03305704891681671, 0.036024440079927444, 0.039264269173145294, 0.042328089475631714, 0.038638416677713394]
train/correction_patch_magnitude_ratio: [0.0632065087556839, 0.03915414214134216, 0.031060731038451195, 0.026995599269866943, 0.024160148575901985, 0.02214984968304634, 0.020347392186522484, 0.019099241122603416, 0.018151186406612396, 0.017350690439343452, 0.016830064356327057, 0.01634601503610611, 0.015775959938764572, 0.014970486052334309, 0.014513812027871609, 0.014236103743314743, 0.013813130557537079, 0.013250699266791344, 0.012760745361447334, 0.012467540800571442, 0.012345846742391586, 0.012291801162064075, 0.012309935875236988, 0.012141184881329536, 0.011896204203367233, 0.011680363677442074, 0.011552596464753151, 0.011202854104340076, 0.010947427712380886, 0.010796559043228626, 0.010707207024097443, 0.010663023218512535, 0.010632737539708614, 0.010627979412674904, 0.010545005090534687, 0.010425030253827572, 0.010293242521584034, 0.010182885453104973, 0.010114077478647232, 0.010047690942883492, 0.00997068639844656, 0.009840298444032669, 0.009694749489426613, 0.009636936709284782, 0.009744708426296711]
train/correction_patch_optimal_scalar: [0.29455357789993286, -0.4592694640159607, -0.6480560898780823, -0.8153353333473206, -1.1375676393508911, -0.6581971049308777, 0.752724289894104, 1.7130112648010254, 1.4235188961029053, 1.8232841491699219, 2.60439395904541, 3.2447474002838135, 3.325255870819092, 4.083076000213623, 4.957370281219482, 5.3925018310546875, 5.783967018127441, 6.158440589904785, 6.507297515869141, 7.042974948883057, 7.599784851074219, 7.8295674324035645, 7.769985675811768, 7.588392734527588, 7.5563435554504395, 8.072813034057617, 8.31391716003418, 8.383758544921875, 8.510912895202637, 8.563068389892578, 8.698224067687988, 8.585043907165527, 8.318951606750488, 8.460489273071289, 8.90223503112793, 9.259148597717285, 8.987632751464844, 8.66816520690918, 8.214103698730469, 7.819929122924805, 7.84608268737793, 8.36551284790039, 8.712420463562012, 9.286787033081055, 8.891582489013672]
[test]
test/correction_beneficial_ratio: 0.40648844838142395
test/correction_beneficial_ratio_far: 0.3946532905101776
test/correction_beneficial_ratio_middle: 0.4023391902446747
test/correction_beneficial_ratio_near: 0.42247283458709717
test/correction_cosine_far: -0.12496352940797806
test/correction_cosine_mean: -0.08430822938680649
test/correction_cosine_middle: -0.08036422729492188
test/correction_cosine_near: -0.0475970096886158
test/correction_magnitude_ratio_far: 0.005971425678580999
test/correction_magnitude_ratio_mean: 0.011495922692120075
test/correction_magnitude_ratio_middle: 0.008903630077838898
test/correction_magnitude_ratio_near: 0.019612716510891914
test/correction_optimal_scalar_far: -21.726696014404297
test/correction_optimal_scalar_mean: -10.781859397888184
test/correction_optimal_scalar_middle: -9.21035385131836
test/correction_optimal_scalar_near: -1.4085359573364258
test/correction_patch_beneficial_ratio: [0.5463659167289734, 0.5375939607620239, 0.518796980381012, 0.49373432993888855, 0.4749373495578766, 0.45614033937454224, 0.4285714328289032, 0.4185463786125183, 0.3959899842739105, 0.36340853571891785, 0.3583959937095642, 0.3358395993709564, 0.332080215215683, 0.32957392930984497, 0.3471177816390991, 0.3458646535873413, 0.37593984603881836, 0.38847118616104126, 0.39724311232566833, 0.4172932207584381, 0.4197995066642761, 0.4160400927066803, 0.41228070855140686, 0.3947368562221527, 0.39724311232566833, 0.40977442264556885, 0.4285714328289032, 0.4160400927066803, 0.40852129459381104, 0.4072681665420532, 0.39724311232566833, 0.4072681665420532, 0.4147869646549225, 0.41102758049964905, 0.40977442264556885, 0.4035087823867798, 0.39974936842918396, 0.39724311232566833, 0.38721805810928345, 0.3822055160999298, 0.380952388048172, 0.378446102142334, 0.37593984603881836, 0.3897243142127991, 0.38471177220344543]
test/correction_patch_cosine: [0.08011571317911148, 0.053448937833309174, 0.04909157380461693, 0.008970535360276699, -0.02771078050136566, -0.04915585741400719, -0.040917400270700455, -0.04723476245999336, -0.06588838249444962, -0.08619775623083115, -0.10318496078252792, -0.11844227463006973, -0.12082865834236145, -0.12526611983776093, -0.12075547873973846, -0.10846740007400513, -0.08923414349555969, -0.07563868165016174, -0.05907345563173294, -0.047643713653087616, -0.056206993758678436, -0.07050272077322006, -0.0776812732219696, -0.08639638125896454, -0.08979882299900055, -0.09011711925268173, -0.08048953860998154, -0.08443285524845123, -0.09256402403116226, -0.09721560031175613, -0.10437190532684326, -0.11014736443758011, -0.11503927409648895, -0.11314719915390015, -0.10507238656282425, -0.10493168979883194, -0.114338219165802, -0.12686362862586975, -0.12948568165302277, -0.13211092352867126, -0.13099193572998047, -0.1390073150396347, -0.146697998046875, -0.1488022804260254, -0.15344426035881042]
test/correction_patch_magnitude_ratio: [0.050236091017723083, 0.03272242471575737, 0.026395268738269806, 0.022680111229419708, 0.020018724724650383, 0.017515720799565315, 0.016128085553646088, 0.015088147483766079, 0.014491413719952106, 0.014092362485826015, 0.013665791600942612, 0.013286084868013859, 0.012938528321683407, 0.01250508800148964, 0.01242684107273817, 0.011989627964794636, 0.011231480166316032, 0.010534772649407387, 0.01023187581449747, 0.00961534958332777, 0.009034484624862671, 0.008659604005515575, 0.00840253010392189, 0.008210843428969383, 0.008042796514928341, 0.007900298573076725, 0.007721327245235443, 0.00747339054942131, 0.0073018986731767654, 0.007204097229987383, 0.007036508060991764, 0.0067764041014015675, 0.006640403997153044, 0.006565747782588005, 0.006426745094358921, 0.0062634008936584, 0.0060884589329361916, 0.005907386541366577, 0.005757106002420187, 0.005618597846478224, 0.005461637396365404, 0.005326850805431604, 0.005232351832091808, 0.0052162110805511475, 0.005253626964986324]
test/correction_patch_optimal_scalar: [2.184692859649658, 2.611478328704834, 5.408465385437012, 4.963770389556885, 1.6700265407562256, 0.8438641428947449, 2.3087785243988037, 2.0848166942596436, -0.8766779899597168, -3.8910531997680664, -5.247111797332764, -7.176651954650879, -8.359745025634766, -9.228849411010742, -8.423810958862305, -8.829394340515137, -7.2633514404296875, -6.305311679840088, -5.691412925720215, -5.852534294128418, -6.913264751434326, -7.937927722930908, -8.575433731079102, -10.017099380493164, -10.86229133605957, -10.513731002807617, -9.398150444030762, -10.377442359924316, -13.936372756958008, -15.681595802307129, -18.68840980529785, -22.442087173461914, -23.905794143676758, -23.817100524902344, -22.177846908569336, -20.856584548950195, -19.658855438232422, -19.71573257446289, -20.217037200927734, -20.729320526123047, -19.531959533691406, -20.846782684326172, -24.141984939575195, -25.23529052734375, -23.935535430908203]
