[train]
train/correction_beneficial_ratio: 0.6247424483299255
train/correction_beneficial_ratio_far: 0.6232291460037231
train/correction_beneficial_ratio_middle: 0.6247878670692444
train/correction_beneficial_ratio_near: 0.6262103319168091
train/correction_cosine_far: 0.15791551768779755
train/correction_cosine_mean: 0.1600092649459839
train/correction_cosine_middle: 0.15735846757888794
train/correction_cosine_near: 0.164753720164299
train/correction_magnitude_ratio_far: 0.08492410182952881
train/correction_magnitude_ratio_mean: 0.09058405458927155
train/correction_magnitude_ratio_middle: 0.08799085021018982
train/correction_magnitude_ratio_near: 0.09883726388216019
train/correction_optimal_scalar_far: 3.571561574935913
train/correction_optimal_scalar_mean: 3.3355207443237305
train/correction_optimal_scalar_middle: 3.4913411140441895
train/correction_optimal_scalar_near: 2.943659782409668
train/correction_patch_beneficial_ratio: [0.6222551465034485, 0.6370128989219666, 0.6328048706054688, 0.6260779500007629, 0.6336938738822937, 0.6438286900520325, 0.632923424243927, 0.6144910454750061, 0.6019854545593262, 0.600266695022583, 0.6084160804748535, 0.6291302442550659, 0.6412505507469177, 0.6389687657356262, 0.6300488710403442, 0.6272040009498596, 0.6362127661705017, 0.6440954208374023, 0.6429396867752075, 0.6253074407577515, 0.6148170232772827, 0.6104311943054199, 0.6155874729156494, 0.6280041337013245, 0.6283004879951477, 0.6217513680458069, 0.6132760643959045, 0.6093643307685852, 0.6219291687011719, 0.6325974464416504, 0.6364498734474182, 0.6245073080062866, 0.6165357828140259, 0.6144910454750061, 0.6191139221191406, 0.6292487978935242, 0.6290116906166077, 0.621484637260437, 0.6144614219665527, 0.6106682419776917, 0.616446852684021, 0.6250407695770264, 0.6346125602722168, 0.6293969750404358, 0.6269669532775879]
train/correction_patch_cosine: [0.16948698461055756, 0.18532153964042664, 0.1753976196050644, 0.17100092768669128, 0.1787421554327011, 0.1870049685239792, 0.17190305888652802, 0.1461949497461319, 0.1357330083847046, 0.12854841351509094, 0.13565537333488464, 0.16206465661525726, 0.17948156595230103, 0.17706315219402313, 0.16770733892917633, 0.16230343282222748, 0.16822174191474915, 0.1797291785478592, 0.17160557210445404, 0.15087969601154327, 0.14288952946662903, 0.13769224286079407, 0.14538061618804932, 0.16191108524799347, 0.16731224954128265, 0.1604478806257248, 0.1481837034225464, 0.14228861033916473, 0.15397223830223083, 0.1675594449043274, 0.16969522833824158, 0.15756231546401978, 0.15160882472991943, 0.14642417430877686, 0.15146252512931824, 0.16306698322296143, 0.1650761067867279, 0.15436750650405884, 0.14951620995998383, 0.14414919912815094, 0.1523182988166809, 0.1673385202884674, 0.17221055924892426, 0.16492676734924316, 0.15901008248329163]
train/correction_patch_magnitude_ratio: [0.11495359987020493, 0.10586820542812347, 0.10371281951665878, 0.101839579641819, 0.09953510016202927, 0.09907878935337067, 0.0991419330239296, 0.09904521703720093, 0.09830847382545471, 0.09734469652175903, 0.09635812044143677, 0.09447817504405975, 0.0918063148856163, 0.09075716882944107, 0.09033063054084778, 0.08989478647708893, 0.08951886743307114, 0.0893281027674675, 0.08953377604484558, 0.08963882178068161, 0.08947927504777908, 0.08906274288892746, 0.08837347477674484, 0.08792081475257874, 0.0869213119149208, 0.08652567118406296, 0.08623795211315155, 0.08606164902448654, 0.08570488542318344, 0.08566034585237503, 0.08534859865903854, 0.08537369966506958, 0.08560297638177872, 0.08548782765865326, 0.08522585034370422, 0.0849534422159195, 0.0846485048532486, 0.08491180092096329, 0.0849587693810463, 0.08494833111763, 0.08507069945335388, 0.08503091335296631, 0.08429865539073944, 0.08403047919273376, 0.08397112041711807]
train/correction_patch_optimal_scalar: [1.9973639249801636, 2.522080421447754, 2.820544719696045, 2.9919273853302, 2.3985602855682373, 2.4009246826171875, 2.6719303131103516, 2.6404597759246826, 3.2314469814300537, 3.3859634399414062, 2.575166940689087, 2.838749647140503, 3.7697408199310303, 3.7728748321533203, 4.137161731719971, 4.19256067276001, 3.3248209953308105, 3.3287079334259033, 3.725654363632202, 3.4100587368011475, 3.599071979522705, 3.681511402130127, 3.0160388946533203, 3.203702926635742, 3.72001051902771, 3.612138032913208, 3.4939663410186768, 3.565783739089966, 3.171599864959717, 3.3244831562042236, 3.898038625717163, 3.6006386280059814, 3.7259209156036377, 3.9410643577575684, 3.2370693683624268, 2.8772571086883545, 3.4726037979125977, 3.615482807159424, 3.840695858001709, 3.7118632793426514, 3.0822150707244873, 3.2283616065979004, 3.861957311630249, 3.6973888874053955, 3.7828738689422607]
[test]
test/correction_beneficial_ratio: 0.5976689457893372
test/correction_beneficial_ratio_far: 0.608264684677124
test/correction_beneficial_ratio_middle: 0.5986853241920471
test/correction_beneficial_ratio_near: 0.5860568284988403
test/correction_cosine_far: 0.1498410850763321
test/correction_cosine_mean: 0.1327061653137207
test/correction_cosine_middle: 0.13565103709697723
test/correction_cosine_near: 0.11262625455856323
test/correction_magnitude_ratio_far: 0.10273037105798721
test/correction_magnitude_ratio_mean: 0.10623351484537125
test/correction_magnitude_ratio_middle: 0.10560411959886551
test/correction_magnitude_ratio_near: 0.1103661060333252
test/correction_optimal_scalar_far: 1.5157763957977295
test/correction_optimal_scalar_mean: 1.3892825841903687
test/correction_optimal_scalar_middle: 1.3972885608673096
test/correction_optimal_scalar_near: 1.2547813653945923
test/correction_patch_beneficial_ratio: [0.5890195369720459, 0.5550411939620972, 0.5380057692527771, 0.5554115176200867, 0.5810573101043701, 0.6011480689048767, 0.6052217483520508, 0.5888343453407288, 0.5815202593803406, 0.5903156995773315, 0.6010554432868958, 0.6126284599304199, 0.6134617328643799, 0.5935561656951904, 0.5845754742622375, 0.5966114401817322, 0.604573667049408, 0.611054539680481, 0.6169798970222473, 0.6106842160224915, 0.5998518466949463, 0.6048514246940613, 0.6085547804832458, 0.6064253449440002, 0.5968891978263855, 0.5698546171188354, 0.5674474835395813, 0.584297776222229, 0.5969817638397217, 0.6052217483520508, 0.6072585582733154, 0.5917970538139343, 0.5867049098014832, 0.5934635400772095, 0.6081844568252563, 0.6152207851409912, 0.6154985427856445, 0.5928154587745667, 0.584205150604248, 0.5974446535110474, 0.6074437499046326, 0.6389223337173462, 0.6560503840446472, 0.6284603476524353, 0.6004999279975891]
test/correction_patch_cosine: [0.12598787248134613, 0.07924353331327438, 0.05560823157429695, 0.07394269108772278, 0.10113323479890823, 0.12984998524188995, 0.13603687286376953, 0.1123928427696228, 0.10679702460765839, 0.11975746601819992, 0.13257251679897308, 0.14743578433990479, 0.1412973701953888, 0.11735541373491287, 0.10998295247554779, 0.1250452995300293, 0.13683560490608215, 0.14874030649662018, 0.15976205468177795, 0.14327530562877655, 0.13560394942760468, 0.14142628014087677, 0.14524203538894653, 0.1504012495279312, 0.13674618303775787, 0.105742909014225, 0.10144390910863876, 0.11713734269142151, 0.13786761462688446, 0.14949660003185272, 0.14758998155593872, 0.12886179983615875, 0.11965837329626083, 0.1338386833667755, 0.1536804437637329, 0.1680590957403183, 0.16649594902992249, 0.1371157318353653, 0.12461838126182556, 0.1360270380973816, 0.15532909333705902, 0.18413005769252777, 0.19351178407669067, 0.15921388566493988, 0.13948598504066467]
test/correction_patch_magnitude_ratio: [0.11940693110227585, 0.11188963800668716, 0.11033013463020325, 0.11025577038526535, 0.10929638147354126, 0.11017841100692749, 0.11051453649997711, 0.11037095636129379, 0.11073915660381317, 0.11066016554832458, 0.11054614186286926, 0.10974784195423126, 0.10763224959373474, 0.10699350386857986, 0.10693026334047318, 0.10704967379570007, 0.10642996430397034, 0.10575734078884125, 0.1056390106678009, 0.10550633072853088, 0.10539572685956955, 0.10536559671163559, 0.1050732210278511, 0.10564138740301132, 0.10505104064941406, 0.10479558259248734, 0.10538310557603836, 0.10565026849508286, 0.10548482090234756, 0.10583768784999847, 0.1049714982509613, 0.10460000485181808, 0.10450668632984161, 0.10417582094669342, 0.10410480946302414, 0.10347265750169754, 0.10168369859457016, 0.10117164999246597, 0.10115986317396164, 0.1013597920536995, 0.10153394192457199, 0.10204385221004486, 0.10202695429325104, 0.10213518142700195, 0.10200910270214081]
test/correction_patch_optimal_scalar: [1.06650710105896, 0.1824026256799698, 1.1014732122421265, 2.114943265914917, 0.16409648954868317, 0.708467423915863, 1.6483322381973267, 1.229077935218811, 2.1693410873413086, 2.6381309032440186, 0.6261479258537292, 1.0915114879608154, 1.7651621103286743, 0.9406570792198181, 1.3754618167877197, 1.7865891456604004, 0.4695297181606293, 0.8087755441665649, 1.5001481771469116, 1.1344785690307617, 1.8348138332366943, 2.6958229541778564, 0.5798597931861877, 1.0207412242889404, 1.5024068355560303, 0.941597580909729, 1.8842254877090454, 3.0170459747314453, 0.7190171480178833, 1.0642799139022827, 1.7892740964889526, 1.3615970611572266, 2.18524432182312, 2.4652817249298096, 0.5682156682014465, 1.1354758739471436, 1.9920880794525146, 1.2577201128005981, 1.0173618793487549, 1.545938491821289, 0.49147123098373413, 1.3295434713363647, 2.2927026748657227, 1.5907901525497437, 1.713964581489563]
