[train]
train/correction_beneficial_ratio: 0.5217720866203308
train/correction_beneficial_ratio_far: 0.5508242845535278
train/correction_beneficial_ratio_middle: 0.5231693387031555
train/correction_beneficial_ratio_near: 0.49132269620895386
train/correction_cosine_far: 0.04974229261279106
train/correction_cosine_mean: 0.0294768288731575
train/correction_cosine_middle: 0.0334237739443779
train/correction_cosine_near: 0.005264464765787125
train/correction_magnitude_ratio_far: 0.016719836741685867
train/correction_magnitude_ratio_mean: 0.019304484128952026
train/correction_magnitude_ratio_middle: 0.01858776994049549
train/correction_magnitude_ratio_near: 0.022605841979384422
train/correction_optimal_scalar_far: 4.697052478790283
train/correction_optimal_scalar_mean: 3.291151285171509
train/correction_optimal_scalar_middle: 3.4799838066101074
train/correction_optimal_scalar_near: 1.6964133977890015
train/correction_patch_beneficial_ratio: [0.4624920189380646, 0.4736102223396301, 0.4776996672153473, 0.4869009554386139, 0.5019808411598206, 0.48958465456962585, 0.4953354597091675, 0.49201276898384094, 0.48575079441070557, 0.49495208263397217, 0.498658150434494, 0.49980831146240234, 0.5046645402908325, 0.5060703158378601, 0.5003194808959961, 0.4999361038208008, 0.5042811632156372, 0.5115655064582825, 0.5067092776298523, 0.5067092776298523, 0.5188498497009277, 0.5122044682502747, 0.5205112099647522, 0.5311182141304016, 0.5311182141304016, 0.5385303497314453, 0.5405750870704651, 0.5352076888084412, 0.543258786201477, 0.5469648838043213, 0.5315015912055969, 0.5409584641456604, 0.5461980700492859, 0.5343130826950073, 0.5289456844329834, 0.5476038455963135, 0.5464536547660828, 0.5468370318412781, 0.5556549429893494, 0.5596166253089905, 0.5702236294746399, 0.5706070065498352, 0.5625559091567993, 0.5635782480239868, 0.5573163032531738]
train/correction_patch_cosine: [-0.01362999901175499, -0.010016486980021, -0.008781393058598042, -0.005169634707272053, 0.008310011588037014, 0.003820771584287286, 0.009621057659387589, 0.0099777951836586, 0.003424589056521654, 0.006915301084518433, 0.00953656155616045, 0.010727164335548878, 0.016544440761208534, 0.023772772401571274, 0.013913935050368309, 0.015997955575585365, 0.02144402079284191, 0.02412388101220131, 0.021769730374217033, 0.024447908625006676, 0.02777823433279991, 0.02746649459004402, 0.03600979223847389, 0.0396304577589035, 0.03852574899792671, 0.045377232134342194, 0.041847385466098785, 0.040203992277383804, 0.049762580543756485, 0.04697118327021599, 0.041789550334215164, 0.04719381779432297, 0.047968171536922455, 0.03942713141441345, 0.037489742040634155, 0.043492063879966736, 0.04496719315648079, 0.04824264720082283, 0.052477940917015076, 0.05454321578145027, 0.06354574114084244, 0.05892205983400345, 0.054746344685554504, 0.05688512325286865, 0.0544431246817112]
train/correction_patch_magnitude_ratio: [0.03161510080099106, 0.02665482647716999, 0.025076251477003098, 0.023438306525349617, 0.023193011060357094, 0.022625837475061417, 0.022187121212482452, 0.021777259185910225, 0.02116580866277218, 0.020890498533844948, 0.020381217822432518, 0.020102882757782936, 0.020121732726693153, 0.0201081782579422, 0.019749658182263374, 0.019669486209750175, 0.01949981600046158, 0.019262639805674553, 0.01927061565220356, 0.019014066085219383, 0.018710564821958542, 0.01881876215338707, 0.018583528697490692, 0.018545791506767273, 0.01849961094558239, 0.018273930996656418, 0.01790842041373253, 0.017758598551154137, 0.017664235085248947, 0.017336515709757805, 0.017508603632450104, 0.017415326088666916, 0.017224125564098358, 0.017049163579940796, 0.016966642811894417, 0.01673474721610546, 0.016925228759646416, 0.01657571643590927, 0.016626305878162384, 0.016564738005399704, 0.016555996611714363, 0.01628771238029003, 0.016170579940080643, 0.01620064117014408, 0.01599198207259178]
train/correction_patch_optimal_scalar: [-0.18228290975093842, 0.17943982779979706, 0.7045657634735107, 0.9349521994590759, 1.7622169256210327, 1.5619200468063354, 1.978360891342163, 2.128091812133789, 1.9828343391418457, 2.1420657634735107, 2.2441065311431885, 2.1501190662384033, 2.5204591751098633, 2.9319908618927, 2.407372236251831, 2.331143379211426, 2.712026834487915, 3.030527353286743, 2.7824532985687256, 2.763667345046997, 3.072356700897217, 3.0150396823883057, 3.595146656036377, 3.991405487060547, 3.9074361324310303, 4.077773094177246, 3.936110496520996, 3.9148828983306885, 4.518373489379883, 4.5514116287231445, 4.126172065734863, 4.519625663757324, 4.527719497680664, 3.8666744232177734, 3.770590305328369, 4.663874626159668, 4.832444190979004, 4.834571838378906, 5.100712299346924, 5.05666446685791, 5.681386947631836, 5.278829574584961, 4.8412766456604, 4.818803787231445, 4.5365118980407715]
[test]
test/correction_beneficial_ratio: 0.451951265335083
test/correction_beneficial_ratio_far: 0.47215795516967773
test/correction_beneficial_ratio_middle: 0.39561930298805237
test/correction_beneficial_ratio_near: 0.48807650804519653
test/correction_cosine_far: -0.006382958497852087
test/correction_cosine_mean: -0.022898811846971512
test/correction_cosine_middle: -0.06582889705896378
test/correction_cosine_near: 0.0035154151264578104
test/correction_magnitude_ratio_far: 0.019261181354522705
test/correction_magnitude_ratio_mean: 0.02158796600997448
test/correction_magnitude_ratio_middle: 0.021082967519760132
test/correction_magnitude_ratio_near: 0.02441975474357605
test/correction_optimal_scalar_far: -0.37140265107154846
test/correction_optimal_scalar_mean: -1.0500884056091309
test/correction_optimal_scalar_middle: -3.169755458831787
test/correction_optimal_scalar_near: 0.3908936679363251
test/correction_patch_beneficial_ratio: [0.435446560382843, 0.45025449991226196, 0.42711707949638367, 0.4229523241519928, 0.47339195013046265, 0.47524294257164, 0.5168903470039368, 0.5418787598609924, 0.5284590721130371, 0.5261452794075012, 0.529847264289856, 0.5205923318862915, 0.49560388922691345, 0.49560388922691345, 0.481721431016922, 0.4807959198951721, 0.44146227836608887, 0.39611291885375977, 0.37714022397994995, 0.38037946820259094, 0.38361868262290955, 0.36279499530792236, 0.3465988039970398, 0.3817676901817322, 0.40490514039993286, 0.40906986594200134, 0.4141601026058197, 0.38269320130348206, 0.37714022397994995, 0.39565014839172363, 0.39241093397140503, 0.4109208583831787, 0.4673762023448944, 0.4548819959163666, 0.4627487361431122, 0.478482186794281, 0.5006940960884094, 0.4937528967857361, 0.5238315463066101, 0.4974548816680908, 0.472003698348999, 0.47894492745399475, 0.45997223258018494, 0.47801944613456726, 0.5108745694160461]
test/correction_patch_cosine: [-0.03690048307180405, -0.04435475543141365, -0.04597633332014084, -0.049949657171964645, 0.0017880515661090612, 0.007866189815104008, 0.03218100219964981, 0.042935024946928024, 0.03717091679573059, 0.027735956013202667, 0.025230519473552704, 0.02322399616241455, 0.004584302194416523, 0.017764033749699593, 0.00943220779299736, -4.682757207774557e-05, -0.029177861288189888, -0.04690661281347275, -0.07804350554943085, -0.08523726463317871, -0.07970304787158966, -0.10369274020195007, -0.1048637256026268, -0.07523655891418457, -0.07013805955648422, -0.04816832393407822, -0.04534752666950226, -0.07879638671875, -0.07552529871463776, -0.0665486678481102, -0.06738068908452988, -0.05556380748748779, -0.013127504847943783, -0.03061368502676487, -0.018331361934542656, 0.006676856894046068, 0.017108866944909096, 0.018894769251346588, 0.05196841061115265, 0.009101544506847858, -0.011444896459579468, 0.0006012499798089266, -0.018497716635465622, -0.011812510900199413, 0.026675356552004814]
test/correction_patch_magnitude_ratio: [0.030824434012174606, 0.027244416996836662, 0.025004785507917404, 0.024782536551356316, 0.025339843705296516, 0.024200916290283203, 0.025278903543949127, 0.0248600784689188, 0.02325117215514183, 0.023534633219242096, 0.022913847118616104, 0.02205394022166729, 0.02245275303721428, 0.022743254899978638, 0.02181088738143444, 0.02238299511373043, 0.022122178226709366, 0.021658606827259064, 0.022089237347245216, 0.021844549104571342, 0.02067480981349945, 0.021204745396971703, 0.020641909912228584, 0.0201706625521183, 0.0206809900701046, 0.020691776648163795, 0.020443225279450417, 0.020533699542284012, 0.020844649523496628, 0.020260589197278023, 0.021077264100313187, 0.021092714741826057, 0.020438414067029953, 0.020130906254053116, 0.019947398453950882, 0.019126620143651962, 0.019541403278708458, 0.018874328583478928, 0.01893840916454792, 0.018776657059788704, 0.018559830263257027, 0.01835508458316326, 0.01827148161828518, 0.01819758303463459, 0.017589310184121132]
test/correction_patch_optimal_scalar: [-1.2548961639404297, -1.4633276462554932, -1.8199751377105713, -2.315032958984375, -0.005010418593883514, 0.6411726474761963, 1.292871356010437, 1.7492707967758179, 1.6090089082717896, 1.1076411008834839, 0.9057468771934509, 1.46505868434906, 0.8784093856811523, 1.7032352685928345, 1.3692348003387451, 0.4861533045768738, -0.5013684034347534, -1.7105845212936401, -3.09955096244812, -3.7454910278320312, -4.1539201736450195, -5.3056769371032715, -5.52760124206543, -4.719433307647705, -4.059563636779785, -2.7802603244781494, -2.3001439571380615, -3.743225574493408, -3.3995583057403564, -2.986133337020874, -3.297720193862915, -2.625312328338623, -0.6494515538215637, -1.6397541761398315, -1.2726019620895386, 0.07647363096475601, 0.9574917554855347, 1.0559860467910767, 2.53865909576416, 0.5072301030158997, -0.9362387657165527, -0.3849804997444153, -0.9172725081443787, -0.8913397789001465, 1.9078023433685303]
