[train]
train/correction_beneficial_ratio: 0.48821234703063965
train/correction_beneficial_ratio_far: 0.47655153274536133
train/correction_beneficial_ratio_middle: 0.4807962477207184
train/correction_beneficial_ratio_near: 0.5072892308235168
train/correction_cosine_far: -0.08734111487865448
train/correction_cosine_mean: -0.0418408066034317
train/correction_cosine_middle: -0.04383767768740654
train/correction_cosine_near: 0.005656340159475803
train/correction_magnitude_ratio_far: 0.011367996223270893
train/correction_magnitude_ratio_mean: 0.017217155545949936
train/correction_magnitude_ratio_middle: 0.014955390244722366
train/correction_magnitude_ratio_near: 0.025328081101179123
train/correction_optimal_scalar_far: -9.84321403503418
train/correction_optimal_scalar_mean: -3.6646058559417725
train/correction_optimal_scalar_middle: -0.9549523591995239
train/correction_optimal_scalar_near: -0.19563040137290955
train/correction_patch_beneficial_ratio: [0.5403688549995422, 0.5286885499954224, 0.506147563457489, 0.5043032765388489, 0.49426230788230896, 0.49139344692230225, 0.4858606457710266, 0.5102459192276001, 0.4928278625011444, 0.4836065471172333, 0.4760245978832245, 0.4688524603843689, 0.4688524603843689, 0.4651639461517334, 0.4754098355770111, 0.4749999940395355, 0.47807377576828003, 0.48442623019218445, 0.48073771595954895, 0.4756147563457489, 0.46659836173057556]
train/correction_patch_cosine: [0.05554911494255066, 0.034630414098501205, 0.01640736684203148, -0.00226418930105865, -0.01077248714864254, -0.022185008972883224, -0.03177089989185333, -0.013520224019885063, -0.019713152199983597, -0.027427248656749725, -0.04034358263015747, -0.05381382256746292, -0.0726800486445427, -0.07936481386423111, -0.08061743527650833, -0.0852556824684143, -0.08895768970251083, -0.08647243678569794, -0.08504001796245575, -0.08992453664541245, -0.0951203927397728]
train/correction_patch_magnitude_ratio: [0.04486715421080589, 0.02948075346648693, 0.02451598457992077, 0.021964726969599724, 0.020240865647792816, 0.01870650053024292, 0.01752055622637272, 0.01711605116724968, 0.016384022310376167, 0.01564454846084118, 0.014919202774763107, 0.01427697017788887, 0.013470158912241459, 0.012876839376986027, 0.012425508350133896, 0.012040145695209503, 0.011572404764592648, 0.011285279877483845, 0.011047828942537308, 0.010769445449113846, 0.010435343720018864]
train/correction_patch_optimal_scalar: [2.15612530708313, 1.5919808149337769, 0.03996124118566513, -1.8234577178955078, -1.149718165397644, -0.8102539777755737, -1.374068021774292, 0.5273034572601318, 0.8372920155525208, 0.8368504047393799, -0.1478276550769806, -1.0025856494903564, -2.925778865814209, -4.8099493980407715, -6.374706268310547, -7.684814453125, -9.066082954406738, -9.763195037841797, -10.564169883728027, -11.807711601257324, -13.641924858093262]
[test]
test/correction_beneficial_ratio: 0.7049391865730286
test/correction_beneficial_ratio_far: 0.7076383829116821
test/correction_beneficial_ratio_middle: 0.7237128615379333
test/correction_beneficial_ratio_near: 0.6834662556648254
test/correction_cosine_far: 0.3715152442455292
test/correction_cosine_mean: 0.3124691843986511
test/correction_cosine_middle: 0.3255442976951599
test/correction_cosine_near: 0.2403477132320404
test/correction_magnitude_ratio_far: 0.008858935907483101
test/correction_magnitude_ratio_mean: 0.01371056493371725
test/correction_magnitude_ratio_middle: 0.012034216895699501
test/correction_magnitude_ratio_near: 0.02023855410516262
test/correction_optimal_scalar_far: 71.1142349243164
test/correction_optimal_scalar_mean: 49.54109191894531
test/correction_optimal_scalar_middle: 52.741310119628906
test/correction_optimal_scalar_near: 24.767894744873047
test/correction_patch_beneficial_ratio: [0.6582064032554626, 0.663282573223114, 0.7021996378898621, 0.6675127148628235, 0.6675127148628235, 0.6988155841827393, 0.7267343401908875, 0.7419627904891968, 0.7521150708198547, 0.7563451528549194, 0.7309644818305969, 0.7038916945457458, 0.6861252188682556, 0.6945854425430298, 0.6869712471961975, 0.6869712471961975, 0.6869712471961975, 0.6869712471961975, 0.7140439748764038, 0.7368866205215454, 0.7546531558036804]
test/correction_patch_cosine: [0.20335564017295837, 0.2339763045310974, 0.246416836977005, 0.2241818904876709, 0.2291342318058014, 0.25730857253074646, 0.2880600094795227, 0.31504637002944946, 0.3304576873779297, 0.33473801612854004, 0.32298731803894043, 0.32111015915870667, 0.3218323886394501, 0.33263981342315674, 0.3445749580860138, 0.3540803790092468, 0.3637063801288605, 0.3740188777446747, 0.3818909525871277, 0.3877239227294922, 0.3946119546890259]
test/correction_patch_magnitude_ratio: [0.03470252454280853, 0.023957593366503716, 0.019991857931017876, 0.017320213839411736, 0.01611350104212761, 0.0150552773848176, 0.014528864994645119, 0.013922599144279957, 0.013257058337330818, 0.012553639709949493, 0.01188103947788477, 0.011365428566932678, 0.010833634063601494, 0.010426076129078865, 0.010051023215055466, 0.009647225961089134, 0.009160302579402924, 0.008800514973700047, 0.008455952629446983, 0.00812945980578661, 0.007768081501126289]
test/correction_patch_optimal_scalar: [9.291592597961426, 17.26327133178711, 23.947038650512695, 25.871501922607422, 28.110273361206055, 31.728212356567383, 37.16332244873047, 42.17549133300781, 46.85444259643555, 50.980743408203125, 53.31895446777344, 56.7032356262207, 58.814430236816406, 60.341773986816406, 62.41381072998047, 64.92452239990234, 67.62398529052734, 69.81343841552734, 73.04948425292969, 77.38114166259766, 82.59225463867188]
