[train]
train/correction_beneficial_ratio: 0.5485790967941284
train/correction_beneficial_ratio_far: 0.5589857697486877
train/correction_beneficial_ratio_middle: 0.5489967465400696
train/correction_beneficial_ratio_near: 0.5377547144889832
train/correction_cosine_far: 0.049024224281311035
train/correction_cosine_mean: 0.04337238520383835
train/correction_cosine_middle: 0.04643142223358154
train/correction_cosine_near: 0.03466135635972023
train/correction_magnitude_ratio_far: 0.013452395796775818
train/correction_magnitude_ratio_mean: 0.015405970625579357
train/correction_magnitude_ratio_middle: 0.014639734290540218
train/correction_magnitude_ratio_near: 0.018125783652067184
train/correction_optimal_scalar_far: 5.788070201873779
train/correction_optimal_scalar_mean: 4.765298366546631
train/correction_optimal_scalar_middle: 5.413944721221924
train/correction_optimal_scalar_near: 3.093883514404297
train/correction_patch_beneficial_ratio: [0.5158972144126892, 0.5288098454475403, 0.5416007041931152, 0.5435497760772705, 0.5507370233535767, 0.5440370440483093, 0.5396515727043152, 0.5310025811195374, 0.5513460636138916, 0.5536606311798096, 0.5456206798553467, 0.5563405752182007, 0.5540260672569275, 0.5509806275367737, 0.5584114789962769, 0.5530515313148499, 0.5676696300506592, 0.5648678541183472, 0.5534169673919678, 0.5548787713050842, 0.5606042146682739]
train/correction_patch_cosine: [0.022416112944483757, 0.024845190346240997, 0.032786477357149124, 0.038100481033325195, 0.043258193880319595, 0.04326605051755905, 0.03795703500509262, 0.039918676018714905, 0.04407310113310814, 0.04540038853883743, 0.04244112968444824, 0.0494130440056324, 0.052053604274988174, 0.05172019824385643, 0.05268069729208946, 0.049103595316410065, 0.056060388684272766, 0.048545703291893005, 0.04172747954726219, 0.0464254692196846, 0.04862700030207634]
train/correction_patch_magnitude_ratio: [0.022939607501029968, 0.019589761272072792, 0.018474606797099113, 0.01723678968846798, 0.01669999584555626, 0.016319749876856804, 0.015619928948581219, 0.015318471938371658, 0.015101445838809013, 0.014689731411635876, 0.01463215984404087, 0.014448626898229122, 0.014208698645234108, 0.01407900732010603, 0.014024557545781136, 0.013708662241697311, 0.013711944222450256, 0.013518298976123333, 0.013131729327142239, 0.01304656732827425, 0.013025005348026752]
train/correction_patch_optimal_scalar: [1.4251726865768433, 2.0153512954711914, 2.6612305641174316, 3.4300405979156494, 4.036721706390381, 4.012903213500977, 4.075791358947754, 4.580697059631348, 5.017322540283203, 5.313599586486816, 5.104218006134033, 5.619106292724609, 6.124166488647461, 6.1384968757629395, 6.3409528732299805, 5.7864251136779785, 6.186728477478027, 5.560049533843994, 5.177713871002197, 5.66349458694458, 5.80108118057251]
[test]
test/correction_beneficial_ratio: 0.5259799957275391
test/correction_beneficial_ratio_far: 0.5229862332344055
test/correction_beneficial_ratio_middle: 0.5528486967086792
test/correction_beneficial_ratio_near: 0.5021049380302429
test/correction_cosine_far: 0.011737805791199207
test/correction_cosine_mean: 0.016882453113794327
test/correction_cosine_middle: 0.033221304416656494
test/correction_cosine_near: 0.005688284989446402
test/correction_magnitude_ratio_far: 0.012598587200045586
test/correction_magnitude_ratio_mean: 0.0139615498483181
test/correction_magnitude_ratio_middle: 0.013395965099334717
test/correction_magnitude_ratio_near: 0.01589006744325161
test/correction_optimal_scalar_far: 1.6778898239135742
test/correction_optimal_scalar_mean: 2.0475614070892334
test/correction_optimal_scalar_middle: 2.964449882507324
test/correction_optimal_scalar_near: 1.5003547668457031
test/correction_patch_beneficial_ratio: [0.4895874261856079, 0.4691551923751831, 0.49037328362464905, 0.4911591410636902, 0.5151277184486389, 0.5292730927467346, 0.5300589203834534, 0.5516699552536011, 0.5426326394081116, 0.5422396659851074, 0.5721021890640259, 0.5614930987358093, 0.5536345839500427, 0.5461689829826355, 0.5469548106193542, 0.5438113808631897, 0.5473477244377136, 0.5178781747817993, 0.49430254101753235, 0.5049116015434265, 0.5056974291801453]
test/correction_patch_cosine: [-0.009677459485828876, -0.022901350632309914, -0.011840850114822388, 0.004519329871982336, 0.019359592348337173, 0.028616515919566154, 0.03174218907952309, 0.03577610105276108, 0.03532371297478676, 0.033777184784412384, 0.03897783160209656, 0.03223998472094536, 0.030475789681077003, 0.025978265330195427, 0.03189587965607643, 0.02350165881216526, 0.033457301557064056, 0.01579892262816429, -0.011599244549870491, -0.006322483066469431, -0.004567368887364864]
test/correction_patch_magnitude_ratio: [0.01916336640715599, 0.017032912001013756, 0.016003189608454704, 0.01527902390807867, 0.014885111711919308, 0.014597687870264053, 0.014269093051552773, 0.014027507044374943, 0.01395344641059637, 0.013475888408720493, 0.013442669063806534, 0.013198485597968102, 0.012884674593806267, 0.012789219617843628, 0.01281676348298788, 0.012490320019423962, 0.012830833904445171, 0.012764557264745235, 0.012465551495552063, 0.012471752241253853, 0.01235046423971653]
test/correction_patch_optimal_scalar: [0.19751957058906555, -0.7410454750061035, -0.2598329186439514, 1.3757983446121216, 2.680077314376831, 3.40722918510437, 3.8427414894104004, 4.4674177169799805, 3.655019760131836, 2.8639113903045654, 2.7429652214050293, 2.3891165256500244, 2.2558369636535645, 2.3768186569213867, 3.026994228363037, 2.106502056121826, 2.9959022998809814, 2.3800787925720215, 0.23330537974834442, 0.542873203754425, 0.4595613479614258]
