[train]
train/correction_beneficial_ratio: 0.3994201421737671
train/correction_beneficial_ratio_far: 0.4107106328010559
train/correction_beneficial_ratio_middle: 0.3843819499015808
train/correction_beneficial_ratio_near: 0.40316781401634216
train/correction_cosine_far: -0.08007929474115372
train/correction_cosine_mean: -0.08425445854663849
train/correction_cosine_middle: -0.1010262593626976
train/correction_cosine_near: -0.07165776938199997
train/correction_magnitude_ratio_far: 0.02159702032804489
train/correction_magnitude_ratio_mean: 0.026420950889587402
train/correction_magnitude_ratio_middle: 0.023805057629942894
train/correction_magnitude_ratio_near: 0.033860787749290466
train/correction_optimal_scalar_far: 0.4157969653606415
train/correction_optimal_scalar_mean: -0.6040357947349548
train/correction_optimal_scalar_middle: -1.5039676427841187
train/correction_optimal_scalar_near: -0.7239343523979187
train/correction_patch_beneficial_ratio: [0.4170646667480469, 0.384218692779541, 0.38609394431114197, 0.3992792069911957, 0.41328489780426025, 0.4185883104801178, 0.40364500880241394, 0.37999939918518066, 0.37041813135147095, 0.3745202124118805, 0.3863576352596283, 0.3909578323364258, 0.3969351649284363, 0.3914852440357208, 0.38732457160949707, 0.40021681785583496, 0.4149843156337738, 0.4265580475330353, 0.4256790280342102, 0.41436901688575745, 0.40584254264831543]
train/correction_patch_cosine: [-0.04728848114609718, -0.09208465367555618, -0.09284025430679321, -0.07883691042661667, -0.06435569375753403, -0.05690751224756241, -0.06929118931293488, -0.10027456283569336, -0.1125606894493103, -0.1099587082862854, -0.10115253180265427, -0.09317478537559509, -0.09172780066728592, -0.09833458065986633, -0.10101931542158127, -0.08811212331056595, -0.07740809768438339, -0.06608475744724274, -0.06562978029251099, -0.07877251505851746, -0.08352866768836975]
train/correction_patch_magnitude_ratio: [0.04930316284298897, 0.03760967403650284, 0.03305225074291229, 0.030457882210612297, 0.029322873800992966, 0.02950286865234375, 0.027776818722486496, 0.02553856000304222, 0.024416834115982056, 0.023745892569422722, 0.0238236952573061, 0.02386225014925003, 0.023128502070903778, 0.022119605913758278, 0.021646056324243546, 0.02173268422484398, 0.021938137710094452, 0.022074442356824875, 0.02156594954431057, 0.02115115150809288, 0.021070711314678192]
train/correction_patch_optimal_scalar: [0.07680664211511612, -1.1832817792892456, -0.9644522070884705, -1.4738531112670898, -1.5403398275375366, -0.2493961602449417, 0.26697978377342224, -0.7973775267601013, -1.7376656532287598, -2.9446117877960205, -2.717742681503296, -2.0016117095947266, -0.37934955954551697, 0.05056944862008095, 0.39162805676460266, 0.15974469482898712, -0.7181110978126526, 0.27817922830581665, 1.994003415107727, 0.8913213610649109, -0.08619038760662079]
[test]
test/correction_beneficial_ratio: 0.3397364616394043
test/correction_beneficial_ratio_far: 0.365502268075943
test/correction_beneficial_ratio_middle: 0.3168657124042511
test/correction_beneficial_ratio_near: 0.3368414342403412
test/correction_cosine_far: -0.124045729637146
test/correction_cosine_mean: -0.1439903825521469
test/correction_cosine_middle: -0.17368963360786438
test/correction_cosine_near: -0.1342357099056244
test/correction_magnitude_ratio_far: 0.023365067318081856
test/correction_magnitude_ratio_mean: 0.028605109080672264
test/correction_magnitude_ratio_middle: 0.02518266998231411
test/correction_magnitude_ratio_near: 0.03726761043071747
test/correction_optimal_scalar_far: -7.124931335449219
test/correction_optimal_scalar_mean: -6.615455627441406
test/correction_optimal_scalar_middle: -8.066020011901855
test/correction_optimal_scalar_near: -4.6554131507873535
test/correction_patch_beneficial_ratio: [0.3784532845020294, 0.3366115391254425, 0.3174787759780884, 0.31631648540496826, 0.32436299324035645, 0.33965131640434265, 0.34501564502716064, 0.31783637404441833, 0.308806449174881, 0.30827000737190247, 0.3181940019130707, 0.3172105550765991, 0.3248994052410126, 0.32284310460090637, 0.3211444020271301, 0.34573090076446533, 0.37147966027259827, 0.3885560929775238, 0.3920429050922394, 0.37559232115745544, 0.3639695942401886]
test/correction_patch_cosine: [-0.07476633042097092, -0.13805200159549713, -0.15752138197422028, -0.15845870971679688, -0.14614607393741608, -0.1312948763370514, -0.13341067731380463, -0.1745392382144928, -0.19063514471054077, -0.18643265962600708, -0.1712941974401474, -0.16712138056755066, -0.15984204411506653, -0.16596265137195587, -0.17255254089832306, -0.1544543355703354, -0.12443666160106659, -0.09655994176864624, -0.09067196398973465, -0.10783978551626205, -0.12180520594120026]
test/correction_patch_magnitude_ratio: [0.0530223548412323, 0.040925636887550354, 0.03641146048903465, 0.03392491489648819, 0.03292900323867798, 0.03321811929345131, 0.030441738665103912, 0.02694537118077278, 0.025652626529335976, 0.02519293874502182, 0.025450726971030235, 0.02570323646068573, 0.024494949728250504, 0.022838817909359932, 0.02222231589257717, 0.022686738520860672, 0.023709887638688087, 0.024736717343330383, 0.024103287607431412, 0.023178908973932266, 0.022917568683624268]
test/correction_patch_optimal_scalar: [-0.9000808596611023, -3.5148565769195557, -4.797232627868652, -6.687027931213379, -6.8537278175354, -6.003839015960693, -3.8311219215393066, -6.262319087982178, -8.259538650512695, -9.531432151794434, -9.321929931640625, -8.845538139343262, -7.032515525817871, -7.208878517150879, -9.15636157989502, -8.685123443603516, -8.408271789550781, -6.151788711547852, -4.412834644317627, -5.291139602661133, -7.768998146057129]
