[train]
train/correction_beneficial_ratio: 0.4865005314350128
train/correction_beneficial_ratio_far: 0.49772098660469055
train/correction_beneficial_ratio_middle: 0.4959488809108734
train/correction_beneficial_ratio_near: 0.4658317267894745
train/correction_cosine_far: 0.0034471694380044937
train/correction_cosine_mean: -0.001032970380038023
train/correction_cosine_middle: 0.006840935908257961
train/correction_cosine_near: -0.013387004844844341
train/correction_magnitude_ratio_far: 0.009537981823086739
train/correction_magnitude_ratio_mean: 0.011475824750959873
train/correction_magnitude_ratio_middle: 0.011216778308153152
train/correction_magnitude_ratio_near: 0.013672715052962303
train/correction_optimal_scalar_far: 0.719226062297821
train/correction_optimal_scalar_mean: 1.2727118730545044
train/correction_optimal_scalar_middle: 2.9714648723602295
train/correction_optimal_scalar_near: 0.12744009494781494
train/correction_patch_beneficial_ratio: [0.48217251896858215, 0.46492013335227966, 0.451373815536499, 0.4612140655517578, 0.45776358246803284, 0.45955270528793335, 0.4706709384918213, 0.47795528173446655, 0.4594249129295349, 0.47974440455436707, 0.4590415358543396, 0.46492013335227966, 0.4624920189380646, 0.46594250202178955, 0.4702875316143036, 0.4848562180995941, 0.48575079441070557, 0.4847284257411957, 0.4958466589450836, 0.4826837182044983, 0.4742492139339447, 0.5116932988166809, 0.48217251896858215, 0.5040255784988403, 0.5180830955505371, 0.5087540149688721, 0.4936741292476654, 0.5017252564430237, 0.5151437520980835, 0.4958466589450836, 0.4926517605781555, 0.4989137351512909, 0.4879233241081238, 0.4898402690887451, 0.5013418793678284, 0.503642201423645, 0.5078594088554382, 0.49661341309547424, 0.4972524046897888, 0.4954632520675659, 0.5007028579711914, 0.5023642182350159, 0.4911182224750519, 0.4957188367843628, 0.5044089555740356]
train/correction_patch_cosine: [-0.006728535518050194, -0.01162913627922535, -0.02502155862748623, -0.019554169848561287, -0.01753750629723072, -0.014982982538640499, -0.015448772348463535, -0.0038246901240199804, -0.01279047317802906, -0.00881064124405384, -0.012289448641240597, -0.010517260059714317, -0.015035117045044899, -0.013301972299814224, -0.013332986272871494, -0.00023821249487809837, 0.005405421834439039, -0.003440692089498043, 0.006395420059561729, 0.003421611152589321, -0.0010461825877428055, 0.011325259692966938, -0.0011148130288347602, 0.014229608699679375, 0.014162116684019566, 0.014241030439734459, 0.005140544846653938, 0.008777983486652374, 0.020534098148345947, 0.004821121692657471, 0.0013471163110807538, 0.007149833254516125, -0.00423100171610713, -0.004675617441534996, 0.0010884186485782266, -0.002437305636703968, 0.007131400518119335, 0.0018211868591606617, 0.006277204491198063, 0.00514097698032856, 0.0094919353723526, 0.004983853083103895, 0.003585633123293519, 0.008012712001800537, 0.007020881399512291]
train/correction_patch_magnitude_ratio: [0.01803397387266159, 0.0159907229244709, 0.01530443225055933, 0.014464459381997585, 0.01406664215028286, 0.013799653388559818, 0.013403977267444134, 0.013109198771417141, 0.01288667879998684, 0.012774856761097908, 0.01244327798485756, 0.012299822643399239, 0.012272821739315987, 0.012122324667870998, 0.01211792603135109, 0.012066011317074299, 0.011888518929481506, 0.011836322024464607, 0.011703375726938248, 0.011486361734569073, 0.011419125832617283, 0.011402308940887451, 0.011232005432248116, 0.011255777440965176, 0.011066114529967308, 0.010867142118513584, 0.010693642310798168, 0.010582953691482544, 0.010471140034496784, 0.010280872695147991, 0.01020806934684515, 0.010198389180004597, 0.010047515854239464, 0.00992563832551241, 0.00981557834893465, 0.009713779203593731, 0.009686420671641827, 0.009549656882882118, 0.009471787139773369, 0.009411962702870369, 0.009236739948391914, 0.009092120453715324, 0.008995880372822285, 0.008912979625165462, 0.008803178556263447]
train/correction_patch_optimal_scalar: [-0.5541075468063354, -0.7716019749641418, -1.2390822172164917, -0.9718102216720581, -0.43706685304641724, -0.2227276712656021, -0.1816273331642151, 1.1662031412124634, 0.44996917247772217, 0.901184618473053, 1.0136126279830933, 0.7137518525123596, 0.317590594291687, 1.0105513334274292, 0.7167697548866272, 1.884635329246521, 2.865201234817505, 1.9398143291473389, 2.941232681274414, 2.961452007293701, 2.324967861175537, 3.4071877002716064, 2.564661979675293, 4.365048408508301, 3.766874313354492, 3.7675747871398926, 2.719639539718628, 2.868374824523926, 4.115462779998779, 2.079890489578247, 0.7753785252571106, 1.243720531463623, 0.06690743565559387, -0.20195583999156952, 0.24623849987983704, 0.25947755575180054, 1.3471914529800415, 1.01396906375885, 1.3919788599014282, 1.1621816158294678, 1.3099273443222046, 0.4636806547641754, 0.16088257730007172, 0.9665884971618652, 0.5822465419769287]
[test]
test/correction_beneficial_ratio: 0.4071160554885864
test/correction_beneficial_ratio_far: 0.3957735598087311
test/correction_beneficial_ratio_middle: 0.3795156478881836
test/correction_beneficial_ratio_near: 0.4460589289665222
test/correction_cosine_far: -0.056693244725465775
test/correction_cosine_mean: -0.05281337723135948
test/correction_cosine_middle: -0.07062509655952454
test/correction_cosine_near: -0.03112182952463627
test/correction_magnitude_ratio_far: 0.01130941417068243
test/correction_magnitude_ratio_mean: 0.013308565132319927
test/correction_magnitude_ratio_middle: 0.013027891516685486
test/correction_magnitude_ratio_near: 0.015588431619107723
test/correction_optimal_scalar_far: -6.298087120056152
test/correction_optimal_scalar_mean: -5.041261196136475
test/correction_optimal_scalar_middle: -6.408273220062256
test/correction_optimal_scalar_near: -2.4174251556396484
test/correction_patch_beneficial_ratio: [0.5622397065162659, 0.49976861476898193, 0.4928273856639862, 0.48125869035720825, 0.4706154465675354, 0.4715409576892853, 0.4484035074710846, 0.478482186794281, 0.4197131097316742, 0.432207316160202, 0.42017585039138794, 0.3789912164211273, 0.3799166977405548, 0.3785284459590912, 0.3762147128582001, 0.4266543388366699, 0.39009717106819153, 0.3632577657699585, 0.38037946820259094, 0.3896344304084778, 0.34058305621147156, 0.39379915595054626, 0.364183247089386, 0.3766774535179138, 0.3817676901817322, 0.3752892315387726, 0.34382230043411255, 0.3688107430934906, 0.41601109504699707, 0.3817676901817322, 0.36372050642967224, 0.4086071252822876, 0.3854696750640869, 0.3831559419631958, 0.3988893926143646, 0.3766774535179138, 0.3822304606437683, 0.36603423953056335, 0.40259140729904175, 0.39379915595054626, 0.43452104926109314, 0.4132346212863922, 0.4099953770637512, 0.4155483543872833, 0.4021286368370056]
test/correction_patch_cosine: [0.036321546882390976, 0.008142136968672276, -0.010022030211985111, -0.008507772348821163, -0.012598096393048763, -0.01813354156911373, -0.026438333094120026, -0.010799734853208065, -0.041499800980091095, -0.03951907902956009, -0.04829057306051254, -0.07334285974502563, -0.08079767227172852, -0.06353064626455307, -0.077811598777771, -0.05241253972053528, -0.05363913252949715, -0.07631710916757584, -0.06880397349596024, -0.060983117669820786, -0.08596079796552658, -0.07009392976760864, -0.07804159820079803, -0.07006160914897919, -0.07691603899002075, -0.07024474442005157, -0.0900716558098793, -0.08454010635614395, -0.04713265225291252, -0.0741562470793724, -0.07613454014062881, -0.0441252775490284, -0.06439652293920517, -0.06951604038476944, -0.05884069204330444, -0.07211622595787048, -0.062188781797885895, -0.06901463866233826, -0.056601542979478836, -0.049255672842264175, -0.030155755579471588, -0.04954767972230911, -0.04823632910847664, -0.042613435536623, -0.05765557289123535]
test/correction_patch_magnitude_ratio: [0.01941470056772232, 0.01789521984755993, 0.01716362126171589, 0.016487838700413704, 0.016373828053474426, 0.016234584152698517, 0.015764480456709862, 0.01548861712217331, 0.01509924791753292, 0.014548194594681263, 0.014398563653230667, 0.014038379304111004, 0.013705028221011162, 0.013732061721384525, 0.01348184421658516, 0.013559052720665932, 0.013656164519488811, 0.013810335658490658, 0.013708602637052536, 0.01368748489767313, 0.013408683240413666, 0.013209071941673756, 0.012787300162017345, 0.01274695061147213, 0.012394240126013756, 0.01250334270298481, 0.012583351694047451, 0.012314191088080406, 0.012611438520252705, 0.012438075616955757, 0.012382980436086655, 0.012629697099328041, 0.012392878532409668, 0.012000315822660923, 0.011958489194512367, 0.011657746508717537, 0.01112694013863802, 0.011301439255475998, 0.011044199578464031, 0.010758649557828903, 0.010799668729305267, 0.010693077929317951, 0.010421562008559704, 0.010317404754459858, 0.010155901312828064]
test/correction_patch_optimal_scalar: [1.6504435539245605, 0.18354561924934387, -0.9130035638809204, -0.5024949312210083, -1.0279637575149536, -1.1886699199676514, -1.5522356033325195, -0.41931718587875366, -2.4209368228912354, -2.3268632888793945, -3.320734977722168, -5.9826860427856445, -6.306126594543457, -5.330247402191162, -6.8040361404418945, -4.629640102386475, -4.847286224365234, -6.683046340942383, -5.834572792053223, -5.058394908905029, -7.193447113037109, -5.55263090133667, -6.510526180267334, -6.50498104095459, -7.135478496551514, -7.284247875213623, -9.193124771118164, -8.108698844909668, -4.6744384765625, -6.913567543029785, -6.698620796203613, -3.810410737991333, -5.56981086730957, -5.789880752563477, -5.6330437660217285, -7.463903903961182, -7.056384563446045, -8.079218864440918, -7.601468563079834, -6.541494369506836, -4.016656875610352, -6.263321876525879, -6.2683000564575195, -5.7744550704956055, -7.904380798339844]
