[train]
train/correction_beneficial_ratio: 0.48668229579925537
train/correction_beneficial_ratio_far: 0.5046645402908325
train/correction_beneficial_ratio_middle: 0.4876251220703125
train/correction_beneficial_ratio_near: 0.4677571952342987
train/correction_cosine_far: 0.0165497288107872
train/correction_cosine_mean: 0.003312588669359684
train/correction_cosine_middle: 0.006348798517137766
train/correction_cosine_near: -0.012960780411958694
train/correction_magnitude_ratio_far: 0.013287278823554516
train/correction_magnitude_ratio_mean: 0.01524733193218708
train/correction_magnitude_ratio_middle: 0.014561955817043781
train/correction_magnitude_ratio_near: 0.017892763018608093
train/correction_optimal_scalar_far: 1.7894682884216309
train/correction_optimal_scalar_mean: 1.2435855865478516
train/correction_optimal_scalar_middle: 1.8159894943237305
train/correction_optimal_scalar_near: 0.12529605627059937
train/correction_patch_beneficial_ratio: [0.44511181116104126, 0.46031948924064636, 0.4678594172000885, 0.462619811296463, 0.46351438760757446, 0.4732268452644348, 0.47578275203704834, 0.4750159680843353, 0.4654313027858734, 0.47335463762283325, 0.463386595249176, 0.46555909514427185, 0.48178914189338684, 0.4774440824985504, 0.46594250202178955, 0.46913737058639526, 0.48562300205230713, 0.4734824299812317, 0.47463259100914, 0.4819169342517853, 0.4844728410243988, 0.4865175783634186, 0.48843449354171753, 0.4929073452949524, 0.4898402690887451, 0.5095207691192627, 0.49738019704818726, 0.49316293001174927, 0.5014696717262268, 0.485878586769104, 0.490095853805542, 0.48741215467453003, 0.4915015995502472, 0.49559104442596436, 0.49456867575645447, 0.4964856207370758, 0.5013418793678284, 0.5028753876686096, 0.5110543370246887, 0.5211501717567444, 0.5223003029823303, 0.5113099217414856, 0.5106709003448486, 0.5196166038513184, 0.5139936208724976]
train/correction_patch_cosine: [-0.025694765150547028, -0.018314305692911148, -0.020295219495892525, -0.02223113179206848, -0.014719638042151928, -0.01228956039994955, -0.006866891402751207, -0.003583047306165099, -0.014814632944762707, -0.015426870435476303, -0.017690956592559814, -0.013832159340381622, -0.0008492846973240376, -0.0011095852823927999, -0.00669352151453495, -0.0036537684500217438, 0.0010232141939923167, -0.005378964357078075, -0.0007591754547320306, 8.982892904896289e-05, 0.0046458374708890915, 0.005831483751535416, 0.00952340941876173, 0.011961732059717178, 0.010701896622776985, 0.01928642764687538, 0.012006332166492939, 0.010311559773981571, 0.01372405607253313, 0.005918507929891348, 0.005668947473168373, 0.005539409350603819, 0.009439523331820965, 0.010428907349705696, 0.010524697601795197, 0.009327077306807041, 0.011470313183963299, 0.013904296793043613, 0.024407027289271355, 0.02726217731833458, 0.02889198809862137, 0.025816548615694046, 0.022140508517622948, 0.02428763173520565, 0.019136643037199974]
train/correction_patch_magnitude_ratio: [0.02454010769724846, 0.0206861961632967, 0.019792800769209862, 0.018109474331140518, 0.018103746697306633, 0.01809626817703247, 0.01760498620569706, 0.017433563247323036, 0.01709367334842682, 0.016664255410432816, 0.016347886994481087, 0.01624307595193386, 0.015924183651804924, 0.01591368392109871, 0.015837503597140312, 0.015433100052177906, 0.015349355526268482, 0.01523895189166069, 0.014932490885257721, 0.01483062282204628, 0.014789503067731857, 0.014567396603524685, 0.014492282643914223, 0.01459820568561554, 0.01425902359187603, 0.014285995624959469, 0.014153467491269112, 0.013801146298646927, 0.013874487951397896, 0.013823317363858223, 0.013771173544228077, 0.013921884819865227, 0.013902026228606701, 0.013488231226801872, 0.013392971828579903, 0.013312716968357563, 0.013252179138362408, 0.013093598186969757, 0.013283874839544296, 0.013120521791279316, 0.013081037439405918, 0.013064245693385601, 0.012840854935348034, 0.012955881655216217, 0.01282800268381834]
train/correction_patch_optimal_scalar: [-0.6605600118637085, -0.3935773968696594, -0.4346391260623932, -0.8482369184494019, -0.3255257308483124, 0.13405875861644745, 0.5760533809661865, 0.8739575147628784, 0.22781814634799957, 0.09323728829622269, -0.1788628250360489, -0.06630098074674606, 0.8901639580726624, 1.192338466644287, 0.799510657787323, 0.8681195974349976, 1.4760031700134277, 1.2033592462539673, 1.5915254354476929, 1.726867437362671, 2.203251838684082, 2.056971549987793, 2.2880072593688965, 2.4931750297546387, 2.025334119796753, 2.5600521564483643, 2.0068957805633545, 1.659808874130249, 1.9578486680984497, 1.122643232345581, 1.0453884601593018, 0.8406664729118347, 1.2036142349243164, 1.1029866933822632, 1.082556962966919, 1.1773529052734375, 1.4228332042694092, 1.63069486618042, 2.6292006969451904, 2.6102869510650635, 2.7640366554260254, 2.4576172828674316, 2.3306798934936523, 2.559004068374634, 1.9851375818252563]
[test]
test/correction_beneficial_ratio: 0.4546043574810028
test/correction_beneficial_ratio_far: 0.44223353266716003
test/correction_beneficial_ratio_middle: 0.41064321994781494
test/correction_beneficial_ratio_near: 0.5109363198280334
test/correction_cosine_far: -0.036985933780670166
test/correction_cosine_mean: -0.024170763790607452
test/correction_cosine_middle: -0.055552177131175995
test/correction_cosine_near: 0.0200258269906044
test/correction_magnitude_ratio_far: 0.012864260002970695
test/correction_magnitude_ratio_mean: 0.014832880347967148
test/correction_magnitude_ratio_middle: 0.014363802038133144
test/correction_magnitude_ratio_near: 0.01727059669792652
test/correction_optimal_scalar_far: -4.155314922332764
test/correction_optimal_scalar_mean: -2.0687830448150635
test/correction_optimal_scalar_middle: -4.5046000480651855
test/correction_optimal_scalar_near: 2.4535694122314453
test/correction_patch_beneficial_ratio: [0.4553447365760803, 0.4497917592525482, 0.4585839807987213, 0.4650624692440033, 0.5043961405754089, 0.5205923318862915, 0.5363257527351379, 0.55622398853302, 0.5548357367515564, 0.5668671727180481, 0.5340120196342468, 0.529847264289856, 0.5284590721130371, 0.5099490880966187, 0.4937528967857361, 0.4919019043445587, 0.46459972858428955, 0.43683481216430664, 0.42804256081581116, 0.39796391129493713, 0.3928736746311188, 0.37806570529937744, 0.3701989948749542, 0.3743637204170227, 0.40027764439582825, 0.41045811772346497, 0.41230911016464233, 0.39565014839172363, 0.3951874077320099, 0.4109208583831787, 0.4150856137275696, 0.4095326364040375, 0.42804256081581116, 0.43452104926109314, 0.41693660616874695, 0.4076816141605377, 0.44146227836608887, 0.441925048828125, 0.48125869035720825, 0.47478020191192627, 0.45580750703811646, 0.4571957290172577, 0.45349374413490295, 0.4507172703742981, 0.4650624692440033]
test/correction_patch_cosine: [-0.01831829734146595, -0.017356837168335915, -0.02156081423163414, -0.016000352799892426, 0.015139088034629822, 0.036777496337890625, 0.0481424443423748, 0.055689841508865356, 0.04718552902340889, 0.045874208211898804, 0.03236335515975952, 0.030178209766745567, 0.023407692089676857, 0.022721195593476295, 0.016144786030054092, -0.002595294266939163, -0.016734983772039413, -0.03197219967842102, -0.04695191979408264, -0.062177129089832306, -0.05862097069621086, -0.07856959849596024, -0.08402042835950851, -0.07365678250789642, -0.06878427416086197, -0.05363555625081062, -0.05567142367362976, -0.07472283393144608, -0.06590286642313004, -0.05926690250635147, -0.05820227786898613, -0.05731990560889244, -0.04212043806910515, -0.048692263662815094, -0.057725947350263596, -0.058529555797576904, -0.03515835478901863, -0.03186819702386856, 0.0009428930934518576, -0.016994895413517952, -0.03135714307427406, -0.023084694519639015, -0.027604619041085243, -0.037239737808704376, -0.029833538457751274]
test/correction_patch_magnitude_ratio: [0.021415576338768005, 0.01914242096245289, 0.01839449442923069, 0.017466705292463303, 0.01774446852505207, 0.017654769122600555, 0.017586112022399902, 0.01736803539097309, 0.016937581822276115, 0.016605988144874573, 0.016170836985111237, 0.01601029373705387, 0.015702156350016594, 0.01547927688807249, 0.015380331315100193, 0.01497402973473072, 0.015131663531064987, 0.015126065351068974, 0.014952084980905056, 0.014710298739373684, 0.014492562972009182, 0.014231442473828793, 0.013999542221426964, 0.01414340641349554, 0.013738884590566158, 0.013887410052120686, 0.014172845520079136, 0.013768565841019154, 0.014075418002903461, 0.014052608981728554, 0.014028196223080158, 0.014105801470577717, 0.01395033486187458, 0.013358020223677158, 0.01315518282353878, 0.013031362555921078, 0.01283467747271061, 0.012516042217612267, 0.012848974205553532, 0.012463883496820927, 0.012330529280006886, 0.0124282818287611, 0.012029709294438362, 0.011971286498010159, 0.011911477893590927]
test/correction_patch_optimal_scalar: [-0.4561469852924347, -0.4467278718948364, -1.3781310319900513, -0.9953859448432922, 1.2950299978256226, 3.4419631958007812, 4.199344158172607, 4.930703639984131, 4.472360134124756, 4.218082904815674, 3.3297054767608643, 4.020966529846191, 3.5206916332244873, 3.5278778076171875, 3.1231932640075684, 0.49265894293785095, -0.5071082711219788, -1.71821928024292, -3.106832265853882, -4.361437797546387, -4.813968658447266, -6.6776604652404785, -7.385404109954834, -6.7993621826171875, -6.526937484741211, -5.363272666931152, -4.5859832763671875, -6.296645164489746, -5.454278945922852, -4.4646196365356445, -4.248896598815918, -4.6824188232421875, -3.795382022857666, -4.675223350524902, -5.635558128356934, -5.764341831207275, -3.780521869659424, -4.124340534210205, -1.439674735069275, -3.044273853302002, -4.840636730194092, -3.837033748626709, -3.8948709964752197, -4.844447135925293, -3.722081422805786]
