[train]
train/correction_beneficial_ratio: 0.5361753702163696
train/correction_beneficial_ratio_far: 0.5283511281013489
train/correction_beneficial_ratio_middle: 0.5518683195114136
train/correction_beneficial_ratio_near: 0.5283066630363464
train/correction_cosine_far: 0.04932444915175438
train/correction_cosine_mean: 0.06209113821387291
train/correction_cosine_middle: 0.08514627814292908
train/correction_cosine_near: 0.051802679896354675
train/correction_magnitude_ratio_far: 0.01700524613261223
train/correction_magnitude_ratio_mean: 0.02900899574160576
train/correction_magnitude_ratio_middle: 0.02260085567831993
train/correction_magnitude_ratio_near: 0.047420892864465714
train/correction_optimal_scalar_far: 6.228427410125732
train/correction_optimal_scalar_mean: 5.247805595397949
train/correction_optimal_scalar_middle: 6.8097710609436035
train/correction_optimal_scalar_near: 2.7052180767059326
train/correction_patch_beneficial_ratio: [0.45106762647628784, 0.4570729434490204, 0.4937722384929657, 0.5057829022407532, 0.5084519386291504, 0.5077847242355347, 0.5182384252548218, 0.5329181551933289, 0.5391458868980408, 0.5531583428382874, 0.5642793774604797, 0.581850528717041, 0.5749555230140686, 0.5698398351669312, 0.5662811398506165, 0.5589413046836853, 0.5613878965377808, 0.558051586151123, 0.5542704463005066, 0.5551601648330688, 0.5520462393760681, 0.5491548180580139, 0.5427046418190002, 0.546040952205658, 0.5478202700614929, 0.5482650995254517, 0.5551601648330688, 0.5509341359138489, 0.5516014099121094, 0.5464857816696167, 0.5420373678207397, 0.5322508811950684, 0.5278024673461914, 0.5311387777328491, 0.525355875492096, 0.5278024673461914, 0.5202401876449585, 0.5298042893409729, 0.525355875492096, 0.524021327495575, 0.5195729732513428, 0.5260231494903564, 0.5280249118804932, 0.5349199175834656, 0.5309163928031921]
train/correction_patch_cosine: [0.005742579698562622, -0.0012115549761801958, 0.01414820458739996, 0.029141169041395187, 0.0326986238360405, 0.028999947011470795, 0.03632957860827446, 0.045561108738183975, 0.058287493884563446, 0.07039576023817062, 0.07980366051197052, 0.09080157428979874, 0.09167065471410751, 0.09873941540718079, 0.09593222290277481, 0.09386036545038223, 0.09447670727968216, 0.09372864663600922, 0.09201259911060333, 0.088837631046772, 0.0844414085149765, 0.08086797595024109, 0.07933857291936874, 0.08267129212617874, 0.08354503661394119, 0.0858430564403534, 0.08511253446340561, 0.08190155029296875, 0.07745291292667389, 0.07310442626476288, 0.07140178978443146, 0.06683601438999176, 0.0608871690928936, 0.05892544612288475, 0.057418037205934525, 0.05160774290561676, 0.04661954566836357, 0.046018000692129135, 0.04334263503551483, 0.04075350984930992, 0.038426291197538376, 0.037932153791189194, 0.03679460659623146, 0.0398290790617466, 0.04307412728667259]
train/correction_patch_magnitude_ratio: [0.1254134327173233, 0.07833996415138245, 0.06371311098337173, 0.055523816496133804, 0.04920105263590813, 0.04429388791322708, 0.040725383907556534, 0.03764074295759201, 0.03527708724141121, 0.033067867159843445, 0.03148534893989563, 0.030566059052944183, 0.02958662621676922, 0.02863054908812046, 0.027848506346344948, 0.02713906019926071, 0.02606853097677231, 0.02479773387312889, 0.023869460448622704, 0.023460084572434425, 0.02306143194437027, 0.022657133638858795, 0.02258828468620777, 0.022381268441677094, 0.021868642419576645, 0.021337123587727547, 0.02087889052927494, 0.0202989149838686, 0.019563907757401466, 0.01904229074716568, 0.018711939454078674, 0.018345709890127182, 0.018048403784632683, 0.017717724665999413, 0.017440758645534515, 0.017191387712955475, 0.017018206417560577, 0.01682240143418312, 0.016633983701467514, 0.016445055603981018, 0.01627434976398945, 0.016175607219338417, 0.016140351071953773, 0.016084782779216766, 0.01602794975042343]
train/correction_patch_optimal_scalar: [0.0868125706911087, 0.29662466049194336, 1.0003657341003418, 1.6143690347671509, 1.6801972389221191, 1.5521758794784546, 1.6996132135391235, 2.1059200763702393, 2.59452748298645, 3.1552894115448, 3.8619463443756104, 4.629968643188477, 4.8934526443481445, 5.550471305847168, 5.856476306915283, 6.116523742675781, 6.198071479797363, 6.35083532333374, 6.552146911621094, 6.662010669708252, 6.735995292663574, 6.973490238189697, 7.196765422821045, 7.177571773529053, 7.090645790100098, 7.313977241516113, 7.34370231628418, 7.15877103805542, 6.807612419128418, 6.4684906005859375, 6.530296325683594, 6.269411087036133, 5.905422210693359, 5.968284606933594, 6.03262996673584, 5.822692394256592, 5.581058979034424, 5.821014404296875, 6.0204033851623535, 6.180261135101318, 6.379303455352783, 6.709030628204346, 6.6776556968688965, 6.709704875946045, 6.819257736206055]
[test]
test/correction_beneficial_ratio: 0.2720969021320343
test/correction_beneficial_ratio_far: 0.1847117841243744
test/correction_beneficial_ratio_middle: 0.26248955726623535
test/correction_beneficial_ratio_near: 0.36908939480781555
test/correction_cosine_far: -0.3806089162826538
test/correction_cosine_mean: -0.25710412859916687
test/correction_cosine_middle: -0.27699747681617737
test/correction_cosine_near: -0.11370589584112167
test/correction_magnitude_ratio_far: 0.011975511908531189
test/correction_magnitude_ratio_mean: 0.022614022716879845
test/correction_magnitude_ratio_middle: 0.01725609041750431
test/correction_magnitude_ratio_near: 0.038610465824604034
test/correction_optimal_scalar_far: -44.37717056274414
test/correction_optimal_scalar_mean: -25.941621780395508
test/correction_optimal_scalar_middle: -26.30704689025879
test/correction_optimal_scalar_near: -7.140605926513672
test/correction_patch_beneficial_ratio: [0.4385964870452881, 0.4423559010028839, 0.47117793560028076, 0.4536340832710266, 0.38847118616104126, 0.33834585547447205, 0.3358395993709564, 0.3446115255355835, 0.34962406754493713, 0.3458646535873413, 0.34210526943206787, 0.36340853571891785, 0.32706767320632935, 0.310776948928833, 0.2844611406326294, 0.2882205545902252, 0.308270663022995, 0.30451127886772156, 0.27694234251976013, 0.259398490190506, 0.2518796920776367, 0.23558896780014038, 0.24310776591300964, 0.24686716496944427, 0.25313282012939453, 0.25313282012939453, 0.25563910603523254, 0.2518796920776367, 0.2518796920776367, 0.25689223408699036, 0.25313282012939453, 0.22932331264019012, 0.20676691830158234, 0.20676691830158234, 0.19548872113227844, 0.18295739591121674, 0.17418546974658966, 0.17042607069015503, 0.18170426785945892, 0.16917292773723602, 0.1791979968547821, 0.16040100157260895, 0.15162907540798187, 0.1553884744644165, 0.1541353315114975]
test/correction_patch_cosine: [-0.030098993331193924, -0.024893464520573616, 0.002329527633264661, -0.031077299267053604, -0.07125221937894821, -0.1191100999712944, -0.132200688123703, -0.1360211819410324, -0.1385842263698578, -0.14152929186820984, -0.14600904285907745, -0.15259890258312225, -0.17325934767723083, -0.19152745604515076, -0.21975654363632202, -0.2270035445690155, -0.21733048558235168, -0.2338196486234665, -0.2512049376964569, -0.2653926908969879, -0.2853885889053345, -0.29681357741355896, -0.29969048500061035, -0.29427269101142883, -0.29793885350227356, -0.2959785461425781, -0.2937507927417755, -0.2976433038711548, -0.2950996458530426, -0.30363503098487854, -0.31739869713783264, -0.334676593542099, -0.35076621174812317, -0.3513745367527008, -0.36442145705223083, -0.37509089708328247, -0.38599810004234314, -0.3928399384021759, -0.39025866985321045, -0.39269745349884033, -0.3926504850387573, -0.40636664628982544, -0.4141521751880646, -0.416626900434494, -0.4238150417804718]
test/correction_patch_magnitude_ratio: [0.10240636020898819, 0.06678000092506409, 0.05298580974340439, 0.04562332108616829, 0.0401545949280262, 0.034449826925992966, 0.03138323873281479, 0.028759734705090523, 0.02759648486971855, 0.026851272210478783, 0.02617131546139717, 0.025174234062433243, 0.024204827845096588, 0.02357577532529831, 0.02304033562541008, 0.02214556746184826, 0.02114826627075672, 0.02032916247844696, 0.019339824095368385, 0.0184866301715374, 0.017645150423049927, 0.016989456489682198, 0.016501598060131073, 0.015941902995109558, 0.015516825951635838, 0.015268457122147083, 0.01510187704116106, 0.014975528232753277, 0.014781083911657333, 0.0146700544282794, 0.014308431185781956, 0.01393199898302555, 0.013712706044316292, 0.01339355856180191, 0.012970632873475552, 0.012471012771129608, 0.01204633992165327, 0.011674371547996998, 0.0113846305757761, 0.011121231131255627, 0.010857817716896534, 0.01064606849104166, 0.01050514355301857, 0.010382919572293758, 0.010225760750472546]
test/correction_patch_optimal_scalar: [-0.335679292678833, -0.5696283578872681, 0.05988214164972305, -1.2315928936004639, -2.9202189445495605, -5.034839153289795, -5.792487621307373, -7.144168376922607, -7.891208171844482, -8.963996887207031, -9.940836906433105, -11.517754554748535, -13.685429573059082, -15.158099174499512, -16.98305892944336, -18.253129959106445, -18.722637176513672, -20.593294143676758, -22.00992774963379, -23.023841857910156, -25.286521911621094, -26.843120574951172, -27.854259490966797, -28.228845596313477, -28.837547302246094, -29.424863815307617, -29.806650161743164, -31.180057525634766, -31.5828857421875, -32.958106994628906, -34.72300338745117, -36.71485900878906, -38.90336990356445, -39.517417907714844, -41.09701919555664, -42.42301940917969, -43.95032501220703, -45.424842834472656, -46.228515625, -47.1710319519043, -47.602149963378906, -49.37947463989258, -50.65658950805664, -50.73863220214844, -51.12783432006836]
