[train]
train/correction_beneficial_ratio: 0.5183915495872498
train/correction_beneficial_ratio_far: 0.5356490015983582
train/correction_beneficial_ratio_middle: 0.5246680378913879
train/correction_beneficial_ratio_near: 0.4948575496673584
train/correction_cosine_far: 0.07941784709692001
train/correction_cosine_mean: 0.06661767512559891
train/correction_cosine_middle: 0.07037000358104706
train/correction_cosine_near: 0.050065215677022934
train/correction_magnitude_ratio_far: 0.07621923834085464
train/correction_magnitude_ratio_mean: 0.08049944788217545
train/correction_magnitude_ratio_middle: 0.07951304316520691
train/correction_magnitude_ratio_near: 0.08576615899801254
train/correction_optimal_scalar_far: 0.9639742374420166
train/correction_optimal_scalar_mean: 0.6988253593444824
train/correction_optimal_scalar_middle: 0.7643884420394897
train/correction_optimal_scalar_near: 0.36811351776123047
train/correction_patch_beneficial_ratio: [0.48385918140411377, 0.48641735315322876, 0.4826410114765167, 0.5001827478408813, 0.5070044994354248, 0.49981728196144104, 0.5040808916091919, 0.509075403213501, 0.516384482383728, 0.5249117016792297, 0.5338043570518494, 0.5335607528686523, 0.5246680378913879, 0.5302716493606567, 0.534778892993927, 0.5402606725692749, 0.5389207005500793, 0.5408697724342346, 0.5383116006851196, 0.5261298418045044, 0.5302716493606567]
train/correction_patch_cosine: [0.040050312876701355, 0.04521707817912102, 0.044872358441352844, 0.05606745183467865, 0.057144634425640106, 0.050565555691719055, 0.05653899535536766, 0.059350259602069855, 0.06262271106243134, 0.07026349753141403, 0.07420507073402405, 0.07778484374284744, 0.07405497133731842, 0.07430845499038696, 0.07689208537340164, 0.08309333026409149, 0.08189558237791061, 0.08026528358459473, 0.07818831503391266, 0.07622858136892319, 0.07936188578605652]
train/correction_patch_magnitude_ratio: [0.09293538331985474, 0.08870478719472885, 0.08639167994260788, 0.08434461057186127, 0.0832756832242012, 0.08269931375980377, 0.08201148360967636, 0.08155935257673264, 0.08088549971580505, 0.07992827892303467, 0.07919646799564362, 0.07870499044656754, 0.07831976562738419, 0.0779966190457344, 0.07752420008182526, 0.07689277827739716, 0.07694628834724426, 0.07661580294370651, 0.0758814811706543, 0.07522841542959213, 0.07444559037685394]
train/correction_patch_optimal_scalar: [0.06545870006084442, 0.2484283149242401, 0.28342264890670776, 0.43366673588752747, 0.4948822557926178, 0.4641159474849701, 0.586821973323822, 0.6430909037590027, 0.6980848908424377, 0.7453810572624207, 0.7611008882522583, 0.8302594423294067, 0.8297823071479797, 0.8430213332176208, 0.8627666234970093, 0.9811756610870361, 0.986395001411438, 0.9600348472595215, 0.9477085471153259, 0.9518139362335205, 1.0579215288162231]
[test]
test/correction_beneficial_ratio: 0.537580668926239
test/correction_beneficial_ratio_far: 0.5164749026298523
test/correction_beneficial_ratio_middle: 0.5736177563667297
test/correction_beneficial_ratio_near: 0.5226494669914246
test/correction_cosine_far: 0.08779847621917725
test/correction_cosine_mean: 0.09188210964202881
test/correction_cosine_middle: 0.11868734657764435
test/correction_cosine_near: 0.0691603347659111
test/correction_magnitude_ratio_far: 0.08638852089643478
test/correction_magnitude_ratio_mean: 0.08801324665546417
test/correction_magnitude_ratio_middle: 0.08802973479032516
test/correction_magnitude_ratio_near: 0.08962143957614899
test/correction_optimal_scalar_far: 0.20196788012981415
test/correction_optimal_scalar_mean: 0.2576504945755005
test/correction_optimal_scalar_middle: 0.5799030661582947
test/correction_optimal_scalar_near: -0.008918773382902145
test/correction_patch_beneficial_ratio: [0.45854616165161133, 0.48801571130752563, 0.4919449985027313, 0.5347740650177002, 0.5567780137062073, 0.5536345839500427, 0.5748526453971863, 0.5815324187278748, 0.5874263048171997, 0.601178765296936, 0.5897839069366455, 0.5599214434623718, 0.5489194393157959, 0.5465618968009949, 0.5277013778686523, 0.511591374874115, 0.49430254101753235, 0.5021610856056213, 0.5049116015434265, 0.5210216045379639, 0.5536345839500427]
test/correction_patch_cosine: [0.015168477781116962, 0.04078644514083862, 0.05420175939798355, 0.0778280645608902, 0.08849281072616577, 0.09741643816232681, 0.11022800207138062, 0.11961300671100616, 0.1253623217344284, 0.13537803292274475, 0.12746663391590118, 0.1124560609459877, 0.10479974001646042, 0.10573673248291016, 0.09629089385271072, 0.08117726445198059, 0.07216371595859528, 0.08158954232931137, 0.07764787971973419, 0.09410341829061508, 0.11161701381206512]
test/correction_patch_magnitude_ratio: [0.09089158475399017, 0.0895654559135437, 0.08884847164154053, 0.08920679241418839, 0.08932960778474808, 0.08962526172399521, 0.08988262712955475, 0.08984693884849548, 0.08928795158863068, 0.08801013231277466, 0.08770062774419785, 0.08739897608757019, 0.0867648646235466, 0.08719924837350845, 0.08721312135457993, 0.08669475466012955, 0.08643676340579987, 0.08616431057453156, 0.08634193986654282, 0.08635260909795761, 0.08551635593175888]
test/correction_patch_optimal_scalar: [-0.5369195342063904, -0.334750771522522, -0.19244998693466187, 0.11809785664081573, 0.20504505932331085, 0.28548482060432434, 0.3930611312389374, 0.508097767829895, 0.6452258825302124, 0.8491542935371399, 0.7332006692886353, 0.5420042872428894, 0.389250248670578, 0.3923863172531128, 0.250887393951416, 0.0012851017527282238, -0.08739683777093887, 0.10668756812810898, 0.034742571413517, 0.3664361834526062, 0.7411308288574219]
