[train]
train/correction_beneficial_ratio: 0.49878329038619995
train/correction_beneficial_ratio_far: 0.4998004138469696
train/correction_beneficial_ratio_middle: 0.5052765011787415
train/correction_beneficial_ratio_near: 0.49127301573753357
train/correction_cosine_far: 0.016249798238277435
train/correction_cosine_mean: 0.018539151176810265
train/correction_cosine_middle: 0.02175281196832657
train/correction_cosine_near: 0.01761481538414955
train/correction_magnitude_ratio_far: 0.050326697528362274
train/correction_magnitude_ratio_mean: 0.05615045875310898
train/correction_magnitude_ratio_middle: 0.050910916179418564
train/correction_magnitude_ratio_near: 0.06721378117799759
train/correction_optimal_scalar_far: 0.6652086973190308
train/correction_optimal_scalar_mean: 0.5320969820022583
train/correction_optimal_scalar_middle: 0.5909108519554138
train/correction_optimal_scalar_near: 0.3401709198951721
train/correction_patch_beneficial_ratio: [0.46434909105300903, 0.5003049373626709, 0.5110889077186584, 0.5067919492721558, 0.46362829208374023, 0.44411176443099976, 0.4402860999107361, 0.4617154598236084, 0.49514859914779663, 0.5278886556625366, 0.5365102887153625, 0.5335994958877563, 0.5210412740707397, 0.4919050931930542, 0.4707252085208893, 0.46881237626075745, 0.48705366253852844, 0.5205422639846802, 0.5466289520263672, 0.5479319095611572, 0.5263916850090027, 0.49966734647750854, 0.4703925549983978, 0.4648480713367462, 0.46717676520347595, 0.48735862970352173, 0.5105344653129578, 0.5335162878036499, 0.5293579697608948, 0.5189343690872192, 0.5118651390075684, 0.4820636510848999, 0.4710024297237396, 0.47352516651153564, 0.4990297257900238, 0.5174373388290405, 0.5408072471618652, 0.5362330675125122, 0.5212075710296631, 0.5113661289215088, 0.48572298884391785, 0.4721667766571045, 0.4723331034183502, 0.4910733997821808, 0.5111721158027649]
train/correction_patch_cosine: [0.018463609740138054, 0.034095585346221924, 0.03614204376935959, 0.02638799324631691, -0.005394387058913708, -0.024810582399368286, -0.024364573881030083, -0.0015202914364635944, 0.021095814183354378, 0.04482680931687355, 0.05100967735052109, 0.04420671612024307, 0.03509689122438431, 0.014851348474621773, -0.005864143371582031, -0.006222567521035671, 0.012345712631940842, 0.037835150957107544, 0.05761471018195152, 0.05559241399168968, 0.03931569680571556, 0.017667414620518684, -0.012283198535442352, -0.020623330026865005, -0.011321748606860638, 0.009889909066259861, 0.027987603098154068, 0.044196341186761856, 0.04116188362240791, 0.0331362821161747, 0.02832341194152832, 0.006804794073104858, -0.004620478022843599, -0.005503039341419935, 0.014212364330887794, 0.03181670233607292, 0.04736925661563873, 0.04274795204401016, 0.031163828447461128, 0.02222701534628868, 0.0036433616187423468, -0.006375534925609827, -0.0005236917058937252, 0.009262687526643276, 0.02319837361574173]
train/correction_patch_magnitude_ratio: [0.10525231063365936, 0.07629372924566269, 0.06893525272607803, 0.06944401562213898, 0.07409153878688812, 0.07663481682538986, 0.07389293611049652, 0.06761346757411957, 0.05998054891824722, 0.05511125549674034, 0.05279350280761719, 0.053105276077985764, 0.05549374595284462, 0.059167467057704926, 0.0603967159986496, 0.05867960304021835, 0.05459583178162575, 0.04994814842939377, 0.047259461134672165, 0.04758533090353012, 0.049031030386686325, 0.051238980144262314, 0.05425764620304108, 0.05649341270327568, 0.055134810507297516, 0.05131435766816139, 0.04733783379197121, 0.045992862433195114, 0.04641157016158104, 0.04838300496339798, 0.05154819041490555, 0.0550471693277359, 0.057062748819589615, 0.05493457615375519, 0.05071235075592995, 0.04637627676129341, 0.044529903680086136, 0.04491887614130974, 0.046148210763931274, 0.04932546988129616, 0.0530235730111599, 0.05449821427464485, 0.05293698608875275, 0.04874119907617569, 0.04509652405977249]
train/correction_patch_optimal_scalar: [-0.03779800981283188, 0.2582153081893921, 0.40407833456993103, 0.44329479336738586, 0.14582610130310059, -0.004321462474763393, -0.037494003772735596, 0.14594636857509613, 0.2494739592075348, 0.555865466594696, 0.8129451274871826, 0.7491343021392822, 0.7604764103889465, 0.49359533190727234, 0.16332586109638214, 0.12292052805423737, 0.40984195470809937, 0.7281180620193481, 1.1379666328430176, 1.156658411026001, 0.8422457575798035, 0.4954642057418823, 0.011281544342637062, -0.0588790625333786, 0.09188893437385559, 0.4462771713733673, 0.7231684923171997, 1.0303752422332764, 0.9598958492279053, 0.7664437890052795, 0.8978897333145142, 0.5810781121253967, 0.38261204957962036, 0.36001765727996826, 0.693529486656189, 0.9606661200523376, 1.2809231281280518, 1.035015344619751, 0.7213921546936035, 0.722508430480957, 0.42642587423324585, 0.2673889994621277, 0.39034685492515564, 0.5012715458869934, 0.7570655941963196]
[test]
test/correction_beneficial_ratio: 0.5132224559783936
test/correction_beneficial_ratio_far: 0.5208418369293213
test/correction_beneficial_ratio_middle: 0.5048201084136963
test/correction_beneficial_ratio_near: 0.5140054225921631
test/correction_cosine_far: 0.02014324814081192
test/correction_cosine_mean: 0.020293978974223137
test/correction_cosine_middle: 0.011800448410212994
test/correction_cosine_near: 0.028938239440321922
test/correction_magnitude_ratio_far: 0.03751624375581741
test/correction_magnitude_ratio_mean: 0.04426492378115654
test/correction_magnitude_ratio_middle: 0.04143092781305313
test/correction_magnitude_ratio_near: 0.05384761467576027
test/correction_optimal_scalar_far: 0.48930200934410095
test/correction_optimal_scalar_mean: 0.3320517838001251
test/correction_optimal_scalar_middle: 0.0728771761059761
test/correction_optimal_scalar_near: 0.4339762330055237
test/correction_patch_beneficial_ratio: [0.45183297991752625, 0.4673116207122803, 0.5196537971496582, 0.5675152540206909, 0.5485743284225464, 0.5318737030029297, 0.5278003811836243, 0.5267820954322815, 0.5364562273025513, 0.5038696527481079, 0.466598778963089, 0.5025458335876465, 0.5298370718955994, 0.5221995711326599, 0.5072301626205444, 0.4959266781806946, 0.5136456489562988, 0.527393102645874, 0.5130346417427063, 0.49073320627212524, 0.5049898028373718, 0.5209776163101196, 0.5104888081550598, 0.5080447793006897, 0.5030549764633179, 0.49256619811058044, 0.5010183453559875, 0.4906313717365265, 0.4864562153816223, 0.5133401155471802, 0.5380855202674866, 0.5514256358146667, 0.5523421764373779, 0.5340121984481812, 0.524236261844635, 0.5188391208648682, 0.5052953362464905, 0.4901221990585327, 0.502342164516449, 0.5198574066162109, 0.5396130084991455, 0.5355396866798401, 0.5165987610816956, 0.49572300910949707, 0.4885947108268738]
test/correction_patch_cosine: [0.011437630280852318, 0.0003873040259350091, 0.040238652378320694, 0.07204096019268036, 0.05490412563085556, 0.04255854710936546, 0.02962246909737587, 0.03384395316243172, 0.03972925618290901, 0.014908271841704845, -0.0054403748363256454, 0.02094433270394802, 0.03772597387433052, 0.025963950902223587, 0.015208614990115166, 0.002669069916009903, 0.012271972373127937, 0.02776089683175087, 0.019483724609017372, 0.004256580024957657, 0.01887565478682518, 0.03205516189336777, 0.0190908033400774, 0.014325499534606934, 0.009657026268541813, 0.004441327881067991, 0.00215131975710392, -0.0040177106857299805, -0.0060853478498756886, 0.020070668309926987, 0.037738505750894547, 0.040919575840234756, 0.03954801708459854, 0.024417832493782043, 0.019333280622959137, 0.014074119739234447, 0.004716796334832907, -0.005606717895716429, 0.012675193138420582, 0.028452793136239052, 0.030873922631144524, 0.0280972421169281, 0.01781555637717247, 0.005686537828296423, 0.003406098112463951]
test/correction_patch_magnitude_ratio: [0.09849824756383896, 0.06697000563144684, 0.05794386938214302, 0.05584806948900223, 0.05466946214437485, 0.053868889808654785, 0.05226532369852066, 0.05100816860795021, 0.04989796131849289, 0.04699131101369858, 0.0440947599709034, 0.04337914288043976, 0.04400791972875595, 0.04430977255105972, 0.0439615473151207, 0.04346337169408798, 0.04327261075377464, 0.04355425015091896, 0.042701903730630875, 0.041517484933137894, 0.04167855530977249, 0.04254204034805298, 0.04247266799211502, 0.04202117398381233, 0.04091828316450119, 0.04012458398938179, 0.03998320922255516, 0.03955996409058571, 0.03866434469819069, 0.03898938000202179, 0.03957216814160347, 0.03942123427987099, 0.03931540250778198, 0.038564182817935944, 0.03791416436433792, 0.03775641322135925, 0.03740544617176056, 0.036645472049713135, 0.03657267242670059, 0.03720024228096008, 0.03731290251016617, 0.03690746799111366, 0.0362631194293499, 0.03581235930323601, 0.03608009219169617]
test/correction_patch_optimal_scalar: [-0.40471553802490234, -0.5799120664596558, 0.444929838180542, 1.4175852537155151, 1.2652876377105713, 1.1475813388824463, 0.7943868637084961, 0.6011826992034912, 0.6616743206977844, -0.10442055761814117, -0.7023586630821228, 0.15350939333438873, 0.7426614761352539, 0.6448283195495605, 0.4274224042892456, 0.06761457026004791, 0.12083471566438675, 0.38642579317092896, 0.02442045882344246, -0.37159326672554016, 0.1595436930656433, 0.5732123851776123, 0.2887498438358307, 0.12944085896015167, 0.03247837349772453, -0.1544397473335266, -0.11687499284744263, -0.20718370378017426, -0.2835101783275604, 0.4440456032752991, 1.076820731163025, 1.1377493143081665, 1.023690938949585, 0.6142069697380066, 0.6394340991973877, 0.5373285412788391, 0.2370578795671463, 0.02846074290573597, 0.46527600288391113, 0.8807387351989746, 0.7870597243309021, 0.5502629280090332, 0.1280454695224762, -0.33394455909729004, -0.4326637387275696]
