[train]
train/correction_beneficial_ratio: 0.4952177107334137
train/correction_beneficial_ratio_far: 0.49402478337287903
train/correction_beneficial_ratio_middle: 0.48974689841270447
train/correction_beneficial_ratio_near: 0.5018815398216248
train/correction_cosine_far: 0.003861933248117566
train/correction_cosine_mean: 0.003741054330021143
train/correction_cosine_middle: -0.0040526180528104305
train/correction_cosine_near: 0.011413857340812683
train/correction_magnitude_ratio_far: 0.019564462825655937
train/correction_magnitude_ratio_mean: 0.025595977902412415
train/correction_magnitude_ratio_middle: 0.023127024993300438
train/correction_magnitude_ratio_near: 0.03409644588828087
train/correction_optimal_scalar_far: -1.4373142719268799
train/correction_optimal_scalar_mean: -0.9566108584403992
train/correction_optimal_scalar_middle: -0.8812984228134155
train/correction_optimal_scalar_near: -0.5512233972549438
train/correction_patch_beneficial_ratio: [0.4872688949108124, 0.5168331861495972, 0.5175070762634277, 0.5062556862831116, 0.5102991461753845, 0.4836063086986542, 0.49140027165412903, 0.4861847758293152, 0.4875325858592987, 0.47270649671554565, 0.49049195647239685, 0.4863312840461731, 0.5049078464508057, 0.500073254108429, 0.4932169020175934, 0.4800609350204468, 0.5017727017402649, 0.4932462275028229, 0.4993407428264618, 0.4947405457496643, 0.4957953691482544]
train/correction_patch_cosine: [0.004886992741376162, 0.026685521006584167, 0.026825811713933945, 0.014286219142377377, 0.013214285485446453, -0.0035071149468421936, -0.002494728658348322, -0.008023671805858612, -0.008834980428218842, -0.021370554342865944, -0.007365600671619177, -0.0060561904683709145, 0.010433143936097622, 0.012849321588873863, 0.001105422736145556, -0.009876183234155178, 0.008977108635008335, 0.01139888260513544, 0.010193397291004658, 0.0034145109821110964, 0.0018205236410722136]
train/correction_patch_magnitude_ratio: [0.052699025720357895, 0.03721866384148598, 0.033656246960163116, 0.03134049475193024, 0.02918393909931183, 0.02833407185971737, 0.026242677122354507, 0.024691062048077583, 0.024109328165650368, 0.023806435987353325, 0.023870093747973442, 0.02395457774400711, 0.021386314183473587, 0.02007131278514862, 0.01961253583431244, 0.019503723829984665, 0.01997174136340618, 0.020409945398569107, 0.019503112882375717, 0.01878432370722294, 0.01916588842868805]
train/correction_patch_optimal_scalar: [0.8608006834983826, 1.7795906066894531, -0.7934108376502991, -2.160351276397705, -0.8309482336044312, -1.2023259401321411, -1.5119181871414185, -1.8717702627182007, -2.684286594390869, -3.7979345321655273, -1.6481447219848633, 0.5208628177642822, 2.31292724609375, 0.9992847442626953, -3.4076545238494873, -4.178305149078369, -0.4312957227230072, 0.6932461261749268, 0.36811521649360657, -1.3960561752319336, -1.7092519998550415]
[test]
test/correction_beneficial_ratio: 0.48644229769706726
test/correction_beneficial_ratio_far: 0.4964429438114166
test/correction_beneficial_ratio_middle: 0.4886646568775177
test/correction_beneficial_ratio_near: 0.47421929240226746
test/correction_cosine_far: 0.01104738935828209
test/correction_cosine_mean: 0.000692114990670234
test/correction_cosine_middle: 0.006557112094014883
test/correction_cosine_near: -0.015528122894465923
test/correction_magnitude_ratio_far: 0.0198737233877182
test/correction_magnitude_ratio_mean: 0.023777928203344345
test/correction_magnitude_ratio_middle: 0.022072527557611465
test/correction_magnitude_ratio_near: 0.02938755229115486
test/correction_optimal_scalar_far: -1.562889814376831
test/correction_optimal_scalar_mean: -1.357095718383789
test/correction_optimal_scalar_middle: -0.027441387996077538
test/correction_optimal_scalar_near: -2.4809482097625732
test/correction_patch_beneficial_ratio: [0.45999106764793396, 0.4797496795654297, 0.46410369873046875, 0.4708985388278961, 0.47679927945137024, 0.48323649168014526, 0.48475638031959534, 0.48198479413986206, 0.48547160625457764, 0.4824318289756775, 0.4862762689590454, 0.4882431924343109, 0.4983460009098053, 0.49789896607398987, 0.5069289207458496, 0.4954850375652313, 0.5079123973846436, 0.49333930015563965, 0.4824318289756775, 0.49137237668037415, 0.4976307451725006]
test/correction_patch_cosine: [-0.02411065436899662, -0.016054052859544754, -0.021633703261613846, -0.028427472338080406, -0.02287069894373417, -0.0023346845991909504, 0.006734304595738649, 0.001806414220482111, -0.003919579088687897, -0.006384784355759621, 0.005448228679597378, 0.010656607337296009, 0.019278869032859802, 0.019013984128832817, 0.018619902431964874, 0.007057602051645517, 0.017455946654081345, 0.011421973817050457, -0.0015301257371902466, 0.00679556280374527, 0.01751076988875866]
test/correction_patch_magnitude_ratio: [0.04406387358903885, 0.03113485686480999, 0.027987055480480194, 0.026571111753582954, 0.025825366377830505, 0.02637389488518238, 0.023756681010127068, 0.0219033844769001, 0.022029800340533257, 0.02318720892071724, 0.02371302805840969, 0.023657942190766335, 0.020791038870811462, 0.019225256517529488, 0.01921316795051098, 0.020163044333457947, 0.021177098155021667, 0.021234434098005295, 0.019473735243082047, 0.01845342293381691, 0.01940114237368107]
test/correction_patch_optimal_scalar: [0.866643488407135, -0.7394169569015503, -7.222327709197998, -9.739325523376465, -2.784839391708374, -0.025151722133159637, 2.277757167816162, 2.856703996658325, -1.7345726490020752, -4.197144031524658, -0.44115230441093445, 0.2457907795906067, 1.9330896139144897, 1.1451951265335083, -3.5594072341918945, -4.830915451049805, 0.996585488319397, -0.25717952847480774, -0.7986694574356079, -0.06996552646160126, -2.420711040496826]
