[train]
train/correction_beneficial_ratio: 0.5051924586296082
train/correction_beneficial_ratio_far: 0.4919235110282898
train/correction_beneficial_ratio_middle: 0.49733155965805054
train/correction_beneficial_ratio_near: 0.5263224244117737
train/correction_cosine_far: 0.006664376240223646
train/correction_cosine_mean: 0.020788108929991722
train/correction_cosine_middle: 0.012470184825360775
train/correction_cosine_near: 0.043229781091213226
train/correction_magnitude_ratio_far: 0.03730389475822449
train/correction_magnitude_ratio_mean: 0.0417848564684391
train/correction_magnitude_ratio_middle: 0.04051230847835541
train/correction_magnitude_ratio_near: 0.04753834754228592
train/correction_optimal_scalar_far: 2.745189666748047
train/correction_optimal_scalar_mean: 2.3292031288146973
train/correction_optimal_scalar_middle: 2.2829244136810303
train/correction_optimal_scalar_near: 1.9594933986663818
train/correction_patch_beneficial_ratio: [0.5384570360183716, 0.49758270382881165, 0.5167160034179688, 0.5447859764099121, 0.5464853644371033, 0.5368747711181641, 0.5033549070358276, 0.4969967007637024, 0.4971431791782379, 0.5102991461753845, 0.5106214880943298, 0.49752411246299744, 0.4806762635707855, 0.48805999755859375, 0.4896129369735718, 0.48826509714126587, 0.48662427067756653, 0.4968501925468445, 0.49421313405036926, 0.4946233332157135, 0.49327552318573]
train/correction_patch_cosine: [0.06412528455257416, 0.01578357443213463, 0.03242681547999382, 0.058588333427906036, 0.06005571782588959, 0.05089140683412552, 0.02073720656335354, 0.010071597062051296, 0.013211891055107117, 0.02093120478093624, 0.022358538582921028, 0.013765566051006317, 0.0019273092038929462, 0.005025230813771486, 0.007475490216165781, 0.004336155951023102, 0.0016267368337139487, 0.010661452077329159, 0.006348027382045984, 0.007571764290332794, 0.008630982600152493]
train/correction_patch_magnitude_ratio: [0.06331556290388107, 0.04925406724214554, 0.04433181509375572, 0.0431414432823658, 0.04359699413180351, 0.04482065513730049, 0.044308025389909744, 0.04077543318271637, 0.03908367455005646, 0.038992032408714294, 0.04116881638765335, 0.042535122483968735, 0.042081233114004135, 0.0389498807489872, 0.03720435872673988, 0.03810451179742813, 0.039724089205265045, 0.038954947143793106, 0.03761349990963936, 0.03527363762259483, 0.03425222262740135]
train/correction_patch_optimal_scalar: [2.307258129119873, 0.38908860087394714, 1.5030155181884766, 2.6420981884002686, 3.035984754562378, 2.8250927925109863, 1.013923168182373, 1.0340375900268555, 2.2627155780792236, 3.5136096477508545, 3.1366238594055176, 1.9704904556274414, 1.6421821117401123, 2.420820713043213, 2.739105224609375, 3.189007520675659, 2.641972303390503, 2.3204257488250732, 2.3598599433898926, 2.944307804107666, 3.02164888381958]
[test]
test/correction_beneficial_ratio: 0.4326670467853546
test/correction_beneficial_ratio_far: 0.4373459219932556
test/correction_beneficial_ratio_middle: 0.41982245445251465
test/correction_beneficial_ratio_near: 0.4408327341079712
test/correction_cosine_far: -0.054592352360486984
test/correction_cosine_mean: -0.055939581245183945
test/correction_cosine_middle: -0.07288067042827606
test/correction_cosine_near: -0.040345702320337296
test/correction_magnitude_ratio_far: 0.03629135340452194
test/correction_magnitude_ratio_mean: 0.039564408361911774
test/correction_magnitude_ratio_middle: 0.03820327669382095
test/correction_magnitude_ratio_near: 0.04419856145977974
test/correction_optimal_scalar_far: 1.8380521535873413
test/correction_optimal_scalar_mean: 1.0915473699569702
test/correction_optimal_scalar_middle: 0.8088758587837219
test/correction_optimal_scalar_near: 0.6277139186859131
test/correction_patch_beneficial_ratio: [0.46347787976264954, 0.42351362109184265, 0.43746089935302734, 0.44747430086135864, 0.4537326693534851, 0.4524810016155243, 0.40768885612487793, 0.3971390128135681, 0.4145731031894684, 0.43692445755004883, 0.44345104694366455, 0.43084487318992615, 0.4084935188293457, 0.407331258058548, 0.41671881079673767, 0.42807331681251526, 0.4431828260421753, 0.4570406675338745, 0.4498882293701172, 0.4416629374027252, 0.42485472559928894]
test/correction_patch_cosine: [-0.0018594522261992097, -0.05910183861851692, -0.04236123710870743, -0.031337909400463104, -0.031887855380773544, -0.03697029501199722, -0.0789017453789711, -0.09725533425807953, -0.08144783228635788, -0.06307268887758255, -0.051262613385915756, -0.054617635905742645, -0.07962553948163986, -0.08288292586803436, -0.07136142253875732, -0.06582745909690857, -0.050755374133586884, -0.025541657581925392, -0.0420573465526104, -0.055785078555345535, -0.07081791758537292]
test/correction_patch_magnitude_ratio: [0.058200903236866, 0.04523395001888275, 0.04154428094625473, 0.04099787771701813, 0.04075226932764053, 0.041523877531290054, 0.04113684967160225, 0.03755932301282883, 0.035750068724155426, 0.036057475954294205, 0.03856821730732918, 0.04086204990744591, 0.041056811809539795, 0.037568919360637665, 0.03559747710824013, 0.03654329106211662, 0.03844838961958885, 0.03861618787050247, 0.037308186292648315, 0.03429136052727699, 0.03323475271463394]
test/correction_patch_optimal_scalar: [1.3795946836471558, -0.7149202227592468, 0.3891764283180237, 1.2398720979690552, 1.5452516078948975, 1.9799351692199707, -1.424906849861145, -1.9253801107406616, 0.35061052441596985, 2.699218988418579, 3.3467724323272705, 2.474134922027588, -0.30076465010643005, -0.982471227645874, 0.7217758297920227, 1.1748487949371338, 2.8795645236968994, 3.832822322845459, 1.705102801322937, 1.0732156038284302, 1.4790384769439697]
