[train]
train/correction_beneficial_ratio: 0.5687076449394226
train/correction_beneficial_ratio_far: 0.5796721577644348
train/correction_beneficial_ratio_middle: 0.5829396843910217
train/correction_beneficial_ratio_near: 0.543511152267456
train/correction_cosine_far: 0.07751762866973877
train/correction_cosine_mean: 0.07439945638179779
train/correction_cosine_middle: 0.08181954175233841
train/correction_cosine_near: 0.063861183822155
train/correction_magnitude_ratio_far: 0.06698091328144073
train/correction_magnitude_ratio_mean: 0.07388610392808914
train/correction_magnitude_ratio_middle: 0.06791072338819504
train/correction_magnitude_ratio_near: 0.08676670491695404
train/correction_optimal_scalar_far: 1.9502102136611938
train/correction_optimal_scalar_mean: 1.656947374343872
train/correction_optimal_scalar_middle: 1.8798223733901978
train/correction_optimal_scalar_near: 1.1408097743988037
train/correction_patch_beneficial_ratio: [0.5259203910827637, 0.5867986083030701, 0.5782324075698853, 0.5470725297927856, 0.4879685044288635, 0.4446384906768799, 0.43499112129211426, 0.4843645989894867, 0.5544466376304626, 0.5992459654808044, 0.6269959807395935, 0.6188733577728271, 0.5938955545425415, 0.5514249205589294, 0.5177977085113525, 0.5048236846923828, 0.5428032875061035, 0.5888223648071289, 0.618707001209259, 0.6406631469726562, 0.6278831362724304, 0.601713240146637, 0.5594921112060547, 0.5235916972160339, 0.5126413702964783, 0.5438844561576843, 0.5895153880119324, 0.6166001558303833, 0.6407740116119385, 0.6321800947189331, 0.6105289459228516, 0.5673930048942566, 0.5309658646583557, 0.523952066898346, 0.5543912053108215, 0.6002439856529236, 0.6212020516395569, 0.643601655960083, 0.6339820623397827, 0.6127189993858337, 0.5672266483306885, 0.5380073189735413, 0.5316311717033386, 0.5581337213516235, 0.6011033654212952]
train/correction_patch_cosine: [0.06623657047748566, 0.10189170390367508, 0.09862547367811203, 0.07058808207511902, 0.022134365513920784, -0.010833416134119034, -0.017625592648983, 0.021287284791469574, 0.07622206211090088, 0.10557786375284195, 0.12178285419940948, 0.1138969212770462, 0.09472502022981644, 0.060780808329582214, 0.03262777626514435, 0.024896111339330673, 0.05300980806350708, 0.09384921193122864, 0.11372173577547073, 0.12766459584236145, 0.11676134914159775, 0.09645092487335205, 0.05854489654302597, 0.03684080392122269, 0.030940573662519455, 0.05422680452466011, 0.08360876888036728, 0.10313758999109268, 0.11859492212533951, 0.11504501849412918, 0.10166321694850922, 0.0664101094007492, 0.04104267433285713, 0.037790779024362564, 0.06118747219443321, 0.0914754569530487, 0.10581936687231064, 0.11876047402620316, 0.11834852397441864, 0.09924709051847458, 0.06561222672462463, 0.047353196889162064, 0.04620698094367981, 0.0669134333729744, 0.09493359178304672]
train/correction_patch_magnitude_ratio: [0.11414409428834915, 0.08848704397678375, 0.08523053675889969, 0.09074002504348755, 0.09936878085136414, 0.1060134768486023, 0.10446590930223465, 0.09428039193153381, 0.08124464005231857, 0.07056707888841629, 0.06442439556121826, 0.06578707695007324, 0.07158266752958298, 0.07975514978170395, 0.085409015417099, 0.08499303460121155, 0.07793454080820084, 0.06884142011404037, 0.06166079640388489, 0.05805777385830879, 0.06012783944606781, 0.06558334827423096, 0.07272841781377792, 0.07867491990327835, 0.0782419741153717, 0.07250145077705383, 0.06487561762332916, 0.05933642014861107, 0.05646658316254616, 0.05863692983984947, 0.06415969878435135, 0.07113519310951233, 0.07619024813175201, 0.07566329091787338, 0.07037166506052017, 0.06391498446464539, 0.05897658318281174, 0.056524429470300674, 0.05830569937825203, 0.0634540393948555, 0.06940151005983353, 0.07364333420991898, 0.07294365018606186, 0.06785303354263306, 0.062176212668418884]
train/correction_patch_optimal_scalar: [0.5682122111320496, 1.0409667491912842, 1.2340413331985474, 1.1245540380477905, 0.5804442763328552, 0.28270748257637024, 0.27500978112220764, 0.7237709760665894, 1.4745628833770752, 1.8139636516571045, 2.112910032272339, 2.051114797592163, 1.8079572916030884, 1.2095091342926025, 0.8124244213104248, 0.7572137117385864, 1.1962814331054688, 1.9752495288848877, 2.357865333557129, 2.709986686706543, 2.5128979682922363, 2.124526023864746, 1.4119499921798706, 1.0503000020980835, 0.9312610626220703, 1.3168504238128662, 1.9859120845794678, 2.3667151927948, 2.748277187347412, 2.752044916152954, 2.4771883487701416, 1.7872103452682495, 1.3136872053146362, 1.2665754556655884, 1.6570130586624146, 2.2777228355407715, 2.477466106414795, 2.6848106384277344, 2.6622836589813232, 2.1748812198638916, 1.552642583847046, 1.3242849111557007, 1.3514610528945923, 1.8177235126495361, 2.428199052810669]
[test]
test/correction_beneficial_ratio: 0.5105113983154297
test/correction_beneficial_ratio_far: 0.5195044279098511
test/correction_beneficial_ratio_middle: 0.5046435594558716
test/correction_beneficial_ratio_near: 0.5073862671852112
test/correction_cosine_far: 0.021684939041733742
test/correction_cosine_mean: 0.02147858589887619
test/correction_cosine_middle: 0.01436037290841341
test/correction_cosine_near: 0.028390422463417053
test/correction_magnitude_ratio_far: 0.044460054486989975
test/correction_magnitude_ratio_mean: 0.0526856854557991
test/correction_magnitude_ratio_middle: 0.04873580113053322
test/correction_magnitude_ratio_near: 0.0648612231016159
test/correction_optimal_scalar_far: 0.49309566617012024
test/correction_optimal_scalar_mean: 0.4903939664363861
test/correction_optimal_scalar_middle: 0.537122905254364
test/correction_optimal_scalar_near: 0.440963476896286
test/correction_patch_beneficial_ratio: [0.46435844898223877, 0.48910388350486755, 0.49052953720092773, 0.4862525463104248, 0.4887983798980713, 0.5040733218193054, 0.497657835483551, 0.5275967121124268, 0.5674134492874146, 0.542973518371582, 0.5270875692367554, 0.5248472690582275, 0.5076375007629395, 0.4965376853942871, 0.4959266781806946, 0.49093687534332275, 0.5088594555854797, 0.5446028709411621, 0.5174134373664856, 0.500407338142395, 0.48228105902671814, 0.48655804991722107, 0.49969449639320374, 0.49826884269714355, 0.49480652809143066, 0.5041751265525818, 0.522301435470581, 0.5121181011199951, 0.5021384954452515, 0.505091667175293, 0.5005091428756714, 0.5106924772262573, 0.5171079635620117, 0.5161914229393005, 0.5309572219848633, 0.5456211566925049, 0.5270875692367554, 0.5084521174430847, 0.4990834891796112, 0.49735233187675476, 0.5146639347076416, 0.5415478348731995, 0.5249490737915039, 0.5197556018829346, 0.5385947227478027]
test/correction_patch_cosine: [0.018085254356265068, 0.026845555752515793, 0.026677770540118217, 0.01944047026336193, 0.024483991786837578, 0.03536918759346008, 0.024678710848093033, 0.038537222892045975, 0.060323748737573624, 0.04559329152107239, 0.035151176154613495, 0.03343740478157997, 0.0189097560942173, 0.008181802928447723, 0.010141067206859589, 0.006080241873860359, 0.01877562515437603, 0.047118350863456726, 0.024365385994315147, 0.007011461071670055, 0.0033090878278017044, 0.0007165338029153645, 0.006963126827031374, 0.013022410683333874, 0.00606924993917346, 0.012745978310704231, 0.03255249932408333, 0.01812746562063694, 0.00445545231923461, 0.014092983677983284, 0.012698839418590069, 0.015731722116470337, 0.02303183451294899, 0.022229548543691635, 0.03212525323033333, 0.042233001440763474, 0.024927087128162384, 0.008626832626760006, 0.009517774917185307, 0.009002603590488434, 0.01783405803143978, 0.030362466350197792, 0.01915665529668331, 0.02241520583629608, 0.0353812538087368]
test/correction_patch_magnitude_ratio: [0.10787060111761093, 0.08031146228313446, 0.07125379890203476, 0.06911244988441467, 0.06826239824295044, 0.06854674220085144, 0.06705174595117569, 0.06369295716285706, 0.05959847941994667, 0.0552864708006382, 0.050828784704208374, 0.05048351734876633, 0.05191793665289879, 0.053509801626205444, 0.05519118160009384, 0.055508241057395935, 0.0536603145301342, 0.05156257003545761, 0.048965033143758774, 0.046338729560375214, 0.046687401831150055, 0.04856247454881668, 0.05059066042304039, 0.05205269902944565, 0.05135353282094002, 0.049224019050598145, 0.046769946813583374, 0.044459473341703415, 0.04235405474901199, 0.0429476797580719, 0.04446674883365631, 0.04597409814596176, 0.047434329986572266, 0.04772735387086868, 0.04629993438720703, 0.04453201964497566, 0.04280512034893036, 0.0410805307328701, 0.041351765394210815, 0.04277429357171059, 0.044206589460372925, 0.045737575739622116, 0.04548382759094238, 0.04410368576645851, 0.04292285442352295]
test/correction_patch_optimal_scalar: [-0.008276030421257019, 0.18136043846607208, 0.18906597793102264, 0.14695289731025696, 0.23033975064754486, 0.504630446434021, 0.2843242883682251, 0.6232749819755554, 1.3504706621170044, 0.9742565155029297, 0.6768878698348999, 0.6592928171157837, 0.3280216455459595, 0.20362849533557892, 0.27021846175193787, 0.2443002164363861, 0.5369111895561218, 1.2500110864639282, 0.8163818717002869, 0.31315839290618896, 0.02799718640744686, -0.061075855046510696, 0.11814910918474197, 0.30347001552581787, 0.3406426012516022, 0.6337940692901611, 1.2346572875976562, 1.0108715295791626, 0.6400434374809265, 0.647535502910614, 0.46611371636390686, 0.39634934067726135, 0.5464696884155273, 0.6375992298126221, 1.0737603902816772, 1.3481796979904175, 0.8930793404579163, 0.27852123975753784, 0.11863347142934799, -0.033160388469696045, 0.031825803220272064, 0.25600627064704895, 0.0905318409204483, 0.3385971486568451, 0.953926146030426]
