[train]
train/correction_beneficial_ratio: 0.39804282784461975
train/correction_beneficial_ratio_far: 0.40610066056251526
train/correction_beneficial_ratio_middle: 0.3878243565559387
train/correction_beneficial_ratio_near: 0.40020349621772766
train/correction_cosine_far: -0.07393600046634674
train/correction_cosine_mean: -0.07567290961742401
train/correction_cosine_middle: -0.09158766269683838
train/correction_cosine_near: -0.06149505078792572
train/correction_magnitude_ratio_far: 0.0891946405172348
train/correction_magnitude_ratio_mean: 0.0985049232840538
train/correction_magnitude_ratio_middle: 0.09465529769659042
train/correction_magnitude_ratio_near: 0.1116648018360138
train/correction_optimal_scalar_far: 0.03918452560901642
train/correction_optimal_scalar_mean: -0.22875499725341797
train/correction_optimal_scalar_middle: -0.4055701494216919
train/correction_optimal_scalar_near: -0.3198779821395874
train/correction_patch_beneficial_ratio: [0.407645583152771, 0.4229663610458374, 0.4257519543170929, 0.4163283407688141, 0.4158245623111725, 0.40506741404533386, 0.39757001399993896, 0.3988146483898163, 0.39253222942352295, 0.3833753168582916, 0.385568231344223, 0.3802044689655304, 0.3819528818130493, 0.3930063843727112, 0.3964439034461975, 0.38764262199401855, 0.3836420178413391, 0.3770928978919983, 0.37804117798805237, 0.3821603059768677, 0.38210105895996094, 0.3856867551803589, 0.38758334517478943, 0.3855978548526764, 0.3892724812030792, 0.3955252766609192, 0.39253222942352295, 0.3936879634857178, 0.4010668098926544, 0.39573270082473755, 0.3930952847003937, 0.39339160919189453, 0.3966217339038849, 0.40551191568374634, 0.4100755751132965, 0.40986812114715576, 0.40903836488723755, 0.40903836488723755, 0.4103126525878906, 0.41096457839012146, 0.40945324301719666, 0.4085049629211426, 0.4052748680114746, 0.41155725717544556, 0.4088013172149658]
train/correction_patch_cosine: [-0.01750815473496914, -0.027499068528413773, -0.03129018470644951, -0.04338901862502098, -0.04564769193530083, -0.05075796693563461, -0.05901653692126274, -0.06581123918294907, -0.07697220891714096, -0.08547128736972809, -0.08340474218130112, -0.08791382610797882, -0.088791124522686, -0.07856624573469162, -0.08038642257452011, -0.08880652487277985, -0.09393052011728287, -0.0987088605761528, -0.10129396617412567, -0.09714210033416748, -0.09887595474720001, -0.09542746096849442, -0.09275035560131073, -0.09252077341079712, -0.090777687728405, -0.08555473387241364, -0.087481789290905, -0.08548960834741592, -0.08116288483142853, -0.08389178663492203, -0.08763747662305832, -0.08381426334381104, -0.07484170794487, -0.06842862069606781, -0.06581132858991623, -0.06598830223083496, -0.06774870306253433, -0.07162706553936005, -0.07128272205591202, -0.07054826617240906, -0.06999967992305756, -0.07385561615228653, -0.0799076035618782, -0.07819480448961258, -0.07935414463281631]
train/correction_patch_magnitude_ratio: [0.15747958421707153, 0.12472957372665405, 0.11402907222509384, 0.1111767590045929, 0.1126129999756813, 0.1157137006521225, 0.11195461452007294, 0.10595452040433884, 0.10375283658504486, 0.10340826958417892, 0.10488155484199524, 0.1078563928604126, 0.10553499311208725, 0.0992913618683815, 0.09659624099731445, 0.09662468731403351, 0.09766232222318649, 0.10000218451023102, 0.09895540773868561, 0.09576920419931412, 0.09413708746433258, 0.09362831711769104, 0.09467319399118423, 0.0968180000782013, 0.09491785615682602, 0.09178900718688965, 0.09052381664514542, 0.09049397706985474, 0.09096352756023407, 0.09287102520465851, 0.0928867980837822, 0.09073370695114136, 0.08873797208070755, 0.08735112100839615, 0.08881953358650208, 0.09081048518419266, 0.09015242010354996, 0.08811677247285843, 0.08724001049995422, 0.08743533492088318, 0.08892113715410233, 0.09050630778074265, 0.0901741087436676, 0.08854271471500397, 0.0874909907579422]
train/correction_patch_optimal_scalar: [-0.28219205141067505, -0.43418771028518677, -0.3364759683609009, -0.2794415056705475, -0.08149538189172745, -0.08300142735242844, -0.5571667551994324, -0.39920637011528015, -0.3477734327316284, -0.29154136776924133, -0.20433752238750458, -0.2206975668668747, -0.5640495419502258, -0.3918115794658661, -0.32479482889175415, -0.3345789611339569, -0.2673274874687195, -0.3236296772956848, -0.6606619358062744, -0.46325695514678955, -0.5165159106254578, -0.43212494254112244, -0.42155715823173523, -0.41033902764320374, -0.6107283234596252, -0.43301934003829956, -0.4455629885196686, -0.4261212646961212, -0.2536185085773468, -0.0845075473189354, -0.21728789806365967, -0.05732550472021103, 0.019168652594089508, -0.059285201132297516, 0.10042497515678406, 0.19365140795707703, 0.21327143907546997, 0.14352919161319733, 0.07489674538373947, 0.0597308874130249, 0.14571557939052582, 0.2957332134246826, 0.005977390334010124, -0.04793238267302513, -0.28251758217811584]
[test]
test/correction_beneficial_ratio: 0.3284675180912018
test/correction_beneficial_ratio_far: 0.3237663209438324
test/correction_beneficial_ratio_middle: 0.3095824420452118
test/correction_beneficial_ratio_near: 0.35205382108688354
test/correction_cosine_far: -0.15720383822917938
test/correction_cosine_mean: -0.14866428077220917
test/correction_cosine_middle: -0.17794887721538544
test/correction_cosine_near: -0.1108403354883194
test/correction_magnitude_ratio_far: 0.0755201131105423
test/correction_magnitude_ratio_mean: 0.08521761745214462
test/correction_magnitude_ratio_middle: 0.08314499258995056
test/correction_magnitude_ratio_near: 0.0969877615571022
test/correction_optimal_scalar_far: -2.052319049835205
test/correction_optimal_scalar_mean: -1.5250098705291748
test/correction_optimal_scalar_middle: -1.774131417274475
test/correction_optimal_scalar_near: -0.7485791444778442
test/correction_patch_beneficial_ratio: [0.35163411498069763, 0.3675585687160492, 0.379131555557251, 0.36848440766334534, 0.3670956492424011, 0.36802148818969727, 0.36561429500579834, 0.35478195548057556, 0.3502453565597534, 0.3460790812969208, 0.338116854429245, 0.3383945822715759, 0.32830294966697693, 0.3283955156803131, 0.32895103096961975, 0.3312656283378601, 0.3233959674835205, 0.32580316066741943, 0.33867233991622925, 0.3315433859825134, 0.3223775625228882, 0.31497082114219666, 0.2983057200908661, 0.29478752613067627, 0.28941765427589417, 0.28617721796035767, 0.2858068645000458, 0.297842800617218, 0.3003425598144531, 0.30302751064300537, 0.29849088191986084, 0.3007128834724426, 0.30923062562942505, 0.3187667727470398, 0.3170076906681061, 0.3148782551288605, 0.31719285249710083, 0.3272845149040222, 0.3294139504432678, 0.3302471935749054, 0.33246922492980957, 0.3345986604690552, 0.3402462601661682, 0.3424682915210724, 0.3434867262840271]
test/correction_patch_cosine: [-0.07080201804637909, -0.08658932894468307, -0.07871779799461365, -0.08231938630342484, -0.08214634656906128, -0.08530966192483902, -0.09389961510896683, -0.11444442719221115, -0.12467380613088608, -0.12597228586673737, -0.13261808454990387, -0.13405217230319977, -0.14334920048713684, -0.15062598884105682, -0.15708374977111816, -0.15731722116470337, -0.16172263026237488, -0.15109242498874664, -0.14682751893997192, -0.15699662268161774, -0.17232638597488403, -0.18107172846794128, -0.18900278210639954, -0.19421406090259552, -0.1959749162197113, -0.20345449447631836, -0.20134678483009338, -0.19061842560768127, -0.18436622619628906, -0.1829012632369995, -0.18139196932315826, -0.18014971911907196, -0.1705733686685562, -0.16146472096443176, -0.16085873544216156, -0.16354046761989594, -0.15767134726047516, -0.15636959671974182, -0.15192542970180511, -0.1470637321472168, -0.1502680629491806, -0.15031856298446655, -0.14499883353710175, -0.14256715774536133, -0.1388947069644928]
test/correction_patch_magnitude_ratio: [0.13837651908397675, 0.10792375355958939, 0.09967751055955887, 0.09957174211740494, 0.1013714075088501, 0.10368487983942032, 0.09824560582637787, 0.09008470922708511, 0.08754801005125046, 0.08830724656581879, 0.09066568315029144, 0.09407079964876175, 0.09097554534673691, 0.08378983289003372, 0.0805230438709259, 0.0817582756280899, 0.08520177006721497, 0.08918203413486481, 0.08678384125232697, 0.08196739852428436, 0.08029817789793015, 0.08064450323581696, 0.08258667588233948, 0.08506809175014496, 0.08449782431125641, 0.08154052495956421, 0.08061341196298599, 0.08086150884628296, 0.08195418119430542, 0.08421652764081955, 0.08256302028894424, 0.0790010467171669, 0.0766453742980957, 0.07602380961179733, 0.07791649550199509, 0.07896752655506134, 0.07685980945825577, 0.0741494670510292, 0.07287803292274475, 0.07239702343940735, 0.07316134870052338, 0.07519517838954926, 0.07421974092721939, 0.07192831486463547, 0.0708959698677063]
test/correction_patch_optimal_scalar: [-0.7086689472198486, -0.7267925143241882, -0.47496116161346436, -0.2102002650499344, -0.18846933543682098, -0.02037910744547844, -0.8375020027160645, -0.9812310934066772, -0.8058006763458252, -0.5567609667778015, -0.5736408233642578, -0.6371034383773804, -1.2480475902557373, -1.6446303129196167, -1.614496111869812, -1.609055519104004, -1.5275453329086304, -1.3352497816085815, -1.659548282623291, -1.9035390615463257, -1.8333067893981934, -1.5744023323059082, -1.663299798965454, -1.949203610420227, -2.324472427368164, -2.505497932434082, -2.251561403274536, -1.5333447456359863, -1.4293590784072876, -1.512586236000061, -1.8892306089401245, -2.3994338512420654, -2.595557689666748, -2.3517942428588867, -2.206911087036133, -2.0749423503875732, -2.087825298309326, -2.093041181564331, -1.711988091468811, -1.5131217241287231, -1.72920560836792, -1.7156617641448975, -2.0890488624572754, -2.2227251529693604, -2.104295253753662]
