[train]
train/correction_beneficial_ratio: 0.567211389541626
train/correction_beneficial_ratio_far: 0.5837669372558594
train/correction_beneficial_ratio_middle: 0.5915284752845764
train/correction_beneficial_ratio_near: 0.5263386964797974
train/correction_cosine_far: 0.11079464852809906
train/correction_cosine_mean: 0.0988319143652916
train/correction_cosine_middle: 0.11625713855028152
train/correction_cosine_near: 0.06944412738084793
train/correction_magnitude_ratio_far: 0.08566181361675262
train/correction_magnitude_ratio_mean: 0.09134429693222046
train/correction_magnitude_ratio_middle: 0.08908555656671524
train/correction_magnitude_ratio_near: 0.09928535670042038
train/correction_optimal_scalar_far: 1.5969098806381226
train/correction_optimal_scalar_mean: 1.3685379028320312
train/correction_optimal_scalar_middle: 1.5952033996582031
train/correction_optimal_scalar_near: 0.9135008454322815
train/correction_patch_beneficial_ratio: [0.4658301770687103, 0.5044463276863098, 0.5258862376213074, 0.5312461853027344, 0.5413570404052734, 0.5540260672569275, 0.5615787506103516, 0.5708369016647339, 0.5800949931144714, 0.6003167033195496, 0.5967839956283569, 0.5947130918502808, 0.5976367592811584, 0.6003167033195496, 0.5922767519950867, 0.5865513682365417, 0.5892313122749329, 0.5841149687767029, 0.5831404328346252, 0.5772932171821594, 0.5737605094909668]
train/correction_patch_cosine: [0.028791150078177452, 0.04911912977695465, 0.06476125121116638, 0.07144270837306976, 0.08524591475725174, 0.08887053281068802, 0.09787765145301819, 0.09957894682884216, 0.1085880920290947, 0.11739374697208405, 0.11787022650241852, 0.12492480129003525, 0.1206982284784317, 0.12474609166383743, 0.12260763347148895, 0.11445799469947815, 0.11762160062789917, 0.11060512065887451, 0.10806597024202347, 0.10132043808698654, 0.10088297724723816]
train/correction_patch_magnitude_ratio: [0.12021271884441376, 0.10484988987445831, 0.09968063235282898, 0.09505011141300201, 0.09328503161668777, 0.09169095754623413, 0.09022856503725052, 0.08994791656732559, 0.08957528322935104, 0.08924809098243713, 0.08946221321821213, 0.08938397467136383, 0.08815305680036545, 0.08782903850078583, 0.08777521550655365, 0.08675868064165115, 0.08711661398410797, 0.08600300550460815, 0.0840785801410675, 0.08412086963653564, 0.08377984166145325]
train/correction_patch_optimal_scalar: [0.2931230962276459, 0.571087658405304, 0.8199553489685059, 0.9904293417930603, 1.150398850440979, 1.1872313022613525, 1.3822803497314453, 1.3821290731430054, 1.5262856483459473, 1.6591607332229614, 1.5951508283615112, 1.6805130243301392, 1.6376112699508667, 1.6855679750442505, 1.6346205472946167, 1.5642849206924438, 1.622557520866394, 1.5753660202026367, 1.6646296977996826, 1.5531374216079712, 1.563774824142456]
[test]
test/correction_beneficial_ratio: 0.4153241515159607
test/correction_beneficial_ratio_far: 0.4213303327560425
test/correction_beneficial_ratio_middle: 0.4081391990184784
test/correction_beneficial_ratio_near: 0.4165029525756836
test/correction_cosine_far: -0.05352653190493584
test/correction_cosine_mean: -0.06432802975177765
test/correction_cosine_middle: -0.08058599382638931
test/correction_cosine_near: -0.0588715486228466
test/correction_magnitude_ratio_far: 0.09766924381256104
test/correction_magnitude_ratio_mean: 0.10117396712303162
test/correction_magnitude_ratio_middle: 0.0999869778752327
test/correction_magnitude_ratio_near: 0.10586558282375336
test/correction_optimal_scalar_far: -0.5045335292816162
test/correction_optimal_scalar_mean: -0.7484098076820374
test/correction_optimal_scalar_middle: -1.0248740911483765
test/correction_optimal_scalar_near: -0.7158237099647522
test/correction_patch_beneficial_ratio: [0.4204322099685669, 0.4251473546028137, 0.40707269310951233, 0.3905697464942932, 0.4243614971637726, 0.4251473546028137, 0.4227897822856903, 0.41964635252952576, 0.41453832387924194, 0.4023575782775879, 0.40275049209594727, 0.3956778049468994, 0.40707269310951233, 0.4149312376976013, 0.3996070623397827, 0.4306483268737793, 0.42357563972473145, 0.4239685535430908, 0.42318272590637207, 0.426719069480896, 0.4216110110282898]
test/correction_patch_cosine: [-0.05183378979563713, -0.052508413791656494, -0.08033965528011322, -0.07785410434007645, -0.04621276631951332, -0.05541028082370758, -0.04794233664870262, -0.05903859809041023, -0.07652848958969116, -0.07844207435846329, -0.09578008949756622, -0.09422211349010468, -0.08215890824794769, -0.07793157547712326, -0.07910427451133728, -0.04368535429239273, -0.04710517078638077, -0.052564945071935654, -0.0547739639878273, -0.050165772438049316, -0.04728584736585617]
test/correction_patch_magnitude_ratio: [0.12084852904081345, 0.11052262037992477, 0.10478494316339493, 0.10272873938083649, 0.10057462751865387, 0.09991691261529922, 0.10168260335922241, 0.1013716608285904, 0.10180892795324326, 0.10175499320030212, 0.10042417794466019, 0.09964337944984436, 0.09825927764177322, 0.09664616733789444, 0.09736315906047821, 0.0972835123538971, 0.09837698936462402, 0.09771154075860977, 0.09812866896390915, 0.09857528656721115, 0.096246637403965]
test/correction_patch_optimal_scalar: [-0.3925601840019226, -0.4805119037628174, -1.010048747062683, -1.072196125984192, -0.7220802903175354, -0.761938214302063, -0.571428656578064, -0.7156475186347961, -0.9865071177482605, -0.9875947833061218, -1.280517339706421, -1.29310941696167, -0.9817118048667908, -0.9290252923965454, -0.933291494846344, -0.44067704677581787, -0.4569762349128723, -0.5019773244857788, -0.44357791543006897, -0.4114333689212799, -0.3437957167625427]
