[train]
train/correction_beneficial_ratio: 0.5419313311576843
train/correction_beneficial_ratio_far: 0.554582953453064
train/correction_beneficial_ratio_middle: 0.5493795871734619
train/correction_beneficial_ratio_near: 0.5218314528465271
train/correction_cosine_far: 0.0458134301006794
train/correction_cosine_mean: 0.0366353765130043
train/correction_cosine_middle: 0.042354766279459
train/correction_cosine_near: 0.021737918257713318
train/correction_magnitude_ratio_far: 0.010245002806186676
train/correction_magnitude_ratio_mean: 0.011422715149819851
train/correction_magnitude_ratio_middle: 0.010956655256450176
train/correction_magnitude_ratio_near: 0.013066474348306656
train/correction_optimal_scalar_far: 6.977292537689209
train/correction_optimal_scalar_mean: 5.325226306915283
train/correction_optimal_scalar_middle: 6.173803806304932
train/correction_optimal_scalar_near: 2.8245930671691895
train/correction_patch_beneficial_ratio: [0.4962845742702484, 0.5117554068565369, 0.5274698734283447, 0.527104377746582, 0.5323425531387329, 0.5283225774765015, 0.5295407772064209, 0.5352661609649658, 0.5401389002799988, 0.5439152121543884, 0.5507370233535767, 0.5490315556526184, 0.5526860952377319, 0.5738823413848877, 0.5562188029289246, 0.5568278431892395, 0.5652332901954651, 0.555122435092926, 0.5468388199806213, 0.5463515520095825, 0.555487871170044]
train/correction_patch_cosine: [0.004804793745279312, 0.016295231878757477, 0.02485317923128605, 0.023467810824513435, 0.02773240953683853, 0.025832796469330788, 0.029179301112890244, 0.034502413123846054, 0.037751175463199615, 0.03771742433309555, 0.041222356259822845, 0.04595891386270523, 0.0439450740814209, 0.055385932326316833, 0.047185268253088, 0.042790111154317856, 0.052568066865205765, 0.04566248133778572, 0.038620393723249435, 0.043007999658584595, 0.05085979402065277]
train/correction_patch_magnitude_ratio: [0.016413390636444092, 0.013939610682427883, 0.013100001960992813, 0.012522067874670029, 0.012139641679823399, 0.01186166238039732, 0.011488977819681168, 0.011325090192258358, 0.011293204501271248, 0.010973743163049221, 0.010922819375991821, 0.010882352478802204, 0.01076805405318737, 0.010531391017138958, 0.010589228942990303, 0.010432827286422253, 0.01038817036896944, 0.010257979854941368, 0.009936497546732426, 0.010105136781930923, 0.010005192831158638]
train/correction_patch_optimal_scalar: [0.6712833642959595, 1.5517457723617554, 2.769028902053833, 2.87892746925354, 3.7374253273010254, 3.7570290565490723, 4.406704902648926, 5.04668664932251, 6.040448188781738, 5.880554676055908, 5.755596160888672, 6.137214183807373, 6.484160900115967, 7.871901035308838, 7.035405158996582, 6.255891799926758, 7.397021293640137, 6.916379928588867, 6.368040084838867, 6.903407573699951, 7.9648942947387695]
[test]
test/correction_beneficial_ratio: 0.49415287375450134
test/correction_beneficial_ratio_far: 0.502834677696228
test/correction_beneficial_ratio_middle: 0.5087847113609314
test/correction_beneficial_ratio_near: 0.47083917260169983
test/correction_cosine_far: -0.004710040986537933
test/correction_cosine_mean: -0.011751001700758934
test/correction_cosine_middle: 0.002671844093129039
test/correction_cosine_near: -0.03321484848856926
test/correction_magnitude_ratio_far: 0.011348765343427658
test/correction_magnitude_ratio_mean: 0.01223608385771513
test/correction_magnitude_ratio_middle: 0.011959811672568321
test/correction_magnitude_ratio_near: 0.01339965034276247
test/correction_optimal_scalar_far: 2.1226210594177246
test/correction_optimal_scalar_mean: -0.4382738769054413
test/correction_optimal_scalar_middle: -0.41693904995918274
test/correction_optimal_scalar_near: -3.0205047130584717
test/correction_patch_beneficial_ratio: [0.44400784373283386, 0.44047150015830994, 0.46954813599586487, 0.48133593797683716, 0.48290765285491943, 0.4911591410636902, 0.48644399642944336, 0.5049116015434265, 0.5225933194160461, 0.5170923471450806, 0.5210216045379639, 0.5045186877250671, 0.49037328362464905, 0.5009823441505432, 0.5135560035705566, 0.5170923471450806, 0.5245579481124878, 0.5045186877250671, 0.493909627199173, 0.48801571130752563, 0.478192538022995]
test/correction_patch_cosine: [-0.058591391891241074, -0.05928923934698105, -0.04482218623161316, -0.031996339559555054, -0.01920262910425663, -0.011759714223444462, -0.006842452567070723, 0.004706045147031546, 0.011163112707436085, 0.011577384546399117, 0.008442401885986328, -0.009227235801517963, -0.008690765127539635, 0.0007319279829971492, 0.0003429292992223054, 0.008920881897211075, 0.011912363581359386, 0.0012596811866387725, -0.016616856679320335, -0.018633631989359856, -0.020155329257249832]
test/correction_patch_magnitude_ratio: [0.015692245215177536, 0.014073824509978294, 0.013272956945002079, 0.013024704530835152, 0.012694945558905602, 0.012543313205242157, 0.012495654635131359, 0.012297447770833969, 0.012362879700958729, 0.012079551815986633, 0.011926866136491299, 0.011937014758586884, 0.011674043722450733, 0.01144095417112112, 0.011628429405391216, 0.011332973837852478, 0.01143636368215084, 0.01142802368849516, 0.011190922930836678, 0.011288424953818321, 0.011136210523545742]
test/correction_patch_optimal_scalar: [-3.3295743465423584, -4.132863521575928, -4.738631248474121, -3.4827897548675537, -2.4430413246154785, -1.8266997337341309, -1.1899163722991943, 0.28928595781326294, 0.5996320843696594, 0.13601280748844147, -0.1128145083785057, -1.6225582361221313, -2.322143077850342, 0.11401966959238052, 0.8907720446586609, 1.5085705518722534, 3.297914981842041, 3.0891005992889404, 2.695023536682129, 2.1959075927734375, 1.1810399293899536]
