[train]
train/correction_beneficial_ratio: 0.5473551154136658
train/correction_beneficial_ratio_far: 0.5590553879737854
train/correction_beneficial_ratio_middle: 0.5508762001991272
train/correction_beneficial_ratio_near: 0.5321336984634399
train/correction_cosine_far: 0.058738645166158676
train/correction_cosine_mean: 0.0522906556725502
train/correction_cosine_middle: 0.058884937316179276
train/correction_cosine_near: 0.03924833610653877
train/correction_magnitude_ratio_far: 0.01834728941321373
train/correction_magnitude_ratio_mean: 0.02114996314048767
train/correction_magnitude_ratio_middle: 0.020003750920295715
train/correction_magnitude_ratio_near: 0.02509882114827633
train/correction_optimal_scalar_far: 5.004477500915527
train/correction_optimal_scalar_mean: 4.147921085357666
train/correction_optimal_scalar_middle: 4.762587547302246
train/correction_optimal_scalar_near: 2.676692485809326
train/correction_patch_beneficial_ratio: [0.5121208429336548, 0.5216225981712341, 0.5351443290710449, 0.5258862376213074, 0.5377025008201599, 0.547569751739502, 0.5448897480964661, 0.5327079892158508, 0.545011579990387, 0.5528078675270081, 0.5568278431892395, 0.5670605301856995, 0.5534169673919678, 0.5483006238937378, 0.557680606842041, 0.5498842597007751, 0.5647460222244263, 0.5680350661277771, 0.5521988272666931, 0.5573151707649231, 0.5635278224945068]
train/correction_patch_cosine: [0.024697085842490196, 0.030454371124505997, 0.035128023475408554, 0.03706265613436699, 0.04495114088058472, 0.05135006457567215, 0.05109517276287079, 0.049359340220689774, 0.059215523302555084, 0.06013790890574455, 0.05954857915639877, 0.06514463573694229, 0.059683170169591904, 0.05910591408610344, 0.058627840131521225, 0.05606464296579361, 0.0665879026055336, 0.06467533111572266, 0.05431542918086052, 0.05504394695162773, 0.055855199694633484]
train/correction_patch_magnitude_ratio: [0.03198083117604256, 0.027394142001867294, 0.025624055415391922, 0.023696746677160263, 0.02305213175714016, 0.022412367165088654, 0.021531525999307632, 0.021121295168995857, 0.020612535998225212, 0.02010316774249077, 0.02000170573592186, 0.01965273730456829, 0.019302602857351303, 0.01923232153058052, 0.01912800781428814, 0.018676167353987694, 0.018696099519729614, 0.018408747389912605, 0.017855746671557426, 0.017880523577332497, 0.01778574474155903]
train/correction_patch_optimal_scalar: [1.033800721168518, 1.6090437173843384, 2.3289237022399902, 2.7284646034240723, 3.2564234733581543, 3.7630467414855957, 4.017147541046143, 3.851867437362671, 4.6392927169799805, 4.8358473777771, 4.748298168182373, 5.166288375854492, 5.115901947021484, 4.980633735656738, 4.69035530090332, 4.545406818389893, 5.186399936676025, 5.249081611633301, 4.995159149169922, 5.138794422149658, 5.226163864135742]
[test]
test/correction_beneficial_ratio: 0.501730740070343
test/correction_beneficial_ratio_far: 0.5200673341751099
test/correction_beneficial_ratio_middle: 0.5104125738143921
test/correction_beneficial_ratio_near: 0.4747123122215271
test/correction_cosine_far: 0.0253260787576437
test/correction_cosine_mean: 0.008151144720613956
test/correction_cosine_middle: 0.014739728532731533
test/correction_cosine_near: -0.01561236847192049
test/correction_magnitude_ratio_far: 0.016852783039212227
test/correction_magnitude_ratio_mean: 0.018837083131074905
test/correction_magnitude_ratio_middle: 0.018153667449951172
test/correction_magnitude_ratio_near: 0.021504785865545273
test/correction_optimal_scalar_far: 2.8707761764526367
test/correction_optimal_scalar_mean: 1.339988350868225
test/correction_optimal_scalar_middle: 1.1495792865753174
test/correction_optimal_scalar_near: -0.00039289865526370704
test/correction_patch_beneficial_ratio: [0.4565815329551697, 0.4373281002044678, 0.47387033700942993, 0.4758349657058716, 0.4919449985027313, 0.5013752579689026, 0.486051082611084, 0.49548134207725525, 0.5045186877250671, 0.5064833164215088, 0.5111984014511108, 0.5206286907196045, 0.5135560035705566, 0.5210216045379639, 0.5206286907196045, 0.5402750372886658, 0.5410609245300293, 0.5178781747817993, 0.5037328004837036, 0.5060904026031494, 0.5108054876327515]
test/correction_patch_cosine: [-0.03547409921884537, -0.04374239221215248, -0.025758620351552963, -0.01770954765379429, 0.004321117419749498, 0.009526743553578854, -0.0004497685586102307, 0.0076607707887887955, 0.014385271817445755, 0.00906380731612444, 0.009314293041825294, 0.020503725856542587, 0.0180179663002491, 0.02423221245408058, 0.03283194825053215, 0.03583504632115364, 0.03345731273293495, 0.029160985723137856, 0.007797289174050093, 0.012902681715786457, 0.025297291576862335]
test/correction_patch_magnitude_ratio: [0.02572886273264885, 0.023293307051062584, 0.02171819843351841, 0.020699363201856613, 0.02016463689506054, 0.019578319042921066, 0.019350791350007057, 0.01907682977616787, 0.018797503784298897, 0.018401332199573517, 0.01824512518942356, 0.017846837639808655, 0.017429018393158913, 0.01727904938161373, 0.01722448132932186, 0.016704009845852852, 0.017095735296607018, 0.016881447285413742, 0.016677891835570335, 0.016897980123758316, 0.016488030552864075]
test/correction_patch_optimal_scalar: [-0.927388072013855, -1.46109139919281, -0.7886701226234436, -0.28604283928871155, 1.1330063343048096, 1.627249002456665, 0.7001821994781494, 1.3833754062652588, 1.4997872114181519, 0.47482311725616455, 0.20180319249629974, 1.2151297330856323, 1.1208575963974, 2.1512978076934814, 3.1979053020477295, 3.1892619132995605, 3.482753038406372, 3.4224605560302734, 2.2923741340637207, 2.063084363937378, 2.4475982189178467]
