[train]
train/correction_beneficial_ratio: 0.3645116090774536
train/correction_beneficial_ratio_far: 0.381763219833374
train/correction_beneficial_ratio_middle: 0.34542006254196167
train/correction_beneficial_ratio_near: 0.36635154485702515
train/correction_cosine_far: -0.10075312852859497
train/correction_cosine_mean: -0.11395783722400665
train/correction_cosine_middle: -0.14140164852142334
train/correction_cosine_near: -0.09971877187490463
train/correction_magnitude_ratio_far: 0.10342908650636673
train/correction_magnitude_ratio_mean: 0.11541000008583069
train/correction_magnitude_ratio_middle: 0.11109744012355804
train/correction_magnitude_ratio_near: 0.1317034661769867
train/correction_optimal_scalar_far: 0.1709156036376953
train/correction_optimal_scalar_mean: -0.4279494881629944
train/correction_optimal_scalar_middle: -0.8347352147102356
train/correction_optimal_scalar_near: -0.6200295090675354
train/correction_patch_beneficial_ratio: [0.41407614946365356, 0.40240034461021423, 0.380708247423172, 0.3642021119594574, 0.37433692812919617, 0.3834938406944275, 0.3870795667171478, 0.36408355832099915, 0.34378427267074585, 0.3369387984275818, 0.3479330241680145, 0.3546006679534912, 0.3555489778518677, 0.35160765051841736, 0.3344791829586029, 0.3305971324443817, 0.33619794249534607, 0.3518447279930115, 0.353415310382843, 0.3397243916988373, 0.32499629259109497, 0.329322874546051, 0.3375018537044525, 0.3546895980834961, 0.35531190037727356, 0.34817010164260864, 0.3422432839870453, 0.3471032679080963, 0.35566750168800354, 0.37451472878456116, 0.3754630386829376, 0.3627796769142151, 0.3618610203266144, 0.36500221490859985, 0.37771522998809814, 0.39161357283592224, 0.3994962275028229, 0.38636836409568787, 0.3747221827507019, 0.3770039975643158, 0.3860127329826355, 0.3966217339038849, 0.4005630612373352, 0.3917320966720581, 0.37949326634407043]
train/correction_patch_cosine: [-0.007180076092481613, -0.04774774983525276, -0.07980483025312424, -0.10111897438764572, -0.08535192161798477, -0.0715336799621582, -0.07353349030017853, -0.10505904257297516, -0.13460181653499603, -0.14152957499027252, -0.12479240447282791, -0.11419548094272614, -0.11723865568637848, -0.13493876159191132, -0.15715506672859192, -0.16307710111141205, -0.1482960283756256, -0.13049843907356262, -0.13114704191684723, -0.15114375948905945, -0.16629478335380554, -0.161188006401062, -0.1491762101650238, -0.13319604098796844, -0.13048666715621948, -0.1409367322921753, -0.14811579883098602, -0.1409595012664795, -0.12372246384620667, -0.1027856096625328, -0.10241355746984482, -0.11513238400220871, -0.1207955926656723, -0.1145864725112915, -0.09885666519403458, -0.08056025207042694, -0.0776582807302475, -0.09579668194055557, -0.11493776738643646, -0.10968725383281708, -0.09845895320177078, -0.08656743913888931, -0.08217595517635345, -0.09793923795223236, -0.11573024094104767]
train/correction_patch_magnitude_ratio: [0.18829745054244995, 0.14738249778747559, 0.13243091106414795, 0.1283910870552063, 0.13003665208816528, 0.13698318600654602, 0.13493697345256805, 0.1262291967868805, 0.1204323098063469, 0.11848637461662292, 0.12207379937171936, 0.12843057513237, 0.12798336148262024, 0.11959156394004822, 0.11386603862047195, 0.11189112067222595, 0.11319130659103394, 0.11688274890184402, 0.1179526150226593, 0.11428689956665039, 0.11005887389183044, 0.10747814178466797, 0.10892418026924133, 0.11392389982938766, 0.11484271287918091, 0.11078184843063354, 0.10633770376443863, 0.10477248579263687, 0.10580906271934509, 0.10932795703411102, 0.11063627898693085, 0.1071384847164154, 0.10286016017198563, 0.10071606189012527, 0.10305888950824738, 0.10704602301120758, 0.10736613720655441, 0.1038360595703125, 0.10070343315601349, 0.0990493968129158, 0.10134280472993851, 0.10459215939044952, 0.10409224033355713, 0.10074818134307861, 0.09824968874454498]
train/correction_patch_optimal_scalar: [-0.12162134796380997, -0.4743182361125946, -0.7285147309303284, -0.7565824389457703, -0.4788654148578644, -0.3370027542114258, -0.42207708954811096, -0.7555312514305115, -0.9479864239692688, -0.8208213448524475, -0.655556857585907, -0.5271459221839905, -0.5609284043312073, -0.7596302628517151, -0.9538573622703552, -1.065406322479248, -1.0350292921066284, -0.7788331508636475, -0.7312105894088745, -1.0393227338790894, -1.4419807195663452, -1.0266621112823486, -0.953682541847229, -0.7784749269485474, -0.6606377959251404, -0.8649646043777466, -0.838205873966217, -0.6556248664855957, -0.4451133906841278, -0.2058735191822052, -0.30391037464141846, -0.37705644965171814, -0.28924012184143066, -0.016407059505581856, 0.5426066517829895, 0.4894920289516449, 0.4740813672542572, 0.2385658472776413, 0.2229728251695633, 0.6836348176002502, 0.3669399619102478, 0.17599618434906006, 0.2625597417354584, 0.08098355680704117, 0.012516607530415058]
[test]
test/correction_beneficial_ratio: 0.2968161404132843
test/correction_beneficial_ratio_far: 0.30410146713256836
test/correction_beneficial_ratio_middle: 0.27106133103370667
test/correction_beneficial_ratio_near: 0.3152856230735779
test/correction_cosine_far: -0.1861865073442459
test/correction_cosine_mean: -0.1903930902481079
test/correction_cosine_middle: -0.22767049074172974
test/correction_cosine_near: -0.15732236206531525
test/correction_magnitude_ratio_far: 0.09161057323217392
test/correction_magnitude_ratio_mean: 0.10379189252853394
test/correction_magnitude_ratio_middle: 0.10258444398641586
test/correction_magnitude_ratio_near: 0.11718060076236725
test/correction_optimal_scalar_far: -1.9786732196807861
test/correction_optimal_scalar_mean: -1.7884793281555176
test/correction_optimal_scalar_middle: -2.161992073059082
test/correction_optimal_scalar_near: -1.2247710227966309
test/correction_patch_beneficial_ratio: [0.3534857928752899, 0.34876400232315063, 0.3202481269836426, 0.30821219086647034, 0.3284881114959717, 0.3412646949291229, 0.3495972454547882, 0.31598925590515137, 0.2903434932231903, 0.2961762845516205, 0.30024996399879456, 0.311637818813324, 0.3100638687610626, 0.2853439450263977, 0.26941949129104614, 0.2681233286857605, 0.2858068645000458, 0.3086751103401184, 0.3130265772342682, 0.28701046109199524, 0.2626608610153198, 0.2577539086341858, 0.26219794154167175, 0.26867881417274475, 0.26691973209381104, 0.2490510195493698, 0.23266364634037018, 0.24997685849666595, 0.26516062021255493, 0.2882140576839447, 0.2985834777355194, 0.28367742896080017, 0.2728451192378998, 0.28191834688186646, 0.2875659763813019, 0.3080270290374756, 0.3299694359302521, 0.31136006116867065, 0.2954356074333191, 0.2969169616699219, 0.30608275532722473, 0.3197852075099945, 0.3347838222980499, 0.32469215989112854, 0.30987870693206787]
test/correction_patch_cosine: [-0.06872276216745377, -0.11241967976093292, -0.14912624657154083, -0.15543648600578308, -0.1295025497674942, -0.10420134663581848, -0.10937536507844925, -0.1533755660057068, -0.19414649903774261, -0.1919809877872467, -0.18532416224479675, -0.17435620725154877, -0.18051284551620483, -0.21147194504737854, -0.239883154630661, -0.2388855367898941, -0.21209557354450226, -0.17728930711746216, -0.17707370221614838, -0.21635040640830994, -0.2510477602481842, -0.2524970471858978, -0.2423442155122757, -0.23171325027942657, -0.22939305007457733, -0.24887284636497498, -0.26323312520980835, -0.24829913675785065, -0.22470377385616302, -0.20125794410705566, -0.19377020001411438, -0.2102949023246765, -0.2254738211631775, -0.21435922384262085, -0.19593442976474762, -0.17529195547103882, -0.1614324003458023, -0.17817199230194092, -0.1993241012096405, -0.19021913409233093, -0.17991222441196442, -0.16360223293304443, -0.15254755318164825, -0.16698800027370453, -0.1854741871356964]
test/correction_patch_magnitude_ratio: [0.16673491895198822, 0.12984497845172882, 0.11797621846199036, 0.11663690209388733, 0.11868090182542801, 0.12454257160425186, 0.12037254124879837, 0.11005932092666626, 0.1052243709564209, 0.1041492223739624, 0.10874807089567184, 0.11553070694208145, 0.11415384709835052, 0.10478565096855164, 0.10026893764734268, 0.10035122185945511, 0.10381283611059189, 0.10838975757360458, 0.1071193516254425, 0.10164337605237961, 0.09797918796539307, 0.0976690873503685, 0.10159002244472504, 0.10585087537765503, 0.10742036253213882, 0.1036439910531044, 0.10026507824659348, 0.09893444180488586, 0.10077038407325745, 0.10332736372947693, 0.10263177007436752, 0.09815703332424164, 0.0939713642001152, 0.09296298772096634, 0.09573036432266235, 0.0976542979478836, 0.09556549042463303, 0.09144952148199081, 0.08832979202270508, 0.08590817451477051, 0.08707212656736374, 0.0900425836443901, 0.08807323127985, 0.08424238115549088, 0.08236760646104813]
test/correction_patch_optimal_scalar: [-0.48392754793167114, -0.8116782903671265, -1.2478262186050415, -1.206465244293213, -0.8644450306892395, -0.36930906772613525, -0.6452510356903076, -1.2080943584442139, -1.70145845413208, -1.576223373413086, -1.265986442565918, -1.0553563833236694, -1.4713658094406128, -2.042682647705078, -2.421494245529175, -2.4284818172454834, -1.950242280960083, -1.4028733968734741, -1.6179606914520264, -2.213357925415039, -2.5855391025543213, -2.4441428184509277, -2.292587995529175, -2.1541788578033447, -2.304950475692749, -2.6296942234039307, -2.713751792907715, -2.246697425842285, -1.8600724935531616, -1.5853644609451294, -1.7101165056228638, -2.2022056579589844, -2.5885040760040283, -2.3860323429107666, -2.0431642532348633, -1.7144497632980347, -1.6774009466171265, -1.9335700273513794, -2.1195104122161865, -1.963114619255066, -1.8078807592391968, -1.5269954204559326, -1.6458126306533813, -2.0027995109558105, -2.3585495948791504]
