[train]
train/correction_beneficial_ratio: 0.44162726402282715
train/correction_beneficial_ratio_far: 0.45251545310020447
train/correction_beneficial_ratio_middle: 0.44040894508361816
train/correction_beneficial_ratio_near: 0.4319573938846588
train/correction_cosine_far: -0.03915554657578468
train/correction_cosine_mean: -0.031082823872566223
train/correction_cosine_middle: -0.03353390097618103
train/correction_cosine_near: -0.020559098571538925
train/correction_magnitude_ratio_far: 0.05359922721982002
train/correction_magnitude_ratio_mean: 0.06914395093917847
train/correction_magnitude_ratio_middle: 0.06633362174034119
train/correction_magnitude_ratio_near: 0.08749903738498688
train/correction_optimal_scalar_far: 0.4527309834957123
train/correction_optimal_scalar_mean: 0.6688263416290283
train/correction_optimal_scalar_middle: 1.0024245977401733
train/correction_optimal_scalar_near: 0.5513257384300232
train/correction_patch_beneficial_ratio: [0.42913737893104553, 0.4181469678878784, 0.42773163318634033, 0.4212140440940857, 0.42146965861320496, 0.4198082983493805, 0.40945687890052795, 0.41725239157676697, 0.42146965861320496, 0.446389764547348, 0.4502236545085907, 0.4590415358543396, 0.45175719261169434, 0.451373815536499, 0.43488818407058716, 0.44396165013313293, 0.437827467918396, 0.4247923195362091, 0.42351436614990234, 0.4255591034889221, 0.4346325993537903, 0.43769967555999756, 0.4314377009868622, 0.4396166205406189, 0.44651758670806885, 0.4452396035194397, 0.4484345018863678, 0.45456868410110474, 0.4568690061569214, 0.4554632604122162, 0.46453672647476196, 0.462619811296463, 0.4592971205711365, 0.4674760401248932, 0.46453672647476196, 0.4590415358543396, 0.45955270528793335, 0.44690096378326416, 0.450607031583786, 0.449840247631073, 0.44255590438842773, 0.44293931126594543, 0.43769967555999756, 0.44191694259643555, 0.4382108747959137]
train/correction_patch_cosine: [-0.003413128899410367, -0.030652068555355072, -0.024262897670269012, -0.028921257704496384, -0.02081633359193802, -0.026481883600354195, -0.033679381012916565, -0.03408101573586464, -0.027377547696232796, -0.01825423538684845, -0.006521687842905521, -0.0026122063864022493, -0.011088978499174118, -0.016115764155983925, -0.024107806384563446, -0.02310183271765709, -0.027691185474395752, -0.04251301288604736, -0.03761551156640053, -0.04184556007385254, -0.04680554196238518, -0.04352676495909691, -0.047479912638664246, -0.04197438806295395, -0.028776952996850014, -0.02525218203663826, -0.024435585364699364, -0.023250164464116096, -0.025411896407604218, -0.023327967151999474, -0.01802319474518299, -0.017536204308271408, -0.020813647657632828, -0.013166596181690693, -0.019994482398033142, -0.02994254045188427, -0.03309695050120354, -0.044620271772146225, -0.0475744865834713, -0.04066038131713867, -0.04932255670428276, -0.055903781205415726, -0.05918710306286812, -0.06662306189537048, -0.07086719572544098]
train/correction_patch_magnitude_ratio: [0.1321830153465271, 0.10875436663627625, 0.10024451464414597, 0.0938800722360611, 0.09195540100336075, 0.08994334191083908, 0.08353018015623093, 0.07986669987440109, 0.07689877599477768, 0.07637196034193039, 0.07768923789262772, 0.07687237858772278, 0.0750620886683464, 0.07542683929204941, 0.07380709797143936, 0.07360877841711044, 0.07221932709217072, 0.0710996761918068, 0.07242956757545471, 0.07025022804737091, 0.06818287819623947, 0.06651099771261215, 0.06505878269672394, 0.06493603438138962, 0.06567734479904175, 0.06363571435213089, 0.06168753653764725, 0.0610598623752594, 0.06018104776740074, 0.05846590921282768, 0.05697210878133774, 0.05665586516261101, 0.05641394853591919, 0.05548064410686493, 0.05303670093417168, 0.05368638411164284, 0.054005514830350876, 0.05407039448618889, 0.05430096387863159, 0.05393781512975693, 0.05262100324034691, 0.05241302773356438, 0.050813525915145874, 0.05029977485537529, 0.04928045719861984]
train/correction_patch_optimal_scalar: [0.0704004094004631, 0.10954196751117706, 0.3227177560329437, 0.28470760583877563, 0.3652438521385193, 0.35704517364501953, 0.35357096791267395, 0.18079036474227905, 0.3606610894203186, 0.6565333008766174, 0.8541022539138794, 1.0468534231185913, 1.0657178163528442, 1.0007777214050293, 1.241226315498352, 1.3978735208511353, 1.187907099723816, 0.8833754658699036, 0.8426867723464966, 0.8208940625190735, 0.8658720254898071, 0.8849528431892395, 0.9398353695869446, 1.0870985984802246, 1.2290419340133667, 1.1847010850906372, 1.025490403175354, 0.8924008011817932, 0.8551660180091858, 0.9390674829483032, 1.1088309288024902, 1.1671481132507324, 1.0574707984924316, 1.0652838945388794, 0.7775136232376099, 0.5378432273864746, 0.46391379833221436, 0.48265618085861206, 0.6227631568908691, 0.6881716251373291, 0.3547945022583008, -0.03499331325292587, -0.40407508611679077, -0.524044930934906, -0.5723429322242737]
[test]
test/correction_beneficial_ratio: 0.3691295087337494
test/correction_beneficial_ratio_far: 0.3385778069496155
test/correction_beneficial_ratio_middle: 0.33469071984291077
test/correction_beneficial_ratio_near: 0.4341199994087219
test/correction_cosine_far: -0.15385057032108307
test/correction_cosine_mean: -0.10861063748598099
test/correction_cosine_middle: -0.13756924867630005
test/correction_cosine_near: -0.0344122014939785
test/correction_magnitude_ratio_far: 0.051688846200704575
test/correction_magnitude_ratio_mean: 0.06473098695278168
test/correction_magnitude_ratio_middle: 0.06223106011748314
test/correction_magnitude_ratio_near: 0.0802728459239006
test/correction_optimal_scalar_far: -3.6832094192504883
test/correction_optimal_scalar_mean: -2.6023974418640137
test/correction_optimal_scalar_middle: -3.1775729656219482
test/correction_optimal_scalar_near: -0.9464070200920105
test/correction_patch_beneficial_ratio: [0.4706154465675354, 0.47478020191192627, 0.4919019043445587, 0.5006940960884094, 0.5053216218948364, 0.4636742174625397, 0.4095326364040375, 0.37390097975730896, 0.37390097975730896, 0.4044423997402191, 0.4132346212863922, 0.42896807193756104, 0.42896807193756104, 0.4053678810596466, 0.3664969801902771, 0.3419713079929352, 0.3378065824508667, 0.3489125370979309, 0.3387320637702942, 0.3419713079929352, 0.354465514421463, 0.36048126220703125, 0.3378065824508667, 0.317908376455307, 0.32161036133766174, 0.31837111711502075, 0.30263766646385193, 0.30495139956474304, 0.33965757489204407, 0.3530772924423218, 0.3678852319717407, 0.35816752910614014, 0.3456732928752899, 0.34521055221557617, 0.3331790864467621, 0.34382230043411255, 0.3433595597743988, 0.33179083466529846, 0.3257751166820526, 0.32068488001823425, 0.31281813979148865, 0.31513187289237976, 0.3280888497829437, 0.34058305621147156, 0.3664969801902771]
test/correction_patch_cosine: [0.0273841992020607, 0.01242492813616991, 0.033727601170539856, 0.03545965999364853, 0.019771158695220947, -0.019254710525274277, -0.060412488877773285, -0.08319365978240967, -0.08774910122156143, -0.07071784138679504, -0.057346150279045105, -0.047827620059251785, -0.04818258062005043, -0.06703530997037888, -0.10323096811771393, -0.11203280091285706, -0.1127985343337059, -0.12029463052749634, -0.12512236833572388, -0.13153447210788727, -0.13051679730415344, -0.1301286369562149, -0.14837205410003662, -0.15059442818164825, -0.1534675657749176, -0.16226321458816528, -0.17267192900180817, -0.15644298493862152, -0.1311652511358261, -0.12613055109977722, -0.12675616145133972, -0.13389208912849426, -0.1415574997663498, -0.14309637248516083, -0.14920806884765625, -0.156073197722435, -0.16842247545719147, -0.17352347075939178, -0.1720922738313675, -0.17030052840709686, -0.1756739765405655, -0.1675414890050888, -0.15207695960998535, -0.14401362836360931, -0.13353151082992554]
test/correction_patch_magnitude_ratio: [0.11992580443620682, 0.1021401435136795, 0.09253046661615372, 0.08806102722883224, 0.08731073886156082, 0.08430416882038116, 0.07859770953655243, 0.07470235228538513, 0.07054288685321808, 0.0681808590888977, 0.06886356323957443, 0.06724894046783447, 0.06729647517204285, 0.06789654493331909, 0.0664932131767273, 0.06644020974636078, 0.06436292827129364, 0.06217056140303612, 0.06238197535276413, 0.06234719976782799, 0.061537183821201324, 0.060972265899181366, 0.06028809770941734, 0.06144344434142113, 0.06308864057064056, 0.06266465783119202, 0.06141829118132591, 0.06208465248346329, 0.06153617426753044, 0.06073089689016342, 0.05926395580172539, 0.05905938521027565, 0.05936488136649132, 0.058471813797950745, 0.05529060214757919, 0.05409308895468712, 0.052342481911182404, 0.050562240183353424, 0.0493689626455307, 0.04849926754832268, 0.04725267365574837, 0.04717051982879639, 0.04585273563861847, 0.04519660770893097, 0.04354303330183029]
test/correction_patch_optimal_scalar: [0.3734484612941742, 0.495872437953949, 1.0072333812713623, 1.1471750736236572, 0.7408714294433594, -0.06761141866445541, -1.174174427986145, -2.027662754058838, -2.505709171295166, -2.2937543392181396, -1.9101166725158691, -1.510731816291809, -1.7974586486816406, -2.113643169403076, -2.559878349304199, -2.5718271732330322, -2.807318925857544, -2.9849894046783447, -2.964839458465576, -3.2242398262023926, -3.368943452835083, -3.2928338050842285, -3.577603816986084, -3.5713367462158203, -3.6037235260009766, -3.774620532989502, -3.648733377456665, -3.205183267593384, -2.694674015045166, -2.372727394104004, -2.5354464054107666, -2.846388339996338, -2.9024038314819336, -2.7756805419921875, -3.1153855323791504, -3.4033069610595703, -3.864121437072754, -4.250221252441406, -4.095516204833984, -4.249342918395996, -4.789606094360352, -4.60292387008667, -4.1060709953308105, -3.8888168334960938, -3.8229289054870605]
