[train]
train/correction_beneficial_ratio: 0.3968047797679901
train/correction_beneficial_ratio_far: 0.4091450572013855
train/correction_beneficial_ratio_middle: 0.38400158286094666
train/correction_beneficial_ratio_near: 0.39726772904396057
train/correction_cosine_far: -0.08095364272594452
train/correction_cosine_mean: -0.0852123349905014
train/correction_cosine_middle: -0.10438919812440872
train/correction_cosine_near: -0.07029417157173157
train/correction_magnitude_ratio_far: 0.09515747427940369
train/correction_magnitude_ratio_mean: 0.10637322068214417
train/correction_magnitude_ratio_middle: 0.1016894057393074
train/correction_magnitude_ratio_near: 0.1222727820277214
train/correction_optimal_scalar_far: 0.08556258678436279
train/correction_optimal_scalar_mean: -0.21116290986537933
train/correction_optimal_scalar_middle: -0.3832188546657562
train/correction_optimal_scalar_near: -0.3358323276042938
train/correction_patch_beneficial_ratio: [0.4296932816505432, 0.4135131239891052, 0.4035857021808624, 0.39271003007888794, 0.4019262194633484, 0.4110238552093506, 0.41037189960479736, 0.39961475133895874, 0.38429397344589233, 0.3772706985473633, 0.3893021047115326, 0.38773152232170105, 0.38782042264938354, 0.38672396540641785, 0.38343459367752075, 0.38242703676223755, 0.3786931335926056, 0.3767372965812683, 0.3696843981742859, 0.3700103759765625, 0.37241071462631226, 0.3789598345756531, 0.38343459367752075, 0.38942065834999084, 0.39285820722579956, 0.39371758699417114, 0.38968735933303833, 0.38909468054771423, 0.39659208059310913, 0.3962957561016083, 0.3968587815761566, 0.39650318026542664, 0.40162986516952515, 0.40592679381370544, 0.41114237904548645, 0.41878795623779297, 0.4218106269836426, 0.41955846548080444, 0.41434288024902344, 0.40977922081947327, 0.40726032853126526, 0.40820860862731934, 0.408001184463501, 0.4064009487628937, 0.41096457839012146]
train/correction_patch_cosine: [-0.0017706492217257619, -0.04256262630224228, -0.06081167235970497, -0.07099378854036331, -0.06093059852719307, -0.045024774968624115, -0.049195896834135056, -0.07056832313537598, -0.09358871728181839, -0.09909796714782715, -0.08609068393707275, -0.08251084387302399, -0.08723124861717224, -0.09681820869445801, -0.1072167232632637, -0.11061464995145798, -0.10804422944784164, -0.10872618854045868, -0.11592220515012741, -0.11869314312934875, -0.11979318410158157, -0.1127929836511612, -0.10597062110900879, -0.0977218747138977, -0.0947478711605072, -0.09636398404836655, -0.09903642535209656, -0.0984649732708931, -0.09096480160951614, -0.0879807397723198, -0.08782616257667542, -0.09002871811389923, -0.0847352147102356, -0.07920733839273453, -0.07455480843782425, -0.06374198943376541, -0.06116427108645439, -0.07132867723703384, -0.08049304783344269, -0.08271002769470215, -0.08507802337408066, -0.08551282435655594, -0.08567196130752563, -0.09163320809602737, -0.09061843901872635]
train/correction_patch_magnitude_ratio: [0.17559558153152466, 0.13652725517749786, 0.12389898300170898, 0.12280172854661942, 0.12532837688922882, 0.12883354723453522, 0.122780442237854, 0.11376702785491943, 0.11033661663532257, 0.1121043935418129, 0.11554718762636185, 0.1199110820889473, 0.11582095175981522, 0.10722533613443375, 0.10361309349536896, 0.10458007454872131, 0.10665925592184067, 0.10989208519458771, 0.10810793936252594, 0.1025308221578598, 0.09970107674598694, 0.09968337416648865, 0.10072734206914902, 0.10393878072500229, 0.10172644257545471, 0.0971004068851471, 0.09521578252315521, 0.09649702161550522, 0.09803067147731781, 0.10094970464706421, 0.09970368444919586, 0.0958603098988533, 0.09353670477867126, 0.09379513561725616, 0.09602359682321548, 0.0981701910495758, 0.09619616717100143, 0.09255394339561462, 0.09170659631490707, 0.0935904011130333, 0.09627420455217361, 0.09852854162454605, 0.0967009887099266, 0.09327324479818344, 0.09144844114780426]
train/correction_patch_optimal_scalar: [-0.13111759722232819, -0.5038443803787231, -0.612604558467865, -0.3824664056301117, -0.04254171997308731, 0.09668061137199402, -0.28029292821884155, -0.45826372504234314, -0.48690199851989746, -0.2466811090707779, -0.08102638274431229, -0.09732450544834137, -0.48329320549964905, -0.6627306938171387, -0.6650685667991638, -0.4107889235019684, -0.21156948804855347, -0.3284285068511963, -0.675136923789978, -0.735722005367279, -0.6547637581825256, -0.4269965589046478, -0.41971755027770996, -0.3298357427120209, -0.4271794557571411, -0.4118648171424866, -0.3443284034729004, -0.25586986541748047, -0.12801764905452728, 0.011937619186937809, -0.16535693407058716, -0.1619681417942047, -0.04471183195710182, 0.16913047432899475, 0.2177192121744156, 0.304654061794281, 0.23277215659618378, 0.2261437326669693, 0.30946484208106995, 0.24834862351417542, 0.0958453118801117, 0.12046068161725998, -0.20288889110088348, -0.15136225521564484, 0.08517444133758545]
[test]
test/correction_beneficial_ratio: 0.3448939919471741
test/correction_beneficial_ratio_far: 0.3359997570514679
test/correction_beneficial_ratio_middle: 0.3331419825553894
test/correction_beneficial_ratio_near: 0.3655402362346649
test/correction_cosine_far: -0.1498187780380249
test/correction_cosine_mean: -0.1374838501214981
test/correction_cosine_middle: -0.159759059548378
test/correction_cosine_near: -0.10287381708621979
test/correction_magnitude_ratio_far: 0.07799074053764343
test/correction_magnitude_ratio_mean: 0.08989806473255157
test/correction_magnitude_ratio_middle: 0.08754204958677292
test/correction_magnitude_ratio_near: 0.10416135936975479
test/correction_optimal_scalar_far: -2.038332939147949
test/correction_optimal_scalar_mean: -1.413866639137268
test/correction_optimal_scalar_middle: -1.487862467765808
test/correction_optimal_scalar_near: -0.7154046297073364
test/correction_patch_beneficial_ratio: [0.3812609910964966, 0.3765392005443573, 0.37237292528152466, 0.37024348974227905, 0.3854272663593292, 0.3970928490161896, 0.38496434688568115, 0.36126285791397095, 0.34367188811302185, 0.3441348075866699, 0.358855664730072, 0.36339226365089417, 0.35950374603271484, 0.3428386151790619, 0.34154245257377625, 0.34006109833717346, 0.3470049202442169, 0.35478195548057556, 0.3535783588886261, 0.34015369415283203, 0.33580222725868225, 0.3383945822715759, 0.32719191908836365, 0.32867327332496643, 0.3269141614437103, 0.3115452229976654, 0.3076567053794861, 0.32043328881263733, 0.32895103096961975, 0.3359874188899994, 0.33071011304855347, 0.32209980487823486, 0.33043235540390015, 0.3363577425479889, 0.3316359519958496, 0.33978334069252014, 0.3403388559818268, 0.3395981788635254, 0.3420053720474243, 0.3373761773109436, 0.3337653875350952, 0.33191370964050293, 0.33580222725868225, 0.3412646949291229, 0.34691232442855835]
test/correction_patch_cosine: [-0.04861751198768616, -0.08464270830154419, -0.08927025645971298, -0.08971825242042542, -0.07118681818246841, -0.056022774428129196, -0.07547196000814438, -0.11622082442045212, -0.1341165155172348, -0.1310308873653412, -0.12064333260059357, -0.10882513225078583, -0.11853798478841782, -0.14459940791130066, -0.15420275926589966, -0.1470523178577423, -0.136604443192482, -0.12311483174562454, -0.1331779956817627, -0.15774080157279968, -0.166818767786026, -0.16283562779426575, -0.16477596759796143, -0.1661095917224884, -0.1705600470304489, -0.18884843587875366, -0.18797729909420013, -0.1776110827922821, -0.1618657261133194, -0.1512928456068039, -0.15595681965351105, -0.16025486588478088, -0.15877969563007355, -0.14987331628799438, -0.14442838728427887, -0.13728183507919312, -0.141606867313385, -0.1497277468442917, -0.152470663189888, -0.15009701251983643, -0.14956672489643097, -0.14515747129917145, -0.14729918539524078, -0.15502068400382996, -0.14975868165493011]
test/correction_patch_magnitude_ratio: [0.1529294103384018, 0.11646772176027298, 0.10627126693725586, 0.10805466026067734, 0.11009480804204941, 0.11345643550157547, 0.10612201690673828, 0.09483164548873901, 0.09141834080219269, 0.094056136906147, 0.09786324203014374, 0.1019572913646698, 0.0972135066986084, 0.08754456788301468, 0.08413903415203094, 0.0867476612329483, 0.09123000502586365, 0.09603706747293472, 0.09243687987327576, 0.08520042151212692, 0.0825168639421463, 0.08395716547966003, 0.08736073970794678, 0.09071196615695953, 0.08935312926769257, 0.08460158854722977, 0.08299808949232101, 0.08438204973936081, 0.08656670153141022, 0.08903099596500397, 0.08627963066101074, 0.0805588811635971, 0.07763537019491196, 0.0790005624294281, 0.08247582614421844, 0.0837758406996727, 0.0805944874882698, 0.07547987252473831, 0.07367178052663803, 0.07463444769382477, 0.07659592479467392, 0.07913205772638321, 0.07689417898654938, 0.07254592329263687, 0.07058652490377426]
test/correction_patch_optimal_scalar: [-0.5174468159675598, -0.6343019008636475, -0.5947695374488831, -0.3216969072818756, -0.16005198657512665, 0.24924415349960327, -0.8436154723167419, -1.216205358505249, -1.0835037231445312, -0.6971239447593689, -0.46155503392219543, -0.21783527731895447, -1.0411094427108765, -1.695021152496338, -1.496074914932251, -1.2937204837799072, -0.88642418384552, -0.6860820055007935, -1.440147876739502, -1.8913403749465942, -1.6936230659484863, -1.2814041376113892, -1.3436610698699951, -1.5874278545379639, -2.034726619720459, -2.339237928390503, -2.1690006256103516, -1.4378901720046997, -1.1735488176345825, -1.0596951246261597, -1.5783617496490479, -2.195937395095825, -2.5265142917633057, -2.263209819793701, -2.000358819961548, -1.6339558362960815, -1.9445823431015015, -2.202798843383789, -1.8499175310134888, -1.6279460191726685, -1.7257581949234009, -1.5826846361160278, -2.301419973373413, -2.710314989089966, -2.431236982345581]
