[train]
train/correction_beneficial_ratio: 0.4937848746776581
train/correction_beneficial_ratio_far: 0.5207667946815491
train/correction_beneficial_ratio_middle: 0.4927625060081482
train/correction_beneficial_ratio_near: 0.46782535314559937
train/correction_cosine_far: 0.0376640222966671
train/correction_cosine_mean: 0.024233656004071236
train/correction_cosine_middle: 0.027843033894896507
train/correction_cosine_near: 0.007193925324827433
train/correction_magnitude_ratio_far: 0.04191230237483978
train/correction_magnitude_ratio_mean: 0.04569927230477333
train/correction_magnitude_ratio_middle: 0.04479067772626877
train/correction_magnitude_ratio_near: 0.050394847989082336
train/correction_optimal_scalar_far: 1.7666423320770264
train/correction_optimal_scalar_mean: 1.2004115581512451
train/correction_optimal_scalar_middle: 1.1844664812088013
train/correction_optimal_scalar_near: 0.6501244902610779
train/correction_patch_beneficial_ratio: [0.4486900866031647, 0.4586581587791443, 0.45035144686698914, 0.465303510427475, 0.4742492139339447, 0.4615974426269531, 0.47335463762283325, 0.4732268452644348, 0.46594250202178955, 0.47718849778175354, 0.48153355717658997, 0.4654313027858734, 0.4686262011528015, 0.48140576481819153, 0.4718210995197296, 0.46172523498535156, 0.46632587909698486, 0.4702875316143036, 0.47015973925590515, 0.47514376044273376, 0.48293930292129517, 0.4981469511985779, 0.5070926547050476, 0.5152715444564819, 0.5102875232696533, 0.5247284173965454, 0.5082427859306335, 0.5004472732543945, 0.506325900554657, 0.4943130910396576, 0.4992971122264862, 0.5225558876991272, 0.5211501717567444, 0.5272843241691589, 0.5249840021133423, 0.5290734767913818, 0.5173162817955017, 0.5199999809265137, 0.5283067226409912, 0.5102875232696533, 0.5199999809265137, 0.5332907438278198, 0.5226836800575256, 0.5148881673812866, 0.520383358001709]
train/correction_patch_cosine: [-0.005774211138486862, -0.00042547742486931384, -0.004130017943680286, 0.0032895023468881845, 0.0075927609577775, 0.0005187734495848417, 0.010941852815449238, 0.009277831763029099, 0.006335490383207798, 0.013210236094892025, 0.022192835807800293, 0.010566052980720997, 0.009804143570363522, 0.01961296796798706, 0.00489638838917017, 0.0076697519980371, 0.015922535210847855, 0.019908903166651726, 0.021530773490667343, 0.019665546715259552, 0.024134915322065353, 0.03022567741572857, 0.03767925128340721, 0.04180893301963806, 0.03910911828279495, 0.042849719524383545, 0.03181571513414383, 0.025037463754415512, 0.03281870484352112, 0.02746783010661602, 0.025580069050192833, 0.04016825929284096, 0.03965195268392563, 0.04082353040575981, 0.039581265300512314, 0.03949905186891556, 0.03547671437263489, 0.03691263496875763, 0.042159873992204666, 0.03197886794805527, 0.0364292673766613, 0.04477105289697647, 0.03955880180001259, 0.034406546503305435, 0.0379626639187336]
train/correction_patch_magnitude_ratio: [0.06636764854192734, 0.05694691836833954, 0.054411694407463074, 0.050825443118810654, 0.050855670124292374, 0.04991300031542778, 0.049361418932676315, 0.049004074186086655, 0.04786589741706848, 0.047529436647892, 0.046698231250047684, 0.04646486043930054, 0.046380139887332916, 0.046774137765169144, 0.046524107456207275, 0.04622308537364006, 0.04629896208643913, 0.04610642418265343, 0.04589864984154701, 0.045551497489213943, 0.04503336176276207, 0.045033618807792664, 0.04481960088014603, 0.04502994567155838, 0.04444662854075432, 0.044356927275657654, 0.04375345632433891, 0.043195419013500214, 0.04347008466720581, 0.042642489075660706, 0.04288668558001518, 0.04306922107934952, 0.04270034655928612, 0.04230865463614464, 0.042224884033203125, 0.04181380197405815, 0.042067669332027435, 0.04166499897837639, 0.041857849806547165, 0.04157926142215729, 0.041808467358350754, 0.04152607545256615, 0.04098229482769966, 0.04125096648931503, 0.040943268686532974]
train/correction_patch_optimal_scalar: [-0.0396648645401001, 0.1495358645915985, 0.2526111900806427, 0.4604502320289612, 0.6859349608421326, 0.5092311501502991, 0.8339966535568237, 0.8408173322677612, 0.8645493984222412, 0.9737695455551147, 1.101953387260437, 0.8236508965492249, 0.8446467518806458, 0.9458525776863098, 0.5045359134674072, 0.4576456546783447, 0.7237709164619446, 0.9828189611434937, 1.0749531984329224, 1.043213129043579, 1.1140042543411255, 1.2019895315170288, 1.4819129705429077, 1.629622220993042, 1.5489705801010132, 1.5775322914123535, 1.3871557712554932, 1.0671076774597168, 1.2289154529571533, 1.2473963499069214, 1.3766522407531738, 1.7239998579025269, 1.7838917970657349, 1.864957571029663, 1.740192174911499, 1.785442590713501, 1.6945135593414307, 1.6895581483840942, 1.998433232307434, 1.776965856552124, 1.906921148300171, 2.062330722808838, 1.7890996932983398, 1.640637755393982, 1.66604745388031]
[test]
test/correction_beneficial_ratio: 0.4826469123363495
test/correction_beneficial_ratio_far: 0.4766620397567749
test/correction_beneficial_ratio_middle: 0.4420792758464813
test/correction_beneficial_ratio_near: 0.5291994214057922
test/correction_cosine_far: 0.012884263880550861
test/correction_cosine_mean: 0.015296349301934242
test/correction_cosine_middle: -0.020988095551729202
test/correction_cosine_near: 0.05399281904101372
test/correction_magnitude_ratio_far: 0.049365825951099396
test/correction_magnitude_ratio_mean: 0.05116676166653633
test/correction_magnitude_ratio_middle: 0.050643227994441986
test/correction_magnitude_ratio_near: 0.05349127575755119
test/correction_optimal_scalar_far: 0.3379676938056946
test/correction_optimal_scalar_mean: 0.6082038879394531
test/correction_optimal_scalar_middle: -0.13147805631160736
test/correction_optimal_scalar_near: 1.6181223392486572
test/correction_patch_beneficial_ratio: [0.4562702476978302, 0.47339195013046265, 0.4807959198951721, 0.47339195013046265, 0.5307728052139282, 0.5205923318862915, 0.5488200187683105, 0.5765849351882935, 0.5719574093818665, 0.5835261344909668, 0.5788986682891846, 0.5520592331886292, 0.5372512936592102, 0.5316982865333557, 0.5219805836677551, 0.5016196370124817, 0.47801944613456726, 0.4585839807987213, 0.43359556794166565, 0.4451642632484436, 0.44331327080726624, 0.43035632371902466, 0.42248958349227905, 0.44007402658462524, 0.4571957290172577, 0.4807959198951721, 0.438685804605484, 0.4109208583831787, 0.40259140729904175, 0.3877834379673004, 0.42711707949638367, 0.4530310034751892, 0.46552520990371704, 0.45904675126075745, 0.4826469123363495, 0.4826469123363495, 0.4886626601219177, 0.4946783781051636, 0.5104118585586548, 0.4807959198951721, 0.4664507210254669, 0.4706154465675354, 0.46552520990371704, 0.4914391338825226, 0.5113373398780823]
test/correction_patch_cosine: [-0.00458765821531415, 0.005645533092319965, 0.01682821474969387, 0.0043343063443899155, 0.053562652319669724, 0.05282074213027954, 0.06655365228652954, 0.08758174628019333, 0.08093041181564331, 0.08720298856496811, 0.08685651421546936, 0.07987388223409653, 0.062965527176857, 0.07037185877561569, 0.05895243212580681, 0.032169874757528305, 0.010008116252720356, 0.002230876823887229, -0.02102045901119709, -0.02694581262767315, -0.014700055122375488, -0.03914959356188774, -0.04605390876531601, -0.021889323368668556, -0.01438124943524599, 0.0027829823084175587, -0.019538050517439842, -0.052178576588630676, -0.052357111126184464, -0.053799066692590714, -0.04075700789690018, -0.019832933321595192, 0.008459191769361496, 0.001098488923162222, 0.020843198522925377, 0.029383260756731033, 0.034248530864715576, 0.026438742876052856, 0.04831573739647865, 0.011505559086799622, -0.006390468683093786, 0.011634193360805511, -0.0003787600726354867, 0.023173334077000618, 0.04552321508526802]
test/correction_patch_magnitude_ratio: [0.06350985169410706, 0.0571989007294178, 0.054730772972106934, 0.05202968791127205, 0.054417844861745834, 0.05369466543197632, 0.0546828918159008, 0.054330870509147644, 0.052487246692180634, 0.0516434870660305, 0.050674717873334885, 0.05091455206274986, 0.0500217042863369, 0.051269907504320145, 0.05076130852103233, 0.05006974935531616, 0.05099337920546532, 0.05166777968406677, 0.0512925423681736, 0.05145319551229477, 0.05053669959306717, 0.04990827664732933, 0.04938912391662598, 0.05036776140332222, 0.049723584204912186, 0.050489675253629684, 0.05113983526825905, 0.049619849771261215, 0.051771409809589386, 0.051225364208221436, 0.05130472034215927, 0.05266864597797394, 0.05300936847925186, 0.05055971071124077, 0.05054415389895439, 0.050018418580293655, 0.049189019948244095, 0.0485651008784771, 0.05064805597066879, 0.048422228544950485, 0.04823429509997368, 0.04868244007229805, 0.04617388918995857, 0.04634423926472664, 0.0461234524846077]
test/correction_patch_optimal_scalar: [0.17524001002311707, 0.4178505539894104, 0.4668077230453491, 0.36261072754859924, 1.4543709754943848, 1.5444773435592651, 1.8877391815185547, 2.299168586730957, 2.185135841369629, 2.4667468070983887, 2.56510329246521, 2.361459970474243, 2.2177350521087646, 2.1515674591064453, 1.7158188819885254, 1.2575950622558594, 0.9261488318443298, 0.5974446535110474, 0.24317897856235504, -0.02906222455203533, -0.002784203039482236, -0.5865561366081238, -0.8173941969871521, -0.5857437252998352, -0.17298133671283722, 0.16495749354362488, -0.38686537742614746, -0.8787311911582947, -0.8100260496139526, -0.891351580619812, -0.4696159064769745, -0.20014259219169617, 0.209670752286911, 0.03788447380065918, 0.4710858166217804, 0.4227236211299896, 0.6782227754592896, 0.3250161409378052, 0.7994105219841003, 0.18766361474990845, -0.2697599232196808, 0.2649596929550171, 0.23874914646148682, 0.9423010349273682, 1.4313451051712036]
