[train]
train/correction_beneficial_ratio: 0.46053531765937805
train/correction_beneficial_ratio_far: 0.46144407987594604
train/correction_beneficial_ratio_middle: 0.4659595191478729
train/correction_beneficial_ratio_near: 0.4542023539543152
train/correction_cosine_far: -0.025754868984222412
train/correction_cosine_mean: -0.03267214447259903
train/correction_cosine_middle: -0.027590136975049973
train/correction_cosine_near: -0.044671427458524704
train/correction_magnitude_ratio_far: 0.004127712920308113
train/correction_magnitude_ratio_mean: 0.004718596115708351
train/correction_magnitude_ratio_middle: 0.00462125800549984
train/correction_magnitude_ratio_near: 0.005406813696026802
train/correction_optimal_scalar_far: -2.6680965423583984
train/correction_optimal_scalar_mean: -2.5205061435699463
train/correction_optimal_scalar_middle: 0.0586584135890007
train/correction_optimal_scalar_near: -4.952072620391846
train/correction_patch_beneficial_ratio: [0.45354631543159485, 0.45252394676208496, 0.4587859511375427, 0.4516294002532959, 0.453290730714798, 0.451373815536499, 0.454057514667511, 0.4614696502685547, 0.4480511248111725, 0.446389764547348, 0.43233227729797363, 0.450607031583786, 0.4672204554080963, 0.4572523832321167, 0.4745047986507416, 0.46376997232437134, 0.4674760401248932, 0.453290730714798, 0.46185302734375, 0.46134185791015625, 0.4664536714553833, 0.4612140655517578, 0.4748881757259369, 0.4661980867385864, 0.466070294380188, 0.46913737058639526, 0.4766773283481598, 0.4707987308502197, 0.4686262011528015, 0.4615974426269531, 0.458402544260025, 0.446389764547348, 0.4582747519016266, 0.44306710362434387, 0.438594251871109, 0.4453674256801605, 0.4604472815990448, 0.463386595249176, 0.4830670952796936, 0.48319488763809204, 0.47999998927116394, 0.463386595249176, 0.4558466374874115, 0.4760383367538452, 0.4661980867385864]
train/correction_patch_cosine: [-0.03803969547152519, -0.04816269502043724, -0.04697228968143463, -0.04923120513558388, -0.04161576181650162, -0.04962688684463501, -0.04882729798555374, -0.03684280067682266, -0.05199335515499115, -0.0578453503549099, -0.06606002151966095, -0.044495098292827606, -0.03615991026163101, -0.033874381333589554, -0.020324772223830223, -0.030270395800471306, -0.03035890683531761, -0.036034174263477325, -0.0322052426636219, -0.03557644039392471, -0.02734271250665188, -0.032359492033720016, -0.022290900349617004, -0.023764459416270256, -0.024893399327993393, -0.02747493050992489, -0.0243277158588171, -0.019638042896986008, -0.019372211769223213, -0.027942705899477005, -0.02550884708762169, -0.03112860769033432, -0.03008495457470417, -0.044608376920223236, -0.045766279101371765, -0.04165111854672432, -0.027228673920035362, -0.02725493162870407, -0.006141952238976955, -0.009218743070960045, -0.008710102178156376, -0.024968130514025688, -0.02769140526652336, -0.014880423434078693, -0.021480577066540718]
train/correction_patch_magnitude_ratio: [0.0072652543894946575, 0.006183928810060024, 0.005882282741367817, 0.005434592720121145, 0.005470990668982267, 0.00533097330480814, 0.005212174262851477, 0.005285835824906826, 0.005119966343045235, 0.005018012132495642, 0.004906265996396542, 0.004971957765519619, 0.0049508316442370415, 0.005031346809118986, 0.005037819501012564, 0.0049222055822610855, 0.004885085858404636, 0.004846429452300072, 0.004782383795827627, 0.004751498810946941, 0.004751542117446661, 0.004641108214855194, 0.004652544390410185, 0.004648549482226372, 0.004554079379886389, 0.004493026994168758, 0.0044496566988527775, 0.004351471550762653, 0.004349607042968273, 0.004239698871970177, 0.004276146646589041, 0.004281952977180481, 0.0042329756543040276, 0.0041221315041184425, 0.004091442562639713, 0.004069390241056681, 0.004138808697462082, 0.004099743906408548, 0.004213997628539801, 0.0041814460419118404, 0.004172430373728275, 0.0040680766105651855, 0.003981981426477432, 0.004033799283206463, 0.003951362334191799]
train/correction_patch_optimal_scalar: [-1.4986374378204346, -4.564247131347656, -7.4615654945373535, -7.673503398895264, -5.957005500793457, -7.032721996307373, -6.583083152770996, -4.113382339477539, -7.583682060241699, -8.846124649047852, -9.545239448547363, -2.7079172134399414, -1.771098256111145, -1.66313898563385, 2.720266819000244, -0.43236470222473145, -0.5361875891685486, -3.6549785137176514, -3.5764517784118652, -3.058100938796997, -0.018713058903813362, -0.6853039860725403, 2.893979072570801, 1.5917067527770996, 0.3820951581001282, -0.007060203701257706, 0.31768420338630676, 4.314518928527832, 3.4810612201690674, -0.13215255737304688, 0.38275009393692017, -2.7232372760772705, -2.5345263481140137, -5.690333843231201, -5.488978862762451, -4.619998931884766, -0.6800229549407959, -1.0172436237335205, 2.545717716217041, 0.43082860112190247, -0.2942913770675659, -6.592621326446533, -6.9572625160217285, -2.0672574043273926, -4.714948654174805]
[test]
test/correction_beneficial_ratio: 0.6399609446525574
test/correction_beneficial_ratio_far: 0.6881998777389526
test/correction_beneficial_ratio_middle: 0.6670060157775879
test/correction_beneficial_ratio_near: 0.564676821231842
test/correction_cosine_far: 0.25619491934776306
test/correction_cosine_mean: 0.1935282051563263
test/correction_cosine_middle: 0.21898116171360016
test/correction_cosine_near: 0.10540861636400223
test/correction_magnitude_ratio_far: 0.0060165091417729855
test/correction_magnitude_ratio_mean: 0.00643335422500968
test/correction_magnitude_ratio_middle: 0.006403654348105192
test/correction_magnitude_ratio_near: 0.006879908964037895
test/correction_optimal_scalar_far: 53.11033630371094
test/correction_optimal_scalar_mean: 38.930419921875
test/correction_optimal_scalar_middle: 43.99224090576172
test/correction_optimal_scalar_near: 19.688709259033203
test/correction_patch_beneficial_ratio: [0.48773714900016785, 0.488199919462204, 0.4983803927898407, 0.5034705996513367, 0.5303100347518921, 0.5446552634239197, 0.562702476978302, 0.5937066078186035, 0.5788986682891846, 0.5849143862724304, 0.5821378827095032, 0.5987968444824219, 0.6233225464820862, 0.6376677751541138, 0.65525221824646, 0.6492364406585693, 0.6288754940032959, 0.6409069895744324, 0.6538639664649963, 0.6575659513473511, 0.6765386462211609, 0.67237389087677, 0.6668209433555603, 0.6927348375320435, 0.7061545848846436, 0.6839426159858704, 0.6862563490867615, 0.6682091355323792, 0.6654326915740967, 0.6561776995658875, 0.6538639664649963, 0.6598796844482422, 0.6700601577758789, 0.6649699211120605, 0.6617307066917419, 0.6617307066917419, 0.6871818900108337, 0.685330867767334, 0.715409517288208, 0.7260527610778809, 0.713558554649353, 0.6978250741958618, 0.7061545848846436, 0.7140212655067444, 0.7052290439605713]
test/correction_patch_cosine: [0.030113976448774338, 0.014437295496463776, 0.025090627372264862, 0.02466205134987831, 0.07465356588363647, 0.07367437332868576, 0.0967688262462616, 0.143441304564476, 0.11390253901481628, 0.12493287771940231, 0.11969204246997833, 0.14956311881542206, 0.1675994098186493, 0.20655150711536407, 0.21604503691196442, 0.19555717706680298, 0.18120230734348297, 0.19532456994056702, 0.2204267680644989, 0.21297696232795715, 0.22740764915943146, 0.22377657890319824, 0.2222461700439453, 0.24621319770812988, 0.2595421373844147, 0.24066060781478882, 0.23305433988571167, 0.21611961722373962, 0.2170839160680771, 0.1931227147579193, 0.21448054909706116, 0.23134613037109375, 0.23978619277477264, 0.2334975302219391, 0.2305050790309906, 0.22601208090782166, 0.2592245638370514, 0.25319287180900574, 0.29362693428993225, 0.2980727553367615, 0.28729838132858276, 0.2650749683380127, 0.2625150680541992, 0.2750422954559326, 0.2732507288455963]
test/correction_patch_magnitude_ratio: [0.008310518227517605, 0.007310589775443077, 0.006998468190431595, 0.006660535000264645, 0.0069135804660618305, 0.006733827758580446, 0.0068259211257100105, 0.007016177289187908, 0.006755237467586994, 0.00665260199457407, 0.0064935144037008286, 0.006599551998078823, 0.006559425033628941, 0.006705996114760637, 0.006662658415734768, 0.006542872171849012, 0.006540434900671244, 0.006634578574448824, 0.006644782144576311, 0.006528105121105909, 0.006480020005255938, 0.006326646544039249, 0.00629113195464015, 0.006337631028145552, 0.0062941983342170715, 0.006280997302383184, 0.006385695189237595, 0.006210593041032553, 0.006335470359772444, 0.006221534218639135, 0.006356319412589073, 0.00640560919418931, 0.006363990250974894, 0.00612979382276535, 0.006042865104973316, 0.00601400900632143, 0.006068766117095947, 0.0059704468585550785, 0.006171399261802435, 0.0060327379032969475, 0.0059773582033813, 0.005875252652913332, 0.005632387939840555, 0.0056617362424731255, 0.005544951185584068]
test/correction_patch_optimal_scalar: [6.043858528137207, 3.066787004470825, 2.88970685005188, 2.070192575454712, 14.30452823638916, 12.55708122253418, 16.229482650756836, 25.80159568786621, 19.69804573059082, 23.085954666137695, 22.277095794677734, 29.531896591186523, 34.70268630981445, 40.48259353637695, 42.589210510253906, 41.14189910888672, 38.904869079589844, 38.96879196166992, 43.92028045654297, 43.67012405395508, 45.12675476074219, 44.12649917602539, 42.62181854248047, 45.15986251831055, 50.502418518066406, 47.683998107910156, 46.72124481201172, 45.400821685791016, 45.504310607910156, 40.429508209228516, 45.222381591796875, 46.70819854736328, 46.05906677246094, 46.10218811035156, 46.428226470947266, 46.09310531616211, 53.54412841796875, 53.75044631958008, 60.13224411010742, 62.013572692871094, 58.26267623901367, 54.50823211669922, 56.56562423706055, 60.847190856933594, 60.41763687133789]
