[train]
train/correction_beneficial_ratio: 0.39595529437065125
train/correction_beneficial_ratio_far: 0.4082264006137848
train/correction_beneficial_ratio_middle: 0.37715810537338257
train/correction_beneficial_ratio_near: 0.402481347322464
train/correction_cosine_far: -0.07643149048089981
train/correction_cosine_mean: -0.08382634073495865
train/correction_cosine_middle: -0.11102495342493057
train/correction_cosine_near: -0.064022496342659
train/correction_magnitude_ratio_far: 0.08948271721601486
train/correction_magnitude_ratio_mean: 0.09955015778541565
train/correction_magnitude_ratio_middle: 0.09591419994831085
train/correction_magnitude_ratio_near: 0.11325351893901825
train/correction_optimal_scalar_far: -3.9849853515625
train/correction_optimal_scalar_mean: -3.233079433441162
train/correction_optimal_scalar_middle: -2.7056896686553955
train/correction_optimal_scalar_near: -3.008563995361328
train/correction_patch_beneficial_ratio: [0.4412505626678467, 0.43683508038520813, 0.4278263449668884, 0.41558748483657837, 0.4114091098308563, 0.40592679381370544, 0.40423765778541565, 0.39807379245758057, 0.3872573673725128, 0.38064897060394287, 0.38050082325935364, 0.3845902979373932, 0.39019113779067993, 0.39116907119750977, 0.3817158043384552, 0.37012889981269836, 0.3636094331741333, 0.36432063579559326, 0.36417245864868164, 0.3682323396205902, 0.3656245470046997, 0.3691806197166443, 0.37830790877342224, 0.3805600702762604, 0.3846791982650757, 0.38790932297706604, 0.3834938406944275, 0.38687214255332947, 0.39490294456481934, 0.39537709951400757, 0.39540672302246094, 0.3940139412879944, 0.40242999792099, 0.40459325909614563, 0.40921616554260254, 0.4194399118423462, 0.42427027225494385, 0.4160023629665375, 0.40574899315834045, 0.4058082699775696, 0.40711215138435364, 0.4116165339946747, 0.4145503044128418, 0.409986674785614, 0.4032004773616791]
train/correction_patch_cosine: [0.010774525813758373, -0.021569300442934036, -0.03991023078560829, -0.050411250442266464, -0.049666628241539, -0.04784680902957916, -0.05047907307744026, -0.07008036971092224, -0.09003251045942307, -0.0956762433052063, -0.08881548047065735, -0.08571255952119827, -0.08430182188749313, -0.0903649851679802, -0.10624498128890991, -0.11768919229507446, -0.12187130749225616, -0.12224102765321732, -0.1232239231467247, -0.12406651675701141, -0.12561540305614471, -0.11978275328874588, -0.11579874902963638, -0.10896405577659607, -0.10356699675321579, -0.10246474295854568, -0.10463576763868332, -0.09837810695171356, -0.08965446054935455, -0.08742200583219528, -0.08683034777641296, -0.08524003624916077, -0.08062929660081863, -0.07422105222940445, -0.06929163634777069, -0.061120759695768356, -0.056559477001428604, -0.06726375967264175, -0.07953504472970963, -0.0814993679523468, -0.07827028632164001, -0.07523009926080704, -0.07489259541034698, -0.08428413420915604, -0.09160485118627548]
train/correction_patch_magnitude_ratio: [0.16021806001663208, 0.1271599531173706, 0.1167563945055008, 0.11296859383583069, 0.11220706254243851, 0.11537119001150131, 0.11382302641868591, 0.10875539481639862, 0.10601990669965744, 0.10490798950195312, 0.1050233393907547, 0.10797478258609772, 0.10714086145162582, 0.10146959125995636, 0.09900671243667603, 0.09831849485635757, 0.09830514341592789, 0.10051961988210678, 0.10126451402902603, 0.09872458130121231, 0.09648802876472473, 0.0947197899222374, 0.09414251893758774, 0.09628743678331375, 0.0963696837425232, 0.09411847591400146, 0.09266072511672974, 0.09211879223585129, 0.09130294620990753, 0.09337175637483597, 0.09427274763584137, 0.09173084050416946, 0.08981887996196747, 0.0884762778878212, 0.08868136256933212, 0.09039655327796936, 0.09005876630544662, 0.08847171813249588, 0.08837362378835678, 0.08852944523096085, 0.08886203914880753, 0.09011921286582947, 0.08927866071462631, 0.08781909942626953, 0.08735226094722748]
train/correction_patch_optimal_scalar: [-2.2908318042755127, -3.682525396347046, -3.714439868927002, -1.3387542963027954, -0.21269184350967407, -0.8973013758659363, -4.193205833435059, -4.822800636291504, -3.0413715839385986, 0.6476765275001526, 0.6976655721664429, -0.6706386804580688, -6.562182426452637, -8.231122016906738, -6.8159284591674805, -1.4663687944412231, -0.21172140538692474, -2.5338292121887207, -7.3439507484436035, -6.494437217712402, -4.115294456481934, -0.9344573616981506, -0.7610812187194824, -1.045496940612793, -4.508007049560547, -5.18920373916626, -4.478700160980225, -1.45002019405365, -0.04265163838863373, -0.01014276035130024, -4.011635780334473, -4.829988956451416, -4.941351890563965, -2.6094491481781006, -0.4428167939186096, -0.7842143177986145, -4.205915451049805, -5.176487922668457, -6.547466278076172, -5.349243640899658, -3.0100574493408203, -1.7172106504440308, -5.688322067260742, -5.38843297958374, -5.072175979614258]
[test]
test/correction_beneficial_ratio: 0.3303830027580261
test/correction_beneficial_ratio_far: 0.33286425471305847
test/correction_beneficial_ratio_middle: 0.3049285411834717
test/correction_beneficial_ratio_near: 0.35335618257522583
test/correction_cosine_far: -0.15374548733234406
test/correction_cosine_mean: -0.15175387263298035
test/correction_cosine_middle: -0.18801434338092804
test/correction_cosine_near: -0.11350172758102417
test/correction_magnitude_ratio_far: 0.07397706806659698
test/correction_magnitude_ratio_mean: 0.08426376432180405
test/correction_magnitude_ratio_middle: 0.08258771151304245
test/correction_magnitude_ratio_near: 0.09622647613286972
test/correction_optimal_scalar_far: -0.778594970703125
test/correction_optimal_scalar_mean: 1.7650271654129028
test/correction_optimal_scalar_middle: 4.450614929199219
test/correction_optimal_scalar_near: 1.6230669021606445
test/correction_patch_beneficial_ratio: [0.39135265350341797, 0.39172297716140747, 0.3730210065841675, 0.36478105187416077, 0.36311453580856323, 0.37746503949165344, 0.384038507938385, 0.36024442315101624, 0.3376539349555969, 0.3373761773109436, 0.3302471935749054, 0.33691325783729553, 0.3277474343776703, 0.31608185172080994, 0.3085825443267822, 0.3091380298137665, 0.30247199535369873, 0.32247012853622437, 0.33330246806144714, 0.32135912775993347, 0.308767706155777, 0.30210167169570923, 0.2910841703414917, 0.2888621389865875, 0.29312101006507874, 0.2883066236972809, 0.28302934765815735, 0.29525044560432434, 0.30561983585357666, 0.32904359698295593, 0.33293214440345764, 0.32432183623313904, 0.318118691444397, 0.32284048199653625, 0.31969261169433594, 0.33367282152175903, 0.3438570499420166, 0.33895009756088257, 0.33728358149528503, 0.3341357409954071, 0.3272845149040222, 0.3313581943511963, 0.34756040573120117, 0.3442273736000061, 0.3367280662059784]
test/correction_patch_cosine: [-0.041221752762794495, -0.07233916223049164, -0.08877534419298172, -0.09492470324039459, -0.08760371059179306, -0.07399435341358185, -0.07525008171796799, -0.11018505692481995, -0.13795557618141174, -0.14175716042518616, -0.15107212960720062, -0.1397870033979416, -0.14253251254558563, -0.1623438149690628, -0.182783305644989, -0.18514737486839294, -0.181314617395401, -0.15818904340267181, -0.15052907168865204, -0.17543424665927887, -0.19834749400615692, -0.1985800862312317, -0.2054610252380371, -0.2044489085674286, -0.1967657506465912, -0.20590776205062866, -0.209814190864563, -0.20054098963737488, -0.18458950519561768, -0.16514573991298676, -0.1578424721956253, -0.16289927065372467, -0.17256225645542145, -0.16828839480876923, -0.15975533425807953, -0.14748767018318176, -0.14005856215953827, -0.15048334002494812, -0.15661710500717163, -0.15555541217327118, -0.15781725943088531, -0.1450456976890564, -0.13478590548038483, -0.14378949999809265, -0.1531943380832672]
test/correction_patch_magnitude_ratio: [0.13870444893836975, 0.10836916416883469, 0.09946703165769577, 0.09859282523393631, 0.0986693948507309, 0.1024530753493309, 0.0986025482416153, 0.09009458124637604, 0.08647271990776062, 0.08647114783525467, 0.08849912136793137, 0.0927617996931076, 0.090694859623909, 0.08331585675477982, 0.08022893220186234, 0.08071129024028778, 0.0838809683918953, 0.08854036778211594, 0.08758650720119476, 0.08259376883506775, 0.07989432662725449, 0.07937678694725037, 0.08101863414049149, 0.08399275690317154, 0.08476368337869644, 0.08228175342082977, 0.08095788955688477, 0.08025906980037689, 0.08036340773105621, 0.08259492367506027, 0.08190994709730148, 0.07828253507614136, 0.07528290897607803, 0.0740533247590065, 0.07580834627151489, 0.07729324698448181, 0.07594859600067139, 0.07351017743349075, 0.07223191857337952, 0.0708475336432457, 0.07105877995491028, 0.07312586158514023, 0.07202773541212082, 0.06955430656671524, 0.06872038543224335]
test/correction_patch_optimal_scalar: [-1.9449725151062012, -1.0447797775268555, -0.1750112622976303, 2.042407512664795, 3.100209951400757, 4.151136875152588, -2.2900679111480713, -2.1910970211029053, 1.6728475093841553, 6.697201251983643, 8.631570816040039, 8.224632263183594, -0.5209879279136658, -3.760770559310913, 1.7537001371383667, 2.8453786373138428, 8.984872817993164, 6.548582077026367, 0.3156690001487732, -0.46073514223098755, 3.8294074535369873, 9.402191162109375, 8.195876121520996, 3.643927574157715, -1.316980004310608, -1.9863680601119995, 2.658360719680786, 8.892812728881836, 9.208971977233887, 5.9973273277282715, 0.8073773980140686, -3.3446590900421143, -4.653532981872559, -0.9547775983810425, 2.2088370323181152, 3.5023181438446045, 0.40878885984420776, -1.7268346548080444, 3.4772403240203857, 4.204585552215576, 0.5979059934616089, 1.564801812171936, -6.0927228927612305, -6.687106609344482, -4.991283893585205]
