[train]
train/correction_beneficial_ratio: 0.45868656039237976
train/correction_beneficial_ratio_far: 0.4732779562473297
train/correction_beneficial_ratio_middle: 0.46612992882728577
train/correction_beneficial_ratio_near: 0.4366517663002014
train/correction_cosine_far: -0.00517133018001914
train/correction_cosine_mean: -0.012950255535542965
train/correction_cosine_middle: -0.0075629581697285175
train/correction_cosine_near: -0.026116441935300827
train/correction_magnitude_ratio_far: 0.010572899132966995
train/correction_magnitude_ratio_mean: 0.011068135499954224
train/correction_magnitude_ratio_middle: 0.010651853866875172
train/correction_magnitude_ratio_near: 0.011979651637375355
train/correction_optimal_scalar_far: -0.6277884840965271
train/correction_optimal_scalar_mean: -0.7366697192192078
train/correction_optimal_scalar_middle: 0.3936336934566498
train/correction_optimal_scalar_near: -1.9758551120758057
train/correction_patch_beneficial_ratio: [0.4279872179031372, 0.4516294002532959, 0.44191694259643555, 0.4428114891052246, 0.45776358246803284, 0.4467731714248657, 0.44051119685173035, 0.4508626163005829, 0.4342491924762726, 0.42453673481941223, 0.41789138317108154, 0.42325878143310547, 0.42952075600624084, 0.430031955242157, 0.430031955242157, 0.43846645951271057, 0.4435782730579376, 0.4388498365879059, 0.44396165013313293, 0.4636421799659729, 0.4720766842365265, 0.4686262011528015, 0.4808945655822754, 0.48460063338279724, 0.46798720955848694, 0.49099043011665344, 0.4820447266101837, 0.46734824776649475, 0.4784664511680603, 0.470415323972702, 0.463386595249176, 0.4586581587791443, 0.4647923409938812, 0.4536741077899933, 0.4573802053928375, 0.46594250202178955, 0.4647923409938812, 0.47693291306495667, 0.4834504723548889, 0.4805111885070801, 0.49022364616394043, 0.4880511164665222, 0.47833865880966187, 0.48281151056289673, 0.49022364616394043]
train/correction_patch_cosine: [-0.02954387478530407, -0.0236771572381258, -0.027875056490302086, -0.029699895530939102, -0.01610594429075718, -0.022575991228222847, -0.022327600046992302, -0.017338480800390244, -0.026024915277957916, -0.030501054599881172, -0.03505171462893486, -0.02837764099240303, -0.025597626343369484, -0.029596010223031044, -0.027453644201159477, -0.027080781757831573, -0.019614094868302345, -0.0232334416359663, -0.016654644161462784, -0.009476156905293465, -0.004205488134175539, -0.0038678280543535948, 0.001590363564901054, 0.005120462737977505, -0.000512924452777952, 0.005855435971170664, -0.00021139808814041317, -0.008124091662466526, -0.0038251131772994995, -0.009204813279211521, -0.010445943102240562, -0.010922645218670368, -0.01242060773074627, -0.01565428450703621, -0.015556548722088337, -0.0164059866219759, -0.015029017813503742, -0.006336757447570562, 0.0016677442472428083, 0.0007396149449050426, 0.003747520036995411, 0.008486158214509487, 0.003613313427194953, 0.003676624968647957, 0.0032704747281968594]
train/correction_patch_magnitude_ratio: [0.01668311096727848, 0.01357190776616335, 0.013022341765463352, 0.011864745058119297, 0.01173205766826868, 0.011675507761538029, 0.0114236269146204, 0.011349649168550968, 0.011286294087767601, 0.011293948628008366, 0.011230383068323135, 0.011150272563099861, 0.011045697145164013, 0.011219095438718796, 0.011146105825901031, 0.010910623706877232, 0.010834167711436749, 0.010654269717633724, 0.010575230233371258, 0.01074505876749754, 0.010821645148098469, 0.010735156014561653, 0.010661840438842773, 0.010800336487591267, 0.010660999454557896, 0.010594513267278671, 0.010585751384496689, 0.010360278189182281, 0.01037006825208664, 0.010467887856066227, 0.010525405406951904, 0.010783396661281586, 0.010884019546210766, 0.010566923767328262, 0.010597231797873974, 0.010476378723978996, 0.010497955605387688, 0.010505222715437412, 0.010648216120898724, 0.01062029879540205, 0.010622525587677956, 0.0106103690341115, 0.010459164157509804, 0.010465588420629501, 0.010330859571695328]
train/correction_patch_optimal_scalar: [-1.7527049779891968, -2.072753429412842, -2.2397937774658203, -2.9659199714660645, -1.3499562740325928, -1.877166748046875, -2.0165939331054688, -1.0334289073944092, -1.7366758584976196, -2.016211748123169, -2.431241273880005, -2.115494728088379, -1.86598801612854, -2.0027852058410645, -2.161104440689087, -2.3375422954559326, -1.1737632751464844, -1.5358110666275024, -0.2742372751235962, 0.8332441449165344, 1.337181568145752, 1.3224660158157349, 1.8800092935562134, 2.345860719680786, 1.4480738639831543, 1.6188989877700806, 0.8054893612861633, 0.019610747694969177, 0.2425401210784912, -0.6275148987770081, -0.8174502849578857, -1.3378074169158936, -1.3728351593017578, -2.0787525177001953, -2.2074077129364014, -2.021841287612915, -1.9032963514328003, -0.9783704280853271, 0.317074179649353, 0.037376414984464645, 0.4883611798286438, 1.0608776807785034, 0.41989392042160034, 0.6779307723045349, 0.299423485994339]
[test]
test/correction_beneficial_ratio: 0.4751504063606262
test/correction_beneficial_ratio_far: 0.44038254022598267
test/correction_beneficial_ratio_middle: 0.42656177282333374
test/correction_beneficial_ratio_near: 0.5585068464279175
test/correction_cosine_far: -0.041703272610902786
test/correction_cosine_mean: -0.014135617762804031
test/correction_cosine_middle: -0.04539971426129341
test/correction_cosine_near: 0.044696077704429626
test/correction_magnitude_ratio_far: 0.009198292158544064
test/correction_magnitude_ratio_mean: 0.010103149339556694
test/correction_magnitude_ratio_middle: 0.009881330654025078
test/correction_magnitude_ratio_near: 0.011229819618165493
test/correction_optimal_scalar_far: -3.4732184410095215
test/correction_optimal_scalar_mean: -0.3631962835788727
test/correction_optimal_scalar_middle: -3.9743075370788574
test/correction_optimal_scalar_near: 6.3579325675964355
test/correction_patch_beneficial_ratio: [0.5053216218948364, 0.4951411485671997, 0.4974548816680908, 0.5164275765419006, 0.5788986682891846, 0.5821378827095032, 0.6223970651626587, 0.6325775384902954, 0.6006478667259216, 0.5839889049530029, 0.577510416507721, 0.5677927136421204, 0.534474790096283, 0.5525220036506653, 0.5303100347518921, 0.5076353549957275, 0.49560388922691345, 0.44331327080726624, 0.44238778948783875, 0.4238778352737427, 0.44794076681137085, 0.4062933921813965, 0.3998149037361145, 0.42248958349227905, 0.41230911016464233, 0.42480334639549255, 0.41230911016464233, 0.3734382092952728, 0.39009717106819153, 0.39611291885375977, 0.3863951861858368, 0.4340583086013794, 0.45673298835754395, 0.4331327974796295, 0.44331327080726624, 0.42896807193756104, 0.4252660870552063, 0.4331327974796295, 0.46691346168518066, 0.4442387819290161, 0.4363720417022705, 0.45812124013900757, 0.45904675126075745, 0.44377604126930237, 0.4562702476978302]
test/correction_patch_cosine: [0.006710871588438749, 0.004202281590551138, 0.0068564629182219505, 0.011164448224008083, 0.05547389015555382, 0.06161430478096008, 0.0809229388833046, 0.08642767369747162, 0.0665278509259224, 0.06241738051176071, 0.05943990871310234, 0.05496475473046303, 0.03560689836740494, 0.043822500854730606, 0.03428923711180687, 0.013115507550537586, -0.004029834643006325, -0.027340101078152657, -0.03441104665398598, -0.04141372814774513, -0.027248164638876915, -0.05560624599456787, -0.06341235339641571, -0.05026140436530113, -0.05295956879854202, -0.049022696912288666, -0.06387217342853546, -0.08946071565151215, -0.0716531053185463, -0.06341931968927383, -0.06232347711920738, -0.043409086763858795, -0.028147993609309196, -0.04254896566271782, -0.04236932471394539, -0.05301462858915329, -0.047207847237586975, -0.04677838087081909, -0.026778656989336014, -0.043807920068502426, -0.04875129088759422, -0.028465868905186653, -0.03549562022089958, -0.039224427193403244, -0.037225738167762756]
test/correction_patch_magnitude_ratio: [0.013971464708447456, 0.012246651574969292, 0.011790806427598, 0.011381343007087708, 0.011634758673608303, 0.011449662037193775, 0.011448261328041553, 0.011287129484117031, 0.010904652066528797, 0.010854949243366718, 0.010521579533815384, 0.010402352549135685, 0.010207281447947025, 0.010198303498327732, 0.010148200206458569, 0.009994049556553364, 0.010133241303265095, 0.010038960725069046, 0.010104028508067131, 0.010056214407086372, 0.00986223854124546, 0.0097274798899889, 0.009645769372582436, 0.009703232906758785, 0.009631412103772163, 0.009796437807381153, 0.009929126128554344, 0.009721598587930202, 0.009962323121726513, 0.00991393905133009, 0.009908203966915607, 0.010029454715549946, 0.00990094430744648, 0.009569773450493813, 0.009510924108326435, 0.009295606054365635, 0.009239531122148037, 0.009066115133464336, 0.009117824956774712, 0.008900410495698452, 0.008842014707624912, 0.00882407184690237, 0.008645549416542053, 0.008583727292716503, 0.008540108799934387]
test/correction_patch_optimal_scalar: [1.4721813201904297, 1.4735180139541626, 1.3829905986785889, 1.6913350820541382, 6.323705196380615, 7.2049760818481445, 9.3558931350708, 10.165752410888672, 8.824249267578125, 8.37363052368164, 7.9530029296875, 9.083239555358887, 7.293059825897217, 8.071466445922852, 6.700003147125244, 3.429328203201294, 0.705970287322998, -2.4021217823028564, -2.161707639694214, -3.0265960693359375, -1.5619332790374756, -4.613026142120361, -6.178170204162598, -5.216657638549805, -5.510885238647461, -5.291773796081543, -6.41025972366333, -8.705611228942871, -6.890378475189209, -5.780741214752197, -5.644148349761963, -4.005627155303955, -2.056107759475708, -3.538388729095459, -3.623973846435547, -4.8585591316223145, -3.76112699508667, -4.4750471115112305, -2.150414228439331, -4.178569316864014, -4.840306758880615, -1.5247454643249512, -2.1387414932250977, -2.7422499656677246, -2.560262680053711]
