[train]
train/correction_beneficial_ratio: 0.517443060874939
train/correction_beneficial_ratio_far: 0.5297383666038513
train/correction_beneficial_ratio_middle: 0.5355457663536072
train/correction_beneficial_ratio_near: 0.4870450496673584
train/correction_cosine_far: 0.048379432410001755
train/correction_cosine_mean: 0.04276999086141586
train/correction_cosine_middle: 0.05344239994883537
train/correction_cosine_near: 0.026488171890378
train/correction_magnitude_ratio_far: 0.06297573447227478
train/correction_magnitude_ratio_mean: 0.07459687441587448
train/correction_magnitude_ratio_middle: 0.06822805851697922
train/correction_magnitude_ratio_near: 0.09258681535720825
train/correction_optimal_scalar_far: 1.026094675064087
train/correction_optimal_scalar_mean: 0.859992265701294
train/correction_optimal_scalar_middle: 1.0339553356170654
train/correction_optimal_scalar_near: 0.5199286937713623
train/correction_patch_beneficial_ratio: [0.42602041363716125, 0.5066106915473938, 0.5370309352874756, 0.5399385690689087, 0.49909481406211853, 0.45633092522621155, 0.4442889988422394, 0.46609610319137573, 0.5054860711097717, 0.5472075939178467, 0.5761466026306152, 0.5751042366027832, 0.5566985011100769, 0.5220814347267151, 0.4996708333492279, 0.4968729317188263, 0.506446123123169, 0.5340410470962524, 0.5514044165611267, 0.5627880096435547, 0.5569453835487366]
train/correction_patch_cosine: [-0.0009990422986447811, 0.04467737674713135, 0.06388925760984421, 0.06480327248573303, 0.02710591070353985, -0.0048667355440557, -0.0091929342597723, 0.007891378365457058, 0.03262422978878021, 0.062475088983774185, 0.08115436136722565, 0.08058542013168335, 0.06601246446371078, 0.04335380718111992, 0.02478897199034691, 0.02446126937866211, 0.03262808173894882, 0.050090450793504715, 0.06856084614992142, 0.07291282713413239, 0.0652136355638504]
train/correction_patch_magnitude_ratio: [0.13508938252925873, 0.09116730093955994, 0.0811300203204155, 0.08075166493654251, 0.08403819799423218, 0.08821564167737961, 0.08771570771932602, 0.08092573285102844, 0.07184107601642609, 0.06610546261072159, 0.06257149577140808, 0.06296240538358688, 0.06459914892911911, 0.06859131157398224, 0.07161115109920502, 0.07049466669559479, 0.0650215819478035, 0.05941806733608246, 0.05743996053934097, 0.05732649564743042, 0.059517957270145416]
train/correction_patch_optimal_scalar: [-0.04012954607605934, 0.48950403928756714, 0.8885498046875, 1.0531682968139648, 0.627962052822113, 0.3174719214439392, 0.30297258496284485, 0.45596134662628174, 0.6754763722419739, 0.9703493118286133, 1.3345235586166382, 1.501944899559021, 1.3343675136566162, 0.965060830116272, 0.6903801560401917, 0.645829439163208, 0.8280739188194275, 1.0819635391235352, 1.249398946762085, 1.3417112827301025, 1.3452988862991333]
[test]
test/correction_beneficial_ratio: 0.5351682901382446
test/correction_beneficial_ratio_far: 0.5265021920204163
test/correction_beneficial_ratio_middle: 0.5340902805328369
test/correction_beneficial_ratio_near: 0.5449123382568359
test/correction_cosine_far: 0.043114807456731796
test/correction_cosine_mean: 0.05524558946490288
test/correction_cosine_middle: 0.05289889872074127
test/correction_cosine_near: 0.06972308456897736
test/correction_magnitude_ratio_far: 0.04606914147734642
test/correction_magnitude_ratio_mean: 0.05487476661801338
test/correction_magnitude_ratio_middle: 0.04972434416413307
test/correction_magnitude_ratio_near: 0.06883082538843155
test/correction_optimal_scalar_far: 0.7032654285430908
test/correction_optimal_scalar_mean: 0.911134660243988
test/correction_optimal_scalar_middle: 0.9357847571372986
test/correction_optimal_scalar_near: 1.0943528413772583
test/correction_patch_beneficial_ratio: [0.4665817320346832, 0.5351822972297668, 0.5787926316261292, 0.5907487273216248, 0.568698525428772, 0.5474323630332947, 0.5269502401351929, 0.5241081714630127, 0.5343982577323914, 0.5151901245117188, 0.5179341435432434, 0.5405723452568054, 0.5577224493026733, 0.5487064123153687, 0.5302822589874268, 0.5145041346549988, 0.5194041728973389, 0.5356723070144653, 0.5290082097053528, 0.5186201333999634, 0.5380243062973022]
test/correction_patch_cosine: [0.024863600730895996, 0.0580793172121048, 0.08991453051567078, 0.10193020850419998, 0.08562098443508148, 0.07317880541086197, 0.05447409301996231, 0.05330106243491173, 0.05877050757408142, 0.041579023003578186, 0.04162251949310303, 0.05568112060427666, 0.0640881359577179, 0.05524998903274536, 0.03984015807509422, 0.029106590896844864, 0.0348132848739624, 0.052957579493522644, 0.04691046476364136, 0.03853230178356171, 0.059643130749464035]
test/correction_patch_magnitude_ratio: [0.11164096742868423, 0.07190881669521332, 0.0628306195139885, 0.06053599342703819, 0.058661963790655136, 0.05862268805503845, 0.05761437490582466, 0.055448777973651886, 0.05362562835216522, 0.04993556812405586, 0.046763960272073746, 0.04686231166124344, 0.04772912338376045, 0.047705069184303284, 0.047330092638731, 0.04698618873953819, 0.046529412269592285, 0.04655664414167404, 0.045552726835012436, 0.04414801672101021, 0.0453810952603817]
test/correction_patch_optimal_scalar: [-0.32926154136657715, 0.14753033220767975, 1.2282198667526245, 1.8523229360580444, 1.8009076118469238, 1.6974934339523315, 1.2632577419281006, 0.9767301678657532, 0.9225634932518005, 0.5502284169197083, 0.47006118297576904, 0.9269037842750549, 1.358886957168579, 1.3451272249221802, 0.9953529834747314, 0.6956123113632202, 0.573930561542511, 0.7696876525878906, 0.5940371155738831, 0.36579272150993347, 0.9284424185752869]
