[train]
train/correction_beneficial_ratio: 0.5883353352546692
train/correction_beneficial_ratio_far: 0.5997034311294556
train/correction_beneficial_ratio_middle: 0.6103499531745911
train/correction_beneficial_ratio_near: 0.5549525618553162
train/correction_cosine_far: 0.13129252195358276
train/correction_cosine_mean: 0.10940085351467133
train/correction_cosine_middle: 0.12176891416311264
train/correction_cosine_near: 0.07514115422964096
train/correction_magnitude_ratio_far: 0.012660595588386059
train/correction_magnitude_ratio_mean: 0.01590478979051113
train/correction_magnitude_ratio_middle: 0.014319680631160736
train/correction_magnitude_ratio_near: 0.02073410339653492
train/correction_optimal_scalar_far: 16.927473068237305
train/correction_optimal_scalar_mean: 13.181224822998047
train/correction_optimal_scalar_middle: 14.706587791442871
train/correction_optimal_scalar_near: 7.909616947174072
train/correction_patch_beneficial_ratio: [0.541814923286438, 0.5189056992530823, 0.5048932433128357, 0.5011121034622192, 0.502891480922699, 0.5273576378822327, 0.5569394826889038, 0.5716192126274109, 0.5825178027153015, 0.5876334309577942, 0.5738434195518494, 0.5905249118804932, 0.5923042893409729, 0.5854092240333557, 0.586521327495575, 0.5896352529525757, 0.5934163928031921, 0.5920818448066711, 0.5931939482688904, 0.6020907759666443, 0.6116548180580139, 0.6149911284446716, 0.6154359579086304, 0.6247775554656982, 0.623665452003479, 0.6154359579086304, 0.6098754405975342, 0.6169928908348083, 0.628113865852356, 0.6238878965377808, 0.6109875440597534, 0.6125444769859314, 0.6158807873725891, 0.6078736782073975, 0.6092081665992737, 0.6052046418190002, 0.605649471282959, 0.600978672504425, 0.6078736782073975, 0.5994216799736023, 0.5954181551933289, 0.583407461643219, 0.578959047794342, 0.5791814923286438, 0.5829626321792603]
train/correction_patch_cosine: [0.061900265514850616, 0.04321868717670441, 0.03521271422505379, 0.034897591918706894, 0.03281106799840927, 0.04303183779120445, 0.06906269490718842, 0.08492567390203476, 0.09166143834590912, 0.10134623199701309, 0.1021842285990715, 0.10857374966144562, 0.10977838933467865, 0.10409273207187653, 0.104420006275177, 0.10707317292690277, 0.1109822690486908, 0.1152200698852539, 0.11935655772686005, 0.12116343528032303, 0.12445581704378128, 0.12093404680490494, 0.11944960057735443, 0.1221705973148346, 0.1220298558473587, 0.1186760738492012, 0.1255636364221573, 0.13253028690814972, 0.13451004028320312, 0.13241861760616302, 0.1316644549369812, 0.13402201235294342, 0.13472341001033783, 0.1318696290254593, 0.13371428847312927, 0.13284380733966827, 0.13293114304542542, 0.13316528499126434, 0.13780441880226135, 0.13342799246311188, 0.1319751739501953, 0.129413902759552, 0.12638527154922485, 0.12258826941251755, 0.12285815924406052]
train/correction_patch_magnitude_ratio: [0.04204702749848366, 0.030112680047750473, 0.02618107758462429, 0.0236575435847044, 0.022020548582077026, 0.020092254504561424, 0.018374959006905556, 0.017277082428336143, 0.01674603298306465, 0.016270704567432404, 0.016002340242266655, 0.01586984470486641, 0.015667498111724854, 0.0154020506888628, 0.015289769507944584, 0.015149062499403954, 0.015003180131316185, 0.014859851449728012, 0.014750424772500992, 0.014552399516105652, 0.014460916630923748, 0.014446749351918697, 0.014431685209274292, 0.014279382303357124, 0.014040449634194374, 0.01389588788151741, 0.013747546821832657, 0.013701914809644222, 0.013690720312297344, 0.013785067945718765, 0.013833497650921345, 0.013898458331823349, 0.01371695101261139, 0.013615898787975311, 0.013385663740336895, 0.013394985347986221, 0.013245549984276295, 0.012895853258669376, 0.01239688042551279, 0.012100109830498695, 0.011771416291594505, 0.011551219038665295, 0.011412985622882843, 0.011425933800637722, 0.011263479478657246]
train/correction_patch_optimal_scalar: [3.065638542175293, 4.15981388092041, 3.3600692749023438, 3.0530381202697754, 3.7456657886505127, 4.0309157371521, 5.387568473815918, 7.822999000549316, 9.46557903289795, 11.116308212280273, 12.126443862915039, 13.152007102966309, 13.186271667480469, 12.557437896728516, 12.414491653442383, 12.498730659484863, 13.175491333007812, 14.093579292297363, 14.606179237365723, 14.846415519714355, 15.368678092956543, 15.108819007873535, 15.201987266540527, 15.171235084533691, 14.459951400756836, 14.019919395446777, 15.005532264709473, 15.497254371643066, 15.764229774475098, 15.780874252319336, 15.911431312561035, 16.372650146484375, 16.511009216308594, 16.190792083740234, 16.27490997314453, 16.409496307373047, 16.439199447631836, 16.861923217773438, 18.109663009643555, 17.947216033935547, 18.20842933654785, 17.79706382751465, 17.415935516357422, 16.68792724609375, 16.774396896362305]
[test]
test/correction_beneficial_ratio: 0.417265385389328
test/correction_beneficial_ratio_far: 0.38705095648765564
test/correction_beneficial_ratio_middle: 0.40994152426719666
test/correction_beneficial_ratio_near: 0.4548036754131317
test/correction_cosine_far: -0.16783617436885834
test/correction_cosine_mean: -0.12078174203634262
test/correction_cosine_middle: -0.14174966514110565
test/correction_cosine_near: -0.05275936424732208
test/correction_magnitude_ratio_far: 0.007600817829370499
test/correction_magnitude_ratio_mean: 0.011274043470621109
test/correction_magnitude_ratio_middle: 0.009825458750128746
test/correction_magnitude_ratio_near: 0.016395844519138336
test/correction_optimal_scalar_far: -31.351316452026367
test/correction_optimal_scalar_mean: -18.2906494140625
test/correction_optimal_scalar_middle: -22.472515106201172
test/correction_optimal_scalar_near: -1.0481445789337158
test/correction_patch_beneficial_ratio: [0.48245614767074585, 0.5889724493026733, 0.5513784289360046, 0.5100250840187073, 0.49248120188713074, 0.4761904776096344, 0.47869673371315, 0.44486215710639954, 0.3959899842739105, 0.3684210479259491, 0.3796992599964142, 0.3934836983680725, 0.42105263471603394, 0.4197995066642761, 0.4185463786125183, 0.4135338366031647, 0.4260651767253876, 0.4035087823867798, 0.38847118616104126, 0.41102758049964905, 0.42105263471603394, 0.4197995066642761, 0.4072681665420532, 0.38847118616104126, 0.4035087823867798, 0.4160400927066803, 0.4273183047771454, 0.4160400927066803, 0.41102758049964905, 0.3959899842739105, 0.38471177220344543, 0.3671679198741913, 0.3684210479259491, 0.37468671798706055, 0.38596490025520325, 0.38596490025520325, 0.39849624037742615, 0.38596490025520325, 0.3934836983680725, 0.38596490025520325, 0.380952388048172, 0.38721805810928345, 0.38847118616104126, 0.38847118616104126, 0.429824560880661]
test/correction_patch_cosine: [0.015880601480603218, 0.07498998939990997, 0.06443824619054794, 0.032119229435920715, 0.006979323457926512, -0.014336473308503628, -0.026556342840194702, -0.06277523189783096, -0.09524933993816376, -0.12090981006622314, -0.13605746626853943, -0.1342361718416214, -0.13846531510353088, -0.13512960076332092, -0.12208212912082672, -0.11157575249671936, -0.1044425517320633, -0.11285708099603653, -0.12582771480083466, -0.12348903715610504, -0.11027179658412933, -0.12365598231554031, -0.14370499551296234, -0.16295267641544342, -0.1631828397512436, -0.16221477091312408, -0.16821487247943878, -0.16692225635051727, -0.17093312740325928, -0.17600055038928986, -0.18749204277992249, -0.1936453878879547, -0.19033171236515045, -0.18335184454917908, -0.18041710555553436, -0.17645969986915588, -0.16249853372573853, -0.1632644385099411, -0.16243994235992432, -0.1588539034128189, -0.1611316055059433, -0.1572740525007248, -0.15633337199687958, -0.14994260668754578, -0.1341055929660797]
test/correction_patch_magnitude_ratio: [0.03904951363801956, 0.026420459151268005, 0.02103782631456852, 0.017970791086554527, 0.0160998348146677, 0.014066150411963463, 0.012868349440395832, 0.012286706827580929, 0.012456788681447506, 0.012751089408993721, 0.012676606886088848, 0.012355891987681389, 0.01204734481871128, 0.011977804824709892, 0.011872487142682076, 0.011836385354399681, 0.011472884565591812, 0.010901889763772488, 0.010461424477398396, 0.01015500258654356, 0.009807975962758064, 0.009720477275550365, 0.009510193020105362, 0.009251158684492111, 0.009155809879302979, 0.009043050929903984, 0.008967004716396332, 0.008967830799520016, 0.009050354361534119, 0.009080521762371063, 0.00906534306704998, 0.008877638727426529, 0.00864417850971222, 0.0085246367380023, 0.008217302151024342, 0.007925141602754593, 0.0077595822513103485, 0.007535191252827644, 0.007172930054366589, 0.007037063594907522, 0.006880709435790777, 0.0067688231356441975, 0.0066424221731722355, 0.006552938837558031, 0.006408421788364649]
test/correction_patch_optimal_scalar: [4.566215515136719, 9.167435646057129, 11.867337226867676, 12.063095092773438, 9.653351783752441, 8.067665100097656, 6.848257541656494, 1.4081953763961792, -4.230031490325928, -7.077855587005615, -11.862770080566406, -12.954079627990723, -14.138317108154297, -13.739883422851562, -15.360750198364258, -17.477800369262695, -18.049663543701172, -16.966651916503906, -20.225008010864258, -21.90608024597168, -19.680269241333008, -21.60969352722168, -24.185556411743164, -26.454509735107422, -24.662172317504883, -23.41460418701172, -25.098081588745117, -24.555835723876953, -25.59156608581543, -27.21001434326172, -30.524118423461914, -30.783607482910156, -30.106340408325195, -30.747888565063477, -31.14958381652832, -30.511085510253906, -28.710805892944336, -29.770601272583008, -30.76304054260254, -30.455524444580078, -32.60470199584961, -33.922271728515625, -34.4718017578125, -34.06529998779297, -31.682966232299805]
