[train]
train/correction_beneficial_ratio: 0.47113582491874695
train/correction_beneficial_ratio_far: 0.4670960307121277
train/correction_beneficial_ratio_middle: 0.4754391014575958
train/correction_beneficial_ratio_near: 0.4708723723888397
train/correction_cosine_far: -0.09495580196380615
train/correction_cosine_mean: -0.06152283772826195
train/correction_cosine_middle: -0.047241415828466415
train/correction_cosine_near: -0.04237121343612671
train/correction_magnitude_ratio_far: 0.00847700610756874
train/correction_magnitude_ratio_mean: 0.013687624596059322
train/correction_magnitude_ratio_middle: 0.011647099629044533
train/correction_magnitude_ratio_near: 0.02093878947198391
train/correction_optimal_scalar_far: -13.841394424438477
train/correction_optimal_scalar_mean: -6.46510124206543
train/correction_optimal_scalar_middle: -2.1500914096832275
train/correction_optimal_scalar_near: -3.4038357734680176
train/correction_patch_beneficial_ratio: [0.4163934290409088, 0.48032787442207336, 0.4856557250022888, 0.48442623019218445, 0.47336065769195557, 0.47725409269332886, 0.4786885380744934, 0.49856558442115784, 0.49139344692230225, 0.47725409269332886, 0.4694672226905823, 0.4651639461517334, 0.4620901644229889, 0.46413934230804443, 0.47049179673194885, 0.47008195519447327, 0.47110655903816223, 0.4698770344257355, 0.4684426188468933, 0.4618852436542511, 0.45778688788414]
train/correction_patch_cosine: [-0.0930454209446907, -0.032807208597660065, -0.016093915328383446, -0.03173321112990379, -0.04007364436984062, -0.03972117230296135, -0.04312390834093094, -0.026282411068677902, -0.02608734741806984, -0.03506099432706833, -0.04177875071763992, -0.051657821983098984, -0.07003751397132874, -0.07978611439466476, -0.0821005180478096, -0.08840352296829224, -0.09380573034286499, -0.09808509796857834, -0.09714879095554352, -0.09979312866926193, -0.105353444814682]
train/correction_patch_magnitude_ratio: [0.0375337190926075, 0.02491351217031479, 0.02068616822361946, 0.018184207379817963, 0.016307061538100243, 0.014980304054915905, 0.013966474682092667, 0.013418969698250294, 0.012829326093196869, 0.012142311781644821, 0.011630394496023655, 0.0111223254352808, 0.010480397380888462, 0.00990591011941433, 0.009484576061367989, 0.009098964743316174, 0.008700988255441189, 0.00833809468895197, 0.00814443826675415, 0.007923945784568787, 0.007648054510354996]
train/correction_patch_optimal_scalar: [-2.422272205352783, -2.316868782043457, -2.6184780597686768, -5.162571430206299, -4.504542350769043, -3.3586909770965576, -3.4434359073638916, -1.5070562362670898, -0.6725238561630249, -0.7749966979026794, -0.822216808795929, -1.2564283609390259, -3.5739946365356445, -6.4434494972229, -8.427205085754395, -10.377554893493652, -12.260183334350586, -14.293846130371094, -15.393562316894531, -16.92698860168457, -19.210281372070312]
[test]
test/correction_beneficial_ratio: 0.695955216884613
test/correction_beneficial_ratio_far: 0.7035291194915771
test/correction_beneficial_ratio_middle: 0.7191201448440552
test/correction_beneficial_ratio_near: 0.665216326713562
test/correction_cosine_far: 0.368022620677948
test/correction_cosine_mean: 0.3021320402622223
test/correction_cosine_middle: 0.3195618689060211
test/correction_cosine_near: 0.21881115436553955
test/correction_magnitude_ratio_far: 0.006770559586584568
test/correction_magnitude_ratio_mean: 0.01069636456668377
test/correction_magnitude_ratio_middle: 0.009215306490659714
test/correction_magnitude_ratio_near: 0.01610323041677475
test/correction_optimal_scalar_far: 87.36844635009766
test/correction_optimal_scalar_mean: 59.65108108520508
test/correction_optimal_scalar_middle: 63.01933288574219
test/correction_optimal_scalar_near: 28.565359115600586
test/correction_patch_beneficial_ratio: [0.5854483842849731, 0.6252114772796631, 0.6878172755241394, 0.6759729385375977, 0.6683587431907654, 0.6954314708709717, 0.7182741165161133, 0.7326565384864807, 0.7453468441963196, 0.7428088188171387, 0.7258883118629456, 0.6988155841827393, 0.6878172755241394, 0.700507640838623, 0.6886633038520813, 0.6979695558547974, 0.692893385887146, 0.682741105556488, 0.6971235275268555, 0.7241962552070618, 0.7411167621612549]
test/correction_patch_cosine: [0.10919559001922607, 0.1926726996898651, 0.2430935502052307, 0.231122687458992, 0.2295251339673996, 0.25087353587150574, 0.2751951813697815, 0.30047720670700073, 0.3195493519306183, 0.32520461082458496, 0.32053452730178833, 0.32000747323036194, 0.3207646906375885, 0.33039605617523193, 0.3493320941925049, 0.35977452993392944, 0.3651973605155945, 0.3667786419391632, 0.3708224594593048, 0.3790816366672516, 0.38517412543296814]
test/correction_patch_magnitude_ratio: [0.029062896966934204, 0.019589852541685104, 0.015741493552923203, 0.013334060087800026, 0.012326293624937534, 0.011585673317313194, 0.011082405224442482, 0.010558590292930603, 0.010031693615019321, 0.009565229527652264, 0.009139093570411205, 0.008767697960138321, 0.008387688547372818, 0.008057063445448875, 0.007763999979943037, 0.007393482141196728, 0.007034832611680031, 0.006701410748064518, 0.0064276219345629215, 0.0061925179325044155, 0.005880069453269243]
test/correction_patch_optimal_scalar: [5.7572808265686035, 16.308557510375977, 26.655393600463867, 31.574462890625, 35.757240295410156, 39.428253173828125, 44.47641372680664, 49.926780700683594, 55.82443618774414, 60.464935302734375, 63.604087829589844, 67.7466812133789, 70.66160583496094, 72.90702819824219, 77.06944274902344, 80.34503173828125, 83.90612030029297, 86.72867584228516, 89.73088836669922, 94.27198791503906, 99.52738952636719]
