[train]
train/correction_beneficial_ratio: 0.4783860146999359
train/correction_beneficial_ratio_far: 0.47860071063041687
train/correction_beneficial_ratio_middle: 0.4817330241203308
train/correction_beneficial_ratio_near: 0.47482436895370483
train/correction_cosine_far: -0.0802755057811737
train/correction_cosine_mean: -0.051413800567388535
train/correction_cosine_middle: -0.03825121745467186
train/correction_cosine_near: -0.035714905709028244
train/correction_magnitude_ratio_far: 0.011255222372710705
train/correction_magnitude_ratio_mean: 0.01780037023127079
train/correction_magnitude_ratio_middle: 0.014990505762398243
train/correction_magnitude_ratio_near: 0.02715538628399372
train/correction_optimal_scalar_far: -8.588373184204102
train/correction_optimal_scalar_mean: -3.3772008419036865
train/correction_optimal_scalar_middle: 0.2049020230770111
train/correction_optimal_scalar_near: -1.7481310367584229
train/correction_patch_beneficial_ratio: [0.4200819730758667, 0.4831967353820801, 0.4899590015411377, 0.48483607172966003, 0.4854508340358734, 0.48135244846343994, 0.4788934290409088, 0.5038934350013733, 0.4938524663448334, 0.4799180328845978, 0.4749999940395355, 0.47397541999816895, 0.4719262421131134, 0.47356557846069336, 0.48155736923217773, 0.48422130942344666, 0.48155736923217773, 0.47745901346206665, 0.4817622900009155, 0.4754098355770111, 0.4682376980781555]
train/correction_patch_cosine: [-0.0876971110701561, -0.029080569744110107, -0.012294288724660873, -0.020416423678398132, -0.03333986550569534, -0.034079521894454956, -0.03309682011604309, -0.019525747746229172, -0.020250296220183372, -0.025927506387233734, -0.03481556475162506, -0.04489907622337341, -0.058395836502313614, -0.06394364684820175, -0.06464125961065292, -0.06913105398416519, -0.07677650451660156, -0.08272659778594971, -0.08541209995746613, -0.08913999795913696, -0.09410011023283005]
train/correction_patch_magnitude_ratio: [0.0495489239692688, 0.03252959996461868, 0.02671206183731556, 0.023396506905555725, 0.020841121673583984, 0.019136417657136917, 0.017923077568411827, 0.017203323543071747, 0.016447855159640312, 0.015607343055307865, 0.014921879395842552, 0.014293522574007511, 0.013562117703258991, 0.012897372245788574, 0.012412680312991142, 0.012029174715280533, 0.011536299251019955, 0.011114758439362049, 0.010842726565897465, 0.010587857104837894, 0.010263138450682163]
train/correction_patch_optimal_scalar: [-1.9926505088806152, -1.584133267402649, -1.1797804832458496, -2.182631492614746, -2.4222517013549805, -1.75894296169281, -1.1165330410003662, 0.5405222773551941, 1.4770106077194214, 1.7176569700241089, 1.2551379203796387, 0.4908653497695923, -1.073711633682251, -2.9732019901275635, -4.503065586090088, -5.684675693511963, -7.29694128036499, -8.769648551940918, -9.908720016479492, -11.171462059020996, -12.784042358398438]
[test]
test/correction_beneficial_ratio: 0.6974861025810242
test/correction_beneficial_ratio_far: 0.7102973461151123
test/correction_beneficial_ratio_middle: 0.722745954990387
test/correction_beneficial_ratio_near: 0.6594150066375732
test/correction_cosine_far: 0.38039731979370117
test/correction_cosine_mean: 0.3012765645980835
test/correction_cosine_middle: 0.3219754993915558
test/correction_cosine_near: 0.2014564722776413
test/correction_magnitude_ratio_far: 0.009174689650535583
test/correction_magnitude_ratio_mean: 0.014606483280658722
test/correction_magnitude_ratio_middle: 0.01233647484332323
test/correction_magnitude_ratio_near: 0.022308306768536568
test/correction_optimal_scalar_far: 65.1400375366211
test/correction_optimal_scalar_mean: 43.45999526977539
test/correction_optimal_scalar_middle: 46.154808044433594
test/correction_optimal_scalar_near: 19.08510971069336
test/correction_patch_beneficial_ratio: [0.5702199935913086, 0.6269035339355469, 0.6886633038520813, 0.663282573223114, 0.6607444882392883, 0.6869712471961975, 0.7191201448440552, 0.7275803685188293, 0.7470389008522034, 0.7478849291801453, 0.7275803685188293, 0.7131979465484619, 0.6988155841827393, 0.6971235275268555, 0.710659921169281, 0.7081218361854553, 0.6886633038520813, 0.6835871338844299, 0.6996616125106812, 0.7326565384864807, 0.7487309575080872]
test/correction_patch_cosine: [0.09251363575458527, 0.1736798733472824, 0.22297893464565277, 0.2142733335494995, 0.2061392217874527, 0.23225322365760803, 0.268357515335083, 0.29354578256607056, 0.3145996034145355, 0.3256669044494629, 0.322149395942688, 0.32503268122673035, 0.3296664357185364, 0.343167245388031, 0.36124151945114136, 0.3733328580856323, 0.37782201170921326, 0.37908172607421875, 0.3822421133518219, 0.39076873660087585, 0.39829444885253906]
test/correction_patch_magnitude_ratio: [0.04074898734688759, 0.02722034603357315, 0.0218654815107584, 0.01848159171640873, 0.01689598523080349, 0.015851644799113274, 0.015093998983502388, 0.014298545196652412, 0.01355541218072176, 0.01283145323395729, 0.012128671631217003, 0.011620614677667618, 0.011149855330586433, 0.010770749300718307, 0.010403743013739586, 0.010007849894464016, 0.009522223845124245, 0.009068703278899193, 0.008729787543416023, 0.0084453746676445, 0.008045131340622902]
test/correction_patch_optimal_scalar: [3.244920492172241, 10.445219993591309, 17.526887893676758, 21.294681549072266, 23.721866607666016, 26.511810302734375, 30.85028076171875, 35.29630661010742, 39.91547393798828, 44.06675720214844, 46.89696502685547, 50.04520034790039, 52.481693267822266, 54.38136672973633, 56.97970962524414, 59.80728530883789, 62.48695755004883, 64.40950012207031, 66.77055358886719, 70.52909851074219, 74.99739837646484]
