[train]
train/correction_beneficial_ratio: 0.4932669699192047
train/correction_beneficial_ratio_far: 0.505415678024292
train/correction_beneficial_ratio_middle: 0.5012295246124268
train/correction_beneficial_ratio_near: 0.4731557369232178
train/correction_cosine_far: 0.017461640760302544
train/correction_cosine_mean: 0.006544035859405994
train/correction_cosine_middle: 0.00730555783957243
train/correction_cosine_near: -0.0051351068541407585
train/correction_magnitude_ratio_far: 0.016286341473460197
train/correction_magnitude_ratio_mean: 0.03178505599498749
train/correction_magnitude_ratio_middle: 0.022671842947602272
train/correction_magnitude_ratio_near: 0.056396983563899994
train/correction_optimal_scalar_far: 0.957483172416687
train/correction_optimal_scalar_mean: 0.8385000228881836
train/correction_optimal_scalar_middle: 1.425891637802124
train/correction_optimal_scalar_near: 0.13212664425373077
train/correction_patch_beneficial_ratio: [0.4264344274997711, 0.44528689980506897, 0.46741804480552673, 0.4852459132671356, 0.5034835934638977, 0.4895491898059845, 0.49467211961746216, 0.49549180269241333, 0.5014344453811646, 0.5137295126914978, 0.5108606815338135, 0.4961065649986267, 0.4905737638473511, 0.5004098415374756, 0.5096311569213867, 0.5102459192276001, 0.5170081853866577, 0.5012295246124268, 0.49405738711357117, 0.5024589896202087, 0.5032786726951599]
train/correction_patch_cosine: [-0.0237052533775568, -0.035426586866378784, -0.018930360674858093, 0.0023014158941805363, 0.017705023288726807, 0.012633729726076126, 0.00947627518326044, 0.013417547568678856, 0.014184410683810711, 0.012542485259473324, 0.007594291586428881, 0.0011745031224563718, -0.0050288354977965355, 0.0072546349838376045, 0.01763203740119934, 0.02276836335659027, 0.02601885236799717, 0.018554456532001495, 0.01186340395361185, 0.011429505422711372, 0.013964786194264889]
train/correction_patch_magnitude_ratio: [0.11775511503219604, 0.07105192542076111, 0.05389340966939926, 0.04640945792198181, 0.04112832620739937, 0.034911222755908966, 0.029629450291395187, 0.0272519588470459, 0.025599882006645203, 0.023504067212343216, 0.022186551243066788, 0.020983854308724403, 0.020011624321341515, 0.019165001809597015, 0.018289294093847275, 0.0172481220215559, 0.01655139960348606, 0.015965593978762627, 0.015576466917991638, 0.01539369486272335, 0.014979779720306396]
train/correction_patch_optimal_scalar: [-0.22464428842067719, -0.7860627770423889, -0.5483799576759338, -0.01604919508099556, 0.8047727346420288, 0.704188883304596, 0.9910624623298645, 1.5525436401367188, 1.8276567459106445, 2.1932835578918457, 2.10630464553833, 1.2416068315505981, 0.41176387667655945, 0.6480817794799805, 0.8649761080741882, 1.0265007019042969, 1.8536887168884277, 1.265524983406067, 0.6692072153091431, 0.533753514289856, 0.4887295067310333]
[test]
test/correction_beneficial_ratio: 0.6426557302474976
test/correction_beneficial_ratio_far: 0.701111912727356
test/correction_beneficial_ratio_middle: 0.6858834624290466
test/correction_beneficial_ratio_near: 0.5409716963768005
test/correction_cosine_far: 0.23054130375385284
test/correction_cosine_mean: 0.15796777606010437
test/correction_cosine_middle: 0.1890687793493271
test/correction_cosine_near: 0.05429315194487572
test/correction_magnitude_ratio_far: 0.015337582677602768
test/correction_magnitude_ratio_mean: 0.02658686973154545
test/correction_magnitude_ratio_middle: 0.01907297596335411
test/correction_magnitude_ratio_near: 0.04535001888871193
test/correction_optimal_scalar_far: 21.773290634155273
test/correction_optimal_scalar_mean: 12.965476989746094
test/correction_optimal_scalar_middle: 15.5700044631958
test/correction_optimal_scalar_near: 1.553148865699768
test/correction_patch_beneficial_ratio: [0.46446701884269714, 0.49238577485084534, 0.5448392629623413, 0.5245347023010254, 0.5702199935913086, 0.5820642709732056, 0.6082910299301147, 0.6497461795806885, 0.6869712471961975, 0.682741105556488, 0.6810490489006042, 0.6912013292312622, 0.7021996378898621, 0.7072758078575134, 0.6912013292312622, 0.6776649951934814, 0.703045666217804, 0.7157360315322876, 0.720812201499939, 0.7148900032043457, 0.6844331622123718]
test/correction_patch_cosine: [0.010253001004457474, 0.032101672142744064, 0.04688529670238495, 0.026683535426855087, 0.0626022145152092, 0.08959180861711502, 0.11193433403968811, 0.14943188428878784, 0.17761163413524628, 0.1796293705701828, 0.18453019857406616, 0.20532286167144775, 0.20461495220661163, 0.22234170138835907, 0.22221755981445312, 0.2297719120979309, 0.2406587302684784, 0.2525341510772705, 0.25142788887023926, 0.22418801486492157, 0.19299054145812988]
test/correction_patch_magnitude_ratio: [0.0897831916809082, 0.05688706412911415, 0.04336259886622429, 0.0376581996679306, 0.03454967960715294, 0.029604200273752213, 0.025605453178286552, 0.022670388221740723, 0.02094011940062046, 0.019521960988640785, 0.01875087060034275, 0.01786479912698269, 0.01707671955227852, 0.016685962677001953, 0.01663307473063469, 0.016427520662546158, 0.016176678240299225, 0.015530969016253948, 0.014608628116548061, 0.014108131639659405, 0.01387806423008442]
test/correction_patch_optimal_scalar: [-0.08099483698606491, 0.092374786734581, 0.7388461828231812, 0.4579121768474579, 1.7963577508926392, 2.896488666534424, 4.971066951751709, 8.7701416015625, 12.12304401397705, 13.313653945922852, 15.373136520385742, 18.604103088378906, 19.76986312866211, 21.03606414794922, 20.492624282836914, 21.5321102142334, 22.555774688720703, 23.21646499633789, 23.861024856567383, 21.927392959594727, 18.82757568359375]
