[train]
train/correction_beneficial_ratio: 0.44005680084228516
train/correction_beneficial_ratio_far: 0.44060489535331726
train/correction_beneficial_ratio_middle: 0.43164217472076416
train/correction_beneficial_ratio_near: 0.44792333245277405
train/correction_cosine_far: -0.05713595077395439
train/correction_cosine_mean: -0.04140781983733177
train/correction_cosine_middle: -0.04321500286459923
train/correction_cosine_near: -0.023872481659054756
train/correction_magnitude_ratio_far: 0.04214423894882202
train/correction_magnitude_ratio_mean: 0.05109300836920738
train/correction_magnitude_ratio_middle: 0.04927795007824898
train/correction_magnitude_ratio_near: 0.061856817454099655
train/correction_optimal_scalar_far: 0.552001416683197
train/correction_optimal_scalar_mean: 0.7045378088951111
train/correction_optimal_scalar_middle: 0.6615227460861206
train/correction_optimal_scalar_near: 0.9000916481018066
train/correction_patch_beneficial_ratio: [0.4862619936466217, 0.4604472815990448, 0.44332268834114075, 0.44932907819747925, 0.44894570112228394, 0.45916932821273804, 0.44575080275535583, 0.4332268238067627, 0.4195527136325836, 0.4287540018558502, 0.4364217221736908, 0.449840247631073, 0.4562300443649292, 0.45533546805381775, 0.4462619721889496, 0.4490734934806824, 0.44230031967163086, 0.4152076542377472, 0.42389777302742004, 0.4332268238067627, 0.42926517128944397, 0.4205750823020935, 0.43386581540107727, 0.42466452717781067, 0.43373802304267883, 0.42952075600624084, 0.43105432391166687, 0.4371885061264038, 0.44051119685173035, 0.43054312467575073, 0.43105432391166687, 0.4424281120300293, 0.4568690061569214, 0.4552076756954193, 0.4406389892101288, 0.44830670952796936, 0.46031948924064636, 0.4509904086589813, 0.4399999976158142, 0.4388498365879059, 0.43450480699539185, 0.4307987093925476, 0.4318210780620575, 0.42453673481941223, 0.4227476119995117]
train/correction_patch_cosine: [0.02808389440178871, 0.004667036700993776, -0.012839313596487045, -0.01512005552649498, -0.016785873100161552, -0.005337658803910017, -0.02079680748283863, -0.04125634953379631, -0.05064066872000694, -0.05198541656136513, -0.04243842512369156, -0.031118759885430336, -0.031874947249889374, -0.03325371444225311, -0.0373903326690197, -0.03370034322142601, -0.04124677553772926, -0.057890862226486206, -0.04402194917201996, -0.04536918178200722, -0.0539688840508461, -0.05520344153046608, -0.04729543998837471, -0.052196089178323746, -0.03424086421728134, -0.040224187076091766, -0.03668590262532234, -0.03094097226858139, -0.033451009541749954, -0.04178895056247711, -0.04723719507455826, -0.03793710842728615, -0.02868584543466568, -0.03095882199704647, -0.05045425891876221, -0.04813969135284424, -0.04585689306259155, -0.05569588765501976, -0.06277433782815933, -0.06868302822113037, -0.07497336715459824, -0.07239803671836853, -0.07557427138090134, -0.0755930244922638, -0.08207778632640839]
train/correction_patch_magnitude_ratio: [0.08698888123035431, 0.07327379286289215, 0.06874183565378189, 0.0650625079870224, 0.06370671838521957, 0.06216456741094589, 0.059826575219631195, 0.05935263633728027, 0.05798657238483429, 0.056982461363077164, 0.05682447925209999, 0.05541196092963219, 0.05449995771050453, 0.05407221242785454, 0.052956871688365936, 0.052588433027267456, 0.05224045366048813, 0.05181919038295746, 0.05248333141207695, 0.05120469629764557, 0.05044449493288994, 0.05061924830079079, 0.04944266378879547, 0.048665206879377365, 0.04833180829882622, 0.04739600047469139, 0.046443257480859756, 0.04636949673295021, 0.045732174068689346, 0.04538923501968384, 0.04574323445558548, 0.04589956998825073, 0.045025430619716644, 0.04350973293185234, 0.0428646095097065, 0.04281874746084213, 0.042192257940769196, 0.04204166308045387, 0.041517361998558044, 0.04099017381668091, 0.040703896433115005, 0.0401858389377594, 0.03985394537448883, 0.03959682583808899, 0.03922025486826897]
train/correction_patch_optimal_scalar: [0.6132715344429016, 0.871207594871521, 0.9628691077232361, 1.1249992847442627, 1.0348416566848755, 1.289422869682312, 1.0370312929153442, 0.6479068398475647, 0.5489053130149841, 0.692946195602417, 0.8417125344276428, 1.0152513980865479, 0.8869346380233765, 1.0279161930084229, 0.90616375207901, 0.8694654703140259, 0.4531077444553375, -0.05472943186759949, 0.3444218039512634, 0.26962897181510925, 0.19633111357688904, 0.4827118515968323, 0.8959012031555176, 0.6063154935836792, 1.0849034786224365, 0.9110598564147949, 0.8888514637947083, 1.0143671035766602, 1.1066839694976807, 0.8538205027580261, 0.7681832909584045, 1.0880811214447021, 1.4664746522903442, 1.3958739042282104, 0.6894833445549011, 0.5477126836776733, 0.646128237247467, 0.6106606721878052, 0.6694461107254028, 0.5497785210609436, 0.3023916184902191, 0.21234877407550812, -0.0512080192565918, -0.13783037662506104, -0.4775494933128357]
[test]
test/correction_beneficial_ratio: 0.35877424478530884
test/correction_beneficial_ratio_far: 0.3242942988872528
test/correction_beneficial_ratio_middle: 0.32426345348358154
test/correction_beneficial_ratio_near: 0.4277649223804474
test/correction_cosine_far: -0.15672411024570465
test/correction_cosine_mean: -0.11995598673820496
test/correction_cosine_middle: -0.15203285217285156
test/correction_cosine_near: -0.05111110955476761
test/correction_magnitude_ratio_far: 0.042132314294576645
test/correction_magnitude_ratio_mean: 0.05085594579577446
test/correction_magnitude_ratio_middle: 0.05001697316765785
test/correction_magnitude_ratio_near: 0.06041854992508888
test/correction_optimal_scalar_far: -4.463645935058594
test/correction_optimal_scalar_mean: -3.518718719482422
test/correction_optimal_scalar_middle: -4.437548637390137
test/correction_optimal_scalar_near: -1.654966115951538
test/correction_patch_beneficial_ratio: [0.478482186794281, 0.47663119435310364, 0.48125869035720825, 0.513188362121582, 0.4919019043445587, 0.4618232250213623, 0.44331327080726624, 0.42341509461402893, 0.40351688861846924, 0.3887089192867279, 0.360944002866745, 0.3697362244129181, 0.3808422088623047, 0.3762147128582001, 0.3664969801902771, 0.35724201798439026, 0.3424340486526489, 0.3354928195476532, 0.33826932311058044, 0.33364182710647583, 0.3507635295391083, 0.32623785734176636, 0.3021749258041382, 0.29847294092178345, 0.31744563579559326, 0.2980101704597473, 0.28968068957328796, 0.3123553991317749, 0.3290143311023712, 0.33271634578704834, 0.34613603353500366, 0.33965757489204407, 0.33503007888793945, 0.33503007888793945, 0.3132808804512024, 0.3123553991317749, 0.31744563579559326, 0.2933827042579651, 0.3123553991317749, 0.30263766646385193, 0.31281813979148865, 0.33503007888793945, 0.3322535753250122, 0.3341045677661896, 0.34289681911468506]
test/correction_patch_cosine: [0.026271747425198555, 0.012955745682120323, 0.007933416403830051, 0.015908339992165565, -0.013844827190041542, -0.033835381269454956, -0.04525652900338173, -0.058840733021497726, -0.07302839308977127, -0.09299755096435547, -0.10926563292741776, -0.09811200946569443, -0.09083560854196548, -0.099469393491745, -0.11424897611141205, -0.11389938741922379, -0.1313129961490631, -0.1466377228498459, -0.13760899007320404, -0.13556836545467377, -0.13319167494773865, -0.15033353865146637, -0.17286375164985657, -0.18932653963565826, -0.17486165463924408, -0.1819058656692505, -0.1799512654542923, -0.1559130996465683, -0.14032521843910217, -0.13679246604442596, -0.13152378797531128, -0.13109718263149261, -0.1260320097208023, -0.12905269861221313, -0.1652136892080307, -0.16422396898269653, -0.1656894087791443, -0.17407138645648956, -0.1675352305173874, -0.17282913625240326, -0.17951813340187073, -0.16979645192623138, -0.16525433957576752, -0.15724821388721466, -0.1517753303050995]
test/correction_patch_magnitude_ratio: [0.0813567116856575, 0.07118459790945053, 0.06588415801525116, 0.06381937861442566, 0.06318416446447372, 0.061610203236341476, 0.0601748451590538, 0.05925198271870613, 0.05673307925462723, 0.05457228049635887, 0.05465376377105713, 0.05326521396636963, 0.05389051511883736, 0.05406199395656586, 0.052635084837675095, 0.052867740392684937, 0.05162983387708664, 0.050612982362508774, 0.0494600385427475, 0.04972312971949577, 0.04981370270252228, 0.04946187883615494, 0.04925303906202316, 0.04944159835577011, 0.04994160681962967, 0.050255175679922104, 0.04886619374155998, 0.04981508478522301, 0.04996616765856743, 0.04914646968245506, 0.049034956842660904, 0.049238551408052444, 0.04966673627495766, 0.047641072422266006, 0.04566975310444832, 0.0438368022441864, 0.04240700230002403, 0.04127701371908188, 0.03952065482735634, 0.038937173783779144, 0.03803965821862221, 0.037265926599502563, 0.0370652936398983, 0.03668152913451195, 0.035702966153621674]
test/correction_patch_optimal_scalar: [0.435665100812912, 0.2896289527416229, 0.18223513662815094, 0.39775532484054565, -0.12592928111553192, -0.5412563681602478, -1.1001073122024536, -1.9909290075302124, -2.7913036346435547, -3.1308791637420654, -3.2405307292938232, -3.1227097511291504, -3.2503867149353027, -3.2079355716705322, -3.627819299697876, -3.7576191425323486, -4.481460094451904, -4.880557537078857, -4.385605335235596, -4.5078511238098145, -4.501347541809082, -4.790311336517334, -5.2505974769592285, -5.455998420715332, -4.919907093048096, -5.007270812988281, -4.80933952331543, -3.600938558578491, -3.1609232425689697, -3.0534560680389404, -3.1300108432769775, -2.8622848987579346, -2.621779203414917, -2.978909730911255, -4.1587395668029785, -4.500039577484131, -4.674673080444336, -5.098774433135986, -5.166249752044678, -5.249324798583984, -5.5516438484191895, -5.221586227416992, -5.05036735534668, -5.12929105758667, -5.560990810394287]
