[train]
train/correction_beneficial_ratio: 0.5122170448303223
train/correction_beneficial_ratio_far: 0.5019028186798096
train/correction_beneficial_ratio_middle: 0.5132611393928528
train/correction_beneficial_ratio_near: 0.5214871168136597
train/correction_cosine_far: -0.03953457251191139
train/correction_cosine_mean: -0.0005036710645072162
train/correction_cosine_middle: 0.0070009538903832436
train/correction_cosine_near: 0.031022418290376663
train/correction_magnitude_ratio_far: 0.011054717935621738
train/correction_magnitude_ratio_mean: 0.01775948330760002
train/correction_magnitude_ratio_middle: 0.014542006887495518
train/correction_magnitude_ratio_near: 0.02768174186348915
train/correction_optimal_scalar_far: -4.228344440460205
train/correction_optimal_scalar_mean: 0.27377840876579285
train/correction_optimal_scalar_middle: 3.1768012046813965
train/correction_optimal_scalar_near: 1.872865080833435
train/correction_patch_beneficial_ratio: [0.5110656023025513, 0.5381147265434265, 0.5452868938446045, 0.5372951030731201, 0.5071721076965332, 0.5051229596138, 0.5063524842262268, 0.5362704992294312, 0.526024580001831, 0.5301229357719421, 0.5071721076965332, 0.49159836769104004, 0.49446719884872437, 0.5071721076965332, 0.5081967115402222, 0.5133196711540222, 0.5086065530776978, 0.5032786726951599, 0.49774590134620667, 0.49159836769104004, 0.4905737638473511]
train/correction_patch_cosine: [0.036149539053440094, 0.03914472833275795, 0.056771326810121536, 0.038566313683986664, 0.018561378121376038, 0.01502647902816534, 0.012937197461724281, 0.03412086144089699, 0.030949758365750313, 0.025007564574480057, 0.006145017687231302, -0.0067438483238220215, -0.020724227651953697, -0.019747767597436905, -0.025106698274612427, -0.03326361998915672, -0.03690655902028084, -0.04004966840147972, -0.04382896423339844, -0.047234486788511276, -0.050351448357105255]
train/correction_patch_magnitude_ratio: [0.05123429372906685, 0.033364929258823395, 0.02733468823134899, 0.023716455325484276, 0.021113196387887, 0.01924436166882515, 0.017764104530215263, 0.016788063570857048, 0.015902740880846977, 0.015085370279848576, 0.014316215179860592, 0.013832279480993748, 0.013177740387618542, 0.012691699899733067, 0.012191162444651127, 0.011700992472469807, 0.011282328516244888, 0.010918770916759968, 0.01061492133885622, 0.01042274571955204, 0.010252093896269798]
train/correction_patch_optimal_scalar: [0.990125834941864, 1.192370057106018, 2.3011627197265625, 1.7600643634796143, 1.7636934518814087, 2.4418153762817383, 2.6608245372772217, 4.47389030456543, 4.891867637634277, 4.991979598999023, 3.503484010696411, 2.7126142978668213, 1.2786543369293213, 0.38511922955513, -1.2135692834854126, -2.660691022872925, -3.3447823524475098, -4.005555629730225, -4.938084125518799, -5.877086162567139, -7.558574676513672]
[test]
test/correction_beneficial_ratio: 0.7126742601394653
test/correction_beneficial_ratio_far: 0.7121102213859558
test/correction_beneficial_ratio_middle: 0.7257674932479858
test/correction_beneficial_ratio_near: 0.7001450061798096
test/correction_cosine_far: 0.3966667354106903
test/correction_cosine_mean: 0.33629941940307617
test/correction_cosine_middle: 0.34850624203681946
test/correction_cosine_near: 0.26372477412223816
test/correction_magnitude_ratio_far: 0.009391682222485542
test/correction_magnitude_ratio_mean: 0.0149049898609519
test/correction_magnitude_ratio_middle: 0.012230831198394299
test/correction_magnitude_ratio_near: 0.02309245988726616
test/correction_optimal_scalar_far: 66.99948120117188
test/correction_optimal_scalar_mean: 46.15544128417969
test/correction_optimal_scalar_middle: 49.65483474731445
test/correction_optimal_scalar_near: 21.81202507019043
test/correction_patch_beneficial_ratio: [0.6370558142662048, 0.6455160975456238, 0.7292724251747131, 0.7072758078575134, 0.7131979465484619, 0.7267343401908875, 0.7419627904891968, 0.7343485355377197, 0.7529610991477966, 0.7588832378387451, 0.7343485355377197, 0.7047377228736877, 0.6962774991989136, 0.6988155841827393, 0.7064297795295715, 0.7013536095619202, 0.6903553009033203, 0.6835871338844299, 0.7072758078575134, 0.7368866205215454, 0.7588832378387451]
test/correction_patch_cosine: [0.18193870782852173, 0.23559817671775818, 0.28796207904815674, 0.26449307799339294, 0.26954537630081177, 0.29540812969207764, 0.3111281991004944, 0.335902601480484, 0.352888286113739, 0.3618125319480896, 0.34371688961982727, 0.34370002150535583, 0.3441489040851593, 0.35737502574920654, 0.36509808897972107, 0.37772321701049805, 0.3899097144603729, 0.3959771394729614, 0.402152419090271, 0.41621723771095276, 0.4295913875102997]
test/correction_patch_magnitude_ratio: [0.04222560301423073, 0.02813640981912613, 0.0226573683321476, 0.019393866881728172, 0.017752191051840782, 0.016262557357549667, 0.015219238586723804, 0.014172502793371677, 0.013364706188440323, 0.01269037276506424, 0.012004273943603039, 0.011502259410917759, 0.011049916967749596, 0.010831761173903942, 0.010526321828365326, 0.010143030434846878, 0.009673235937952995, 0.009296178817749023, 0.00895129144191742, 0.008698900230228901, 0.008452809415757656]
test/correction_patch_optimal_scalar: [5.146738529205322, 11.522150039672852, 18.71595001220703, 22.573223114013672, 27.035526275634766, 31.800628662109375, 35.89012908935547, 40.65932846069336, 44.50810241699219, 47.68292999267578, 49.339717864990234, 52.60057830810547, 55.169525146484375, 57.62355422973633, 59.703125, 62.672218322753906, 65.44574737548828, 66.79397583007812, 68.42367553710938, 71.07981872558594, 74.87767028808594]
