[train]
train/correction_beneficial_ratio: 0.5159640908241272
train/correction_beneficial_ratio_far: 0.5078161358833313
train/correction_beneficial_ratio_middle: 0.517447292804718
train/correction_beneficial_ratio_near: 0.5226287841796875
train/correction_cosine_far: -0.028768062591552734
train/correction_cosine_mean: 0.005770085379481316
train/correction_cosine_middle: 0.01344224251806736
train/correction_cosine_near: 0.03263610228896141
train/correction_magnitude_ratio_far: 0.012449150905013084
train/correction_magnitude_ratio_mean: 0.019026726484298706
train/correction_magnitude_ratio_middle: 0.016074659302830696
train/correction_magnitude_ratio_near: 0.02855636365711689
train/correction_optimal_scalar_far: -2.2433464527130127
train/correction_optimal_scalar_mean: 1.417651653289795
train/correction_optimal_scalar_middle: 4.192127704620361
train/correction_optimal_scalar_near: 2.30414080619812
train/correction_patch_beneficial_ratio: [0.5387294888496399, 0.5360655784606934, 0.5334016680717468, 0.5231557488441467, 0.5028688311576843, 0.5081967115402222, 0.5159835815429688, 0.5360655784606934, 0.5307376980781555, 0.5301229357719421, 0.5116803050041199, 0.5063524842262268, 0.5006147623062134, 0.5065574049949646, 0.5178278684616089, 0.5184426307678223, 0.5120901465415955, 0.5139344334602356, 0.5075819492340088, 0.4934426248073578, 0.49139344692230225]
train/correction_patch_cosine: [0.056845247745513916, 0.040063321590423584, 0.03855720907449722, 0.02810274250805378, 0.020335309207439423, 0.022748274728655815, 0.021800464019179344, 0.03808542340993881, 0.03575178608298302, 0.026972508057951927, 0.015604288317263126, 0.005069107282906771, -0.012052766978740692, -0.015334990806877613, -0.016842491924762726, -0.019124414771795273, -0.026645563542842865, -0.029496626928448677, -0.03069678694009781, -0.03561854735016823, -0.04295163229107857]
train/correction_patch_magnitude_ratio: [0.05244528874754906, 0.034008488059043884, 0.02792341448366642, 0.024366751313209534, 0.022036511451005936, 0.02024836279451847, 0.018865792080760002, 0.01818721741437912, 0.0175507590174675, 0.016728494316339493, 0.015960104763507843, 0.015375565737485886, 0.014655889011919498, 0.014064572751522064, 0.013534179888665676, 0.013134665787220001, 0.012655559927225113, 0.012306026183068752, 0.012123571708798409, 0.011878776364028454, 0.01151126530021429]
train/correction_patch_optimal_scalar: [1.7323822975158691, 1.6703251600265503, 1.7638319730758667, 1.6161152124404907, 2.449875593185425, 3.3683056831359863, 3.5281291007995605, 4.936041831970215, 5.52675724029541, 5.611328125, 4.923863410949707, 4.172225475311279, 2.666717290878296, 1.5079940557479858, 0.2378859668970108, -0.5916866064071655, -1.7388544082641602, -2.2088255882263184, -2.396454334259033, -3.474071502685547, -5.531224250793457]
[test]
test/correction_beneficial_ratio: 0.7293933033943176
test/correction_beneficial_ratio_far: 0.7307227253913879
test/correction_beneficial_ratio_middle: 0.7454677224159241
test/correction_beneficial_ratio_near: 0.7119893431663513
test/correction_cosine_far: 0.4260520935058594
test/correction_cosine_mean: 0.35537105798721313
test/correction_cosine_middle: 0.3651786744594574
test/correction_cosine_near: 0.2748827338218689
test/correction_magnitude_ratio_far: 0.010822450742125511
test/correction_magnitude_ratio_mean: 0.016728321090340614
test/correction_magnitude_ratio_middle: 0.014064377173781395
test/correction_magnitude_ratio_near: 0.02529815584421158
test/correction_optimal_scalar_far: 65.73760223388672
test/correction_optimal_scalar_mean: 45.23004913330078
test/correction_optimal_scalar_middle: 48.09003448486328
test/correction_optimal_scalar_near: 21.862565994262695
test/correction_patch_beneficial_ratio: [0.6717427968978882, 0.6759729385375977, 0.7284263968467712, 0.7225042581558228, 0.7072758078575134, 0.7267343401908875, 0.7512690424919128, 0.7521150708198547, 0.7656514644622803, 0.7681894898414612, 0.749576985836029, 0.7318105101585388, 0.7275803685188293, 0.7233502268791199, 0.7241962552070618, 0.7199661731719971, 0.7072758078575134, 0.7233502268791199, 0.7385786771774292, 0.7487309575080872, 0.7529610991477966]
test/correction_patch_cosine: [0.2228844314813614, 0.24562188982963562, 0.28094491362571716, 0.26913711428642273, 0.2744363248348236, 0.30578210949897766, 0.32537123560905457, 0.3418198823928833, 0.35669249296188354, 0.3677544593811035, 0.36435040831565857, 0.36831212043762207, 0.37184372544288635, 0.38547781109809875, 0.39856070280075073, 0.41323238611221313, 0.4227478802204132, 0.4307006597518921, 0.434001624584198, 0.4388763904571533, 0.44424381852149963]
test/correction_patch_magnitude_ratio: [0.04663050174713135, 0.03075624443590641, 0.02462410368025303, 0.021232079714536667, 0.019146017730236053, 0.017778761684894562, 0.01691931113600731, 0.016061438247561455, 0.0153174614533782, 0.014597817324101925, 0.013855015859007835, 0.013337614946067333, 0.012796040624380112, 0.012485168874263763, 0.012130675837397575, 0.01180481817573309, 0.011303259059786797, 0.010761849582195282, 0.010323561728000641, 0.009915260598063469, 0.009517733007669449]
test/correction_patch_optimal_scalar: [6.331762313842773, 12.081744194030762, 18.061649322509766, 22.007923126220703, 27.023786544799805, 31.866884231567383, 35.66416931152344, 39.16413116455078, 42.0176887512207, 45.04066467285156, 47.57820129394531, 51.608299255371094, 54.524375915527344, 56.69664001464844, 58.7999267578125, 61.5023078918457, 63.837730407714844, 65.13150024414062, 66.94947052001953, 69.94396209716797, 73.99817657470703]
