[train]
train/correction_beneficial_ratio: 0.5400169491767883
train/correction_beneficial_ratio_far: 0.5482099652290344
train/correction_beneficial_ratio_middle: 0.5412322282791138
train/correction_beneficial_ratio_near: 0.5306086540222168
train/correction_cosine_far: 0.08761390298604965
train/correction_cosine_mean: 0.08243454992771149
train/correction_cosine_middle: 0.08068159222602844
train/correction_cosine_near: 0.07900809496641159
train/correction_magnitude_ratio_far: 0.09089823812246323
train/correction_magnitude_ratio_mean: 0.0994466096162796
train/correction_magnitude_ratio_middle: 0.09757235646247864
train/correction_magnitude_ratio_near: 0.10986917465925217
train/correction_optimal_scalar_far: 2.3410980701446533
train/correction_optimal_scalar_mean: 2.0690112113952637
train/correction_optimal_scalar_middle: 1.8827165365219116
train/correction_optimal_scalar_near: 1.9832191467285156
train/correction_patch_beneficial_ratio: [0.49978023767471313, 0.5527557134628296, 0.5549532771110535, 0.5347065329551697, 0.5211696624755859, 0.5200855731964111, 0.5308095812797546, 0.5341498255729675, 0.5329484939575195, 0.5265902876853943, 0.5205250382423401, 0.5317472219467163, 0.564124345779419, 0.5785402655601501, 0.57077556848526, 0.5627179145812988, 0.5453426837921143, 0.538134753704071, 0.544170618057251, 0.5371971130371094, 0.5391309261322021]
train/correction_patch_cosine: [0.0612235926091671, 0.10128563642501831, 0.10099662840366364, 0.08018001914024353, 0.06630126386880875, 0.0681706890463829, 0.07489930093288422, 0.07829055190086365, 0.07484462112188339, 0.06920590996742249, 0.06643734127283096, 0.07254784554243088, 0.09427589178085327, 0.10916903614997864, 0.10877075791358948, 0.10108675807714462, 0.08726640790700912, 0.0824429914355278, 0.07949400693178177, 0.07795453816652298, 0.0762818455696106]
train/correction_patch_magnitude_ratio: [0.14209184050559998, 0.1098083034157753, 0.10668304562568665, 0.1042923703789711, 0.10238786041736603, 0.10379579663276672, 0.10002527385950089, 0.0984613448381424, 0.098054438829422, 0.09894634783267975, 0.10003864020109177, 0.10041792690753937, 0.09398065507411957, 0.09310707449913025, 0.0918063223361969, 0.0906774252653122, 0.09079565852880478, 0.09250345081090927, 0.09093306213617325, 0.09013285487890244, 0.08943914622068405]
train/correction_patch_optimal_scalar: [0.44447067379951477, 1.102755069732666, 3.508946418762207, 3.2581396102905273, 2.064734697341919, 1.744722604751587, 1.7587618827819824, 1.9502131938934326, 2.0933470726013184, 2.7993505001068115, 2.234605312347412, 1.3094794750213623, 0.9657745957374573, 1.8262511491775513, 2.790478229522705, 3.2564456462860107, 2.3730368614196777, 1.79390549659729, 1.8792247772216797, 2.108691930770874, 2.185896158218384]
[test]
test/correction_beneficial_ratio: 0.45416268706321716
test/correction_beneficial_ratio_far: 0.4441918432712555
test/correction_beneficial_ratio_middle: 0.453298419713974
test/correction_beneficial_ratio_near: 0.4649977684020996
test/correction_cosine_far: -0.01904117874801159
test/correction_cosine_mean: -0.006980054080486298
test/correction_cosine_middle: -0.006603521294891834
test/correction_cosine_near: 0.004704535007476807
test/correction_magnitude_ratio_far: 0.10020727664232254
test/correction_magnitude_ratio_mean: 0.10934571176767349
test/correction_magnitude_ratio_middle: 0.10811703652143478
test/correction_magnitude_ratio_near: 0.11971277743577957
test/correction_optimal_scalar_far: 1.4332034587860107
test/correction_optimal_scalar_mean: 1.5936921834945679
test/correction_optimal_scalar_middle: 1.3905898332595825
test/correction_optimal_scalar_near: 1.9572829008102417
test/correction_patch_beneficial_ratio: [0.44810011982917786, 0.45328566431999207, 0.453643262386322, 0.4611533284187317, 0.46660706400871277, 0.4789450168609619, 0.49324989318847656, 0.46347787976264954, 0.47268664836883545, 0.4623155891895294, 0.45462673902511597, 0.4391596019268036, 0.4412159025669098, 0.43960660696029663, 0.4422887861728668, 0.44139471650123596, 0.4173446595668793, 0.4192221760749817, 0.4436298608779907, 0.46937862038612366, 0.47608405351638794]
test/correction_patch_cosine: [0.010219361633062363, -0.016921408474445343, -0.014864745549857616, -0.008791049011051655, -0.004291519057005644, 0.027960043400526047, 0.039621081203222275, 0.012051253579556942, 0.005459371022880077, 0.00257492414675653, -0.008610269986093044, -0.01134104561060667, -0.02068071998655796, -0.025678250938653946, -0.021493135020136833, -0.023451894521713257, -0.04307790473103523, -0.03597819060087204, -0.01803106814622879, 0.0028177862986922264, 0.005926282610744238]
test/correction_patch_magnitude_ratio: [0.14581619203090668, 0.11291345953941345, 0.11562537401914597, 0.11826454848051071, 0.11860524863004684, 0.1176568791270256, 0.10910825431346893, 0.10759416967630386, 0.10987724363803864, 0.11297042667865753, 0.11335940659046173, 0.10979152470827103, 0.10241872817277908, 0.10080742090940475, 0.10103209316730499, 0.10071799159049988, 0.1026763767004013, 0.10224486887454987, 0.09829315543174744, 0.09768541902303696, 0.09880116581916809]
test/correction_patch_optimal_scalar: [-1.965086817741394, 1.0852699279785156, 5.747409820556641, 5.781869411468506, 1.5446360111236572, 1.090834379196167, 0.41604700684547424, 0.38562509417533875, 3.0317821502685547, 3.496567726135254, 1.3722834587097168, 0.7497352957725525, 0.2467983365058899, 0.45133790373802185, 1.8419963121414185, 2.276495933532715, 0.3836062252521515, 0.597883939743042, 1.121741533279419, 1.2565821409225464, 2.5541200637817383]
