[train]
train/correction_beneficial_ratio: 0.4588877856731415
train/correction_beneficial_ratio_far: 0.47238001227378845
train/correction_beneficial_ratio_middle: 0.4582236409187317
train/correction_beneficial_ratio_near: 0.4460597038269043
train/correction_cosine_far: -0.01969323307275772
train/correction_cosine_mean: -0.030254555866122246
train/correction_cosine_middle: -0.03610890731215477
train/correction_cosine_near: -0.03496158868074417
train/correction_magnitude_ratio_far: 0.009754767641425133
train/correction_magnitude_ratio_mean: 0.01459681149572134
train/correction_magnitude_ratio_middle: 0.011337406933307648
train/correction_magnitude_ratio_near: 0.022698266431689262
train/correction_optimal_scalar_far: -0.4317806363105774
train/correction_optimal_scalar_mean: -0.6443803310394287
train/correction_optimal_scalar_middle: -0.20512235164642334
train/correction_optimal_scalar_near: -1.2962428331375122
train/correction_patch_beneficial_ratio: [0.44381609559059143, 0.4220457673072815, 0.4067215621471405, 0.4234521985054016, 0.4518444836139679, 0.4888511300086975, 0.48568665981292725, 0.45603445172309875, 0.43798530101776123, 0.45011574029922485, 0.4640921354293823, 0.47636908292770386, 0.4673151969909668, 0.4556535482406616, 0.45216676592826843, 0.44774240255355835, 0.4717981815338135, 0.5010401606559753, 0.499575138092041, 0.47399571537971497, 0.4603416323661804]
train/correction_patch_cosine: [-0.02820362150669098, -0.052534934133291245, -0.06615908443927765, -0.05281081050634384, -0.03609474003314972, -0.002451786305755377, -0.006476047448813915, -0.03718908503651619, -0.052813977003097534, -0.045172423124313354, -0.03288973867893219, -0.021870305761694908, -0.025804191827774048, -0.03702235966920853, -0.04334304854273796, -0.04065028950572014, -0.019531669095158577, 0.009686022996902466, 0.005184212699532509, -0.016342096030712128, -0.03285575285553932]
train/correction_patch_magnitude_ratio: [0.03947689011693001, 0.030850950628519058, 0.023873645812273026, 0.018932392820715904, 0.01650000922381878, 0.015345832332968712, 0.01390812173485756, 0.012487920932471752, 0.011542575433850288, 0.011073264293372631, 0.01123771071434021, 0.01163414865732193, 0.011143756099045277, 0.010242464952170849, 0.009869303554296494, 0.00982886366546154, 0.010054925456643105, 0.010295845568180084, 0.009917555376887321, 0.009283770807087421, 0.00903309602290392]
train/correction_patch_optimal_scalar: [-1.4633381366729736, -2.574687957763672, -3.6062703132629395, -3.2582905292510986, -1.9426285028457642, 1.4287177324295044, 2.342787504196167, 0.6377570629119873, -0.04543250426650047, -0.5418630242347717, -0.7760213613510132, 0.6439680457115173, -0.162229523062706, -1.192024827003479, -1.4823576211929321, -4.293620586395264, -1.1474359035491943, 3.322638511657715, 2.9448375701904297, -0.41068077087402344, -1.9558165073394775]
[test]
test/correction_beneficial_ratio: 0.3711390793323517
test/correction_beneficial_ratio_far: 0.3656938374042511
test/correction_beneficial_ratio_middle: 0.3452710807323456
test/correction_beneficial_ratio_near: 0.4024522602558136
test/correction_cosine_far: -0.15159107744693756
test/correction_cosine_mean: -0.13381849229335785
test/correction_cosine_middle: -0.1702161282300949
test/correction_cosine_near: -0.07964824140071869
test/correction_magnitude_ratio_far: 0.00922771729528904
test/correction_magnitude_ratio_mean: 0.014308263547718525
test/correction_magnitude_ratio_middle: 0.010690944269299507
test/correction_magnitude_ratio_near: 0.023006144911050797
test/correction_optimal_scalar_far: -15.018871307373047
test/correction_optimal_scalar_mean: -11.313815116882324
test/correction_optimal_scalar_middle: -14.489517211914062
test/correction_optimal_scalar_near: -4.433045387268066
test/correction_patch_beneficial_ratio: [0.43406346440315247, 0.3932051956653595, 0.3718372881412506, 0.39365220069885254, 0.4064371883869171, 0.42691105604171753, 0.3910594582557678, 0.3466249406337738, 0.31980329751968384, 0.3366115391254425, 0.3558337092399597, 0.367277592420578, 0.35288333892822266, 0.3378632068634033, 0.32320070266723633, 0.3454626798629761, 0.37434062361717224, 0.40536433458328247, 0.3939204216003418, 0.37210550904273987, 0.3454626798629761]
test/correction_patch_cosine: [-0.03587095066905022, -0.0774436965584755, -0.10580319911241531, -0.09265372157096863, -0.0761931911110878, -0.06243550032377243, -0.10713770240545273, -0.16282831132411957, -0.1906491369009018, -0.18259303271770477, -0.16113822162151337, -0.1488020420074463, -0.1639469712972641, -0.18155640363693237, -0.19492194056510925, -0.17622262239456177, -0.13889651000499725, -0.10873255133628845, -0.1226307675242424, -0.14577962458133698, -0.17395220696926117]
test/correction_patch_magnitude_ratio: [0.04004961624741554, 0.031817298382520676, 0.024686994031071663, 0.019394459202885628, 0.016354678198695183, 0.015293756499886513, 0.013446129858493805, 0.011971046216785908, 0.01085380557924509, 0.010452150367200375, 0.01060443464666605, 0.01105764415115118, 0.01030381303280592, 0.009593680500984192, 0.009151306003332138, 0.009204698726534843, 0.009615149348974228, 0.010050498880445957, 0.00935584120452404, 0.008788949809968472, 0.008427566848695278]
test/correction_patch_optimal_scalar: [-1.1867057085037231, -2.792358160018921, -5.247721195220947, -5.619065761566162, -3.972970962524414, -2.6745355129241943, -9.537976264953613, -15.619128227233887, -16.36761474609375, -14.773597717285156, -11.307223320007324, -9.076384544372559, -14.579981803894043, -19.70270538330078, -19.468982696533203, -17.63103675842285, -11.583390235900879, -6.568667411804199, -12.849411964416504, -16.890966415405273, -20.139671325683594]
