[train]
train/correction_beneficial_ratio: 0.5470965504646301
train/correction_beneficial_ratio_far: 0.529464066028595
train/correction_beneficial_ratio_middle: 0.545299232006073
train/correction_beneficial_ratio_near: 0.5665263533592224
train/correction_cosine_far: 0.027296558022499084
train/correction_cosine_mean: 0.04575885087251663
train/correction_cosine_middle: 0.04202517494559288
train/correction_cosine_near: 0.06795476377010345
train/correction_magnitude_ratio_far: 0.02498469315469265
train/correction_magnitude_ratio_mean: 0.02957967109978199
train/correction_magnitude_ratio_middle: 0.025949440896511078
train/correction_magnitude_ratio_near: 0.037804894149303436
train/correction_optimal_scalar_far: 2.413942813873291
train/correction_optimal_scalar_mean: 2.527585983276367
train/correction_optimal_scalar_middle: 2.971029758453369
train/correction_optimal_scalar_near: 2.1977858543395996
train/correction_patch_beneficial_ratio: [0.5765306353569031, 0.5823458433151245, 0.5941683053970337, 0.5988040566444397, 0.5796302556991577, 0.5406243205070496, 0.49358129501342773, 0.49336186051368713, 0.5319837331771851, 0.5731292366981506, 0.5893405675888062, 0.5774357914924622, 0.5429558753967285, 0.5088874101638794, 0.4891924560070038, 0.4826914668083191, 0.4995885491371155, 0.531599760055542, 0.5660796761512756, 0.5791090726852417, 0.5579876899719238]
train/correction_patch_cosine: [0.08205395191907883, 0.08881436288356781, 0.09374240040779114, 0.0925995334982872, 0.07205863296985626, 0.04129892215132713, 0.005116053856909275, 0.00495307007804513, 0.03573266416788101, 0.06501008570194244, 0.07605711370706558, 0.06557359546422958, 0.0377969928085804, 0.009052509441971779, -0.010389329865574837, -0.010288904421031475, 0.0032337424345314503, 0.031014293432235718, 0.05844385549426079, 0.06731997430324554, 0.051742322742938995]
train/correction_patch_magnitude_ratio: [0.05889710411429405, 0.042663995176553726, 0.03710970655083656, 0.03432909771800041, 0.03147292509675026, 0.030117109417915344, 0.030044199898838997, 0.028807619586586952, 0.02563503570854664, 0.02299954555928707, 0.02220836840569973, 0.0240308940410614, 0.027295803651213646, 0.030668780207633972, 0.03170660138130188, 0.03007691167294979, 0.026552386581897736, 0.023170771077275276, 0.020722348242998123, 0.020252157002687454, 0.02241169661283493]
train/correction_patch_optimal_scalar: [1.3631888628005981, 2.1683175563812256, 3.0072076320648193, 3.100477695465088, 2.50532865524292, 2.0170323848724365, 1.2229490280151367, 1.4193642139434814, 2.693626642227173, 3.7736732959747314, 4.389885902404785, 4.080854415893555, 2.794881820678711, 1.644917607307434, 0.783226728439331, 0.6108606457710266, 1.2150732278823853, 2.5735886096954346, 3.781583070755005, 4.346938133239746, 3.586329698562622]
[test]
test/correction_beneficial_ratio: 0.5187461376190186
test/correction_beneficial_ratio_far: 0.5113961100578308
test/correction_beneficial_ratio_middle: 0.5160441398620605
test/correction_beneficial_ratio_near: 0.5287982225418091
test/correction_cosine_far: 0.013084360398352146
test/correction_cosine_mean: 0.024928931146860123
test/correction_cosine_middle: 0.020904911682009697
test/correction_cosine_near: 0.04079749435186386
test/correction_magnitude_ratio_far: 0.017452366650104523
test/correction_magnitude_ratio_mean: 0.02143378183245659
test/correction_magnitude_ratio_middle: 0.01816764660179615
test/correction_magnitude_ratio_near: 0.028681378811597824
test/correction_optimal_scalar_far: 0.4786323308944702
test/correction_optimal_scalar_mean: 0.7082779407501221
test/correction_optimal_scalar_middle: 0.5797261595726013
test/correction_optimal_scalar_near: 1.0664787292480469
test/correction_patch_beneficial_ratio: [0.5325362682342529, 0.5711485743522644, 0.5854566693305969, 0.5269502401351929, 0.4927479326725006, 0.5066640377044678, 0.48608389496803284, 0.5107800960540771, 0.5194041728973389, 0.48814189434051514, 0.48667189478874207, 0.536750316619873, 0.5402783155441284, 0.5302822589874268, 0.5090160965919495, 0.5134261250495911, 0.5312622785568237, 0.5235201716423035, 0.4908859133720398, 0.48245784640312195, 0.529204249382019]
test/correction_patch_cosine: [0.05632954463362694, 0.0861959457397461, 0.08708225935697556, 0.0350046269595623, -0.0009049937361851335, 0.012546181678771973, 0.009328908286988735, 0.026968171820044518, 0.028290949761867523, -0.0072800093330442905, -0.0025209414307028055, 0.037975165992975235, 0.039068762212991714, 0.023832298815250397, 0.012214604765176773, 0.00952320359647274, 0.01979984901845455, 0.028155358508229256, -0.003747217357158661, -0.007255014963448048, 0.03289986774325371]
test/correction_patch_magnitude_ratio: [0.049143578857183456, 0.0333440899848938, 0.028750451281666756, 0.025733770802617073, 0.022256162017583847, 0.02106710523366928, 0.020474370568990707, 0.019836239516735077, 0.018803738057613373, 0.01736421510577202, 0.016579747200012207, 0.01706472784280777, 0.018265610560774803, 0.019259141758084297, 0.019552186131477356, 0.019047265872359276, 0.018069026991724968, 0.017146291211247444, 0.016149749979376793, 0.015589100308716297, 0.01661287061870098]
test/correction_patch_optimal_scalar: [0.5219977498054504, 2.0473098754882812, 3.4339046478271484, 1.8675366640090942, -0.49622008204460144, 0.1264951378107071, -0.03567669540643692, 0.7512195706367493, 0.9869756698608398, -1.7344223260879517, -1.7502415180206299, 1.7982860803604126, 2.0660910606384277, 1.9401674270629883, 1.4355353116989136, 0.9065847992897034, 1.4077186584472656, 1.884113073348999, -1.1534937620162964, -2.0600833892822266, 0.9300395846366882]
