[train]
train/correction_beneficial_ratio: 0.484759658575058
train/correction_beneficial_ratio_far: 0.4880255460739136
train/correction_beneficial_ratio_middle: 0.4817635715007782
train/correction_beneficial_ratio_near: 0.48448988795280457
train/correction_cosine_far: -0.0062646823935210705
train/correction_cosine_mean: -0.0028012508992105722
train/correction_cosine_middle: -0.0030781475361436605
train/correction_cosine_near: 0.0009390371269546449
train/correction_magnitude_ratio_far: 0.01277180202305317
train/correction_magnitude_ratio_mean: 0.013852364383637905
train/correction_magnitude_ratio_middle: 0.01341269351541996
train/correction_magnitude_ratio_near: 0.015372601337730885
train/correction_optimal_scalar_far: 1.0302175283432007
train/correction_optimal_scalar_mean: 1.3588197231292725
train/correction_optimal_scalar_middle: 1.6716004610061646
train/correction_optimal_scalar_near: 1.3746442794799805
train/correction_patch_beneficial_ratio: [0.485878586769104, 0.5055590867996216, 0.4912460148334503, 0.500575065612793, 0.5101597309112549, 0.4943130910396576, 0.4940575063228607, 0.4862619936466217, 0.4654313027858734, 0.463386595249176, 0.47054311633110046, 0.4720766842365265, 0.47718849778175354, 0.4782108664512634, 0.4724600613117218, 0.47693291306495667, 0.47693291306495667, 0.47373801469802856, 0.46376997232437134, 0.47156548500061035, 0.47578275203704834, 0.4794888198375702, 0.48255589604377747, 0.48600637912750244, 0.4922683835029602, 0.49341854453086853, 0.49418529868125916, 0.4861341714859009, 0.49162939190864563, 0.4820447266101837, 0.4770607054233551, 0.48153355717658997, 0.48102235794067383, 0.4764217138290405, 0.4741213917732239, 0.4838338792324066, 0.4833226799964905, 0.4908626079559326, 0.49099043011665344, 0.49060702323913574, 0.5046645402908325, 0.4982747733592987, 0.4929073452949524, 0.49916931986808777, 0.49559104442596436]
train/correction_patch_cosine: [0.003941542934626341, 0.013386745937168598, 0.0006421834696084261, 0.005351584870368242, 0.012936126440763474, 0.0020476090721786022, 0.0035293700639158487, 0.0023604989983141422, -0.005548843648284674, -0.005484518129378557, -0.0058215828612446785, -0.006978917866945267, 0.0007037338218651712, 0.0015718424692749977, -0.008551603183150291, -0.005586979910731316, -0.0037676419597119093, -0.009514983743429184, -0.00938308984041214, -0.007925717160105705, -0.0037809123750776052, -0.0034952478017657995, 0.00033565290505066514, 0.0006471042870543897, 0.002403629943728447, 0.005465268157422543, -0.00021691928850486875, -0.004925495944917202, -0.00033479148987680674, -0.0060921404510736465, -0.011901547200977802, -0.008401823230087757, -0.009471096098423004, -0.009954030625522137, -0.01216458436101675, -0.012004993855953217, -0.011174001730978489, -0.0076261344365775585, -0.005934908986091614, -0.002337144920602441, 0.0011611097725108266, 0.001457791542634368, 9.296356438426301e-05, -0.00092221365775913, -0.004789221566170454]
train/correction_patch_magnitude_ratio: [0.020699916407465935, 0.017571015283465385, 0.01674983650445938, 0.015463572926819324, 0.01537235639989376, 0.015247184783220291, 0.014852319844067097, 0.014765876345336437, 0.014601149596273899, 0.014445137232542038, 0.014271074905991554, 0.014214375987648964, 0.014081352390348911, 0.014163975603878498, 0.014089887030422688, 0.013881136663258076, 0.013778969645500183, 0.01372639648616314, 0.013586219400167465, 0.013570841401815414, 0.013548742979764938, 0.013450098223984241, 0.013334138318896294, 0.013460084795951843, 0.013382166624069214, 0.013254484161734581, 0.01319457683712244, 0.013021891936659813, 0.01301673986017704, 0.012983952648937702, 0.013051231391727924, 0.013174262829124928, 0.013161827810108662, 0.012921308167278767, 0.012902239337563515, 0.012802029959857464, 0.012803494930267334, 0.012662038207054138, 0.012783246114850044, 0.012708663940429688, 0.01269895676523447, 0.012672275304794312, 0.012470759451389313, 0.012444288469851017, 0.012320337817072868]
train/correction_patch_optimal_scalar: [0.5394973158836365, 1.1802809238433838, 0.784797728061676, 1.1819698810577393, 2.073624849319458, 1.3971613645553589, 1.7508965730667114, 1.838276743888855, 1.4498370885849, 1.5382323265075684, 1.3653429746627808, 1.0972130298614502, 1.7538180351257324, 1.8641356229782104, 0.8045619130134583, 0.739408016204834, 1.1214194297790527, 0.871246874332428, 1.0819391012191772, 1.215954065322876, 1.6773271560668945, 1.5972312688827515, 2.132889986038208, 2.522106885910034, 2.562546968460083, 2.483267307281494, 1.984463095664978, 1.5766571760177612, 1.956583857536316, 1.5509499311447144, 0.862432599067688, 0.7773219347000122, 0.6906362771987915, 0.618169903755188, 0.2050546258687973, 0.5391231775283813, 0.8821172714233398, 0.9434625506401062, 1.3067487478256226, 1.2683855295181274, 1.6263399124145508, 1.826786994934082, 1.5108593702316284, 1.3872426748275757, 1.0085607767105103]
[test]
test/correction_beneficial_ratio: 0.40272507071495056
test/correction_beneficial_ratio_far: 0.3712170422077179
test/correction_beneficial_ratio_middle: 0.3606046438217163
test/correction_beneficial_ratio_near: 0.4763535261154175
test/correction_cosine_far: -0.13245277106761932
test/correction_cosine_mean: -0.09398072957992554
test/correction_cosine_middle: -0.1320745348930359
test/correction_cosine_near: -0.017415041103959084
test/correction_magnitude_ratio_far: 0.014108683913946152
test/correction_magnitude_ratio_mean: 0.015705915167927742
test/correction_magnitude_ratio_middle: 0.015458988957107067
test/correction_magnitude_ratio_near: 0.01755007542669773
test/correction_optimal_scalar_far: -8.836849212646484
test/correction_optimal_scalar_mean: -5.5986528396606445
test/correction_optimal_scalar_middle: -8.187078475952148
test/correction_optimal_scalar_near: 0.22796925902366638
test/correction_patch_beneficial_ratio: [0.47478020191192627, 0.48125869035720825, 0.4696899652481079, 0.47107821702957153, 0.5094863772392273, 0.4928273856639862, 0.5094863772392273, 0.5238315463066101, 0.49560388922691345, 0.5062471032142639, 0.47015270590782166, 0.46459972858428955, 0.4396112859249115, 0.43035632371902466, 0.4062933921813965, 0.4044423997402191, 0.4173993468284607, 0.3678852319717407, 0.3553910255432129, 0.33826932311058044, 0.34058305621147156, 0.32855159044265747, 0.34150856733322144, 0.36372050642967224, 0.37714022397994995, 0.3840814530849457, 0.3762147128582001, 0.34844979643821716, 0.3313280940055847, 0.3341045677661896, 0.31744563579559326, 0.32947710156440735, 0.367422491312027, 0.3697362244129181, 0.37945395708084106, 0.3919481635093689, 0.39935216307640076, 0.39472466707229614, 0.41832485795021057, 0.3808422088623047, 0.35724201798439026, 0.360944002866745, 0.3563165068626404, 0.36603423953056335, 0.3789912164211273]
test/correction_patch_cosine: [-0.012997008860111237, -0.01078477967530489, -0.01831299625337124, -0.017201313748955727, 0.011899570003151894, 0.00943098682910204, 0.012652087025344372, 0.018908949568867683, 0.005027176812291145, 0.0010735566029325128, -0.020792335271835327, -0.03803650289773941, -0.05830170214176178, -0.06597646325826645, -0.07781487703323364, -0.08566059917211533, -0.09722296893596649, -0.10960762202739716, -0.13430586457252502, -0.14845317602157593, -0.13541805744171143, -0.1574077308177948, -0.15108183026313782, -0.1310543566942215, -0.13118360936641693, -0.11835533380508423, -0.1254930943250656, -0.15000814199447632, -0.15219932794570923, -0.15366505086421967, -0.16401192545890808, -0.15331096947193146, -0.12466690689325333, -0.13086718320846558, -0.12541911005973816, -0.11531206965446472, -0.11286613345146179, -0.11615343391895294, -0.09722217172384262, -0.1293511539697647, -0.14422428607940674, -0.14055632054805756, -0.14870063960552216, -0.1488903909921646, -0.1352381855249405]
test/correction_patch_magnitude_ratio: [0.021311838179826736, 0.019059764221310616, 0.017972202971577644, 0.017627250403165817, 0.01780473068356514, 0.017477886751294136, 0.01782803423702717, 0.01756284013390541, 0.01705310493707657, 0.01711326092481613, 0.016727937385439873, 0.01650066114962101, 0.01651812344789505, 0.01649840921163559, 0.01619517244398594, 0.016143616288900375, 0.016048181802034378, 0.01599276252090931, 0.016002614051103592, 0.01583010144531727, 0.015338731929659843, 0.015499438159167767, 0.015132675878703594, 0.014896025881171227, 0.015165497548878193, 0.015157679095864296, 0.015174554660916328, 0.015117187984287739, 0.015276589430868626, 0.015109138563275337, 0.015458996407687664, 0.015453130006790161, 0.015140233561396599, 0.014814148657023907, 0.014561214484274387, 0.014149772934615612, 0.014205473475158215, 0.013745266012847424, 0.013814176432788372, 0.013681365177035332, 0.013490121811628342, 0.013414578512310982, 0.013465188443660736, 0.013299652375280857, 0.012936918996274471]
test/correction_patch_optimal_scalar: [0.37502944469451904, 1.0351014137268066, 0.26869338750839233, 0.43046069145202637, 2.2353055477142334, 2.3366215229034424, 2.220613718032837, 2.3819868564605713, 1.593029499053955, 0.8010187745094299, -0.6101748943328857, -0.790097713470459, -2.418003559112549, -2.9192211627960205, -3.5208349227905273, -5.455095291137695, -5.755587100982666, -6.331305027008057, -8.170893669128418, -8.734637260437012, -8.60799789428711, -10.01488208770752, -9.7722749710083, -8.424696922302246, -8.736021041870117, -7.655019760131836, -7.648139953613281, -9.384621620178223, -9.028265953063965, -9.086803436279297, -10.552444458007812, -9.733460426330566, -7.592623710632324, -8.314807891845703, -7.61811637878418, -7.225107192993164, -7.183965682983398, -7.959932327270508, -6.900517463684082, -9.223014831542969, -10.337525367736816, -9.715471267700195, -10.516596794128418, -10.596454620361328, -9.082610130310059]
