[train]
train/correction_beneficial_ratio: 0.41400066018104553
train/correction_beneficial_ratio_far: 0.427755206823349
train/correction_beneficial_ratio_middle: 0.41193288564682007
train/correction_beneficial_ratio_near: 0.4023139178752899
train/correction_cosine_far: -0.0703640878200531
train/correction_cosine_mean: -0.07488678395748138
train/correction_cosine_middle: -0.07935262471437454
train/correction_cosine_near: -0.0749436765909195
train/correction_magnitude_ratio_far: 0.02324085123836994
train/correction_magnitude_ratio_mean: 0.02673957869410515
train/correction_magnitude_ratio_middle: 0.024658940732479095
train/correction_magnitude_ratio_near: 0.03231894224882126
train/correction_optimal_scalar_far: 3.1992926597595215
train/correction_optimal_scalar_mean: 1.2175500392913818
train/correction_optimal_scalar_middle: 1.0215377807617188
train/correction_optimal_scalar_near: -0.5681866407394409
train/correction_patch_beneficial_ratio: [0.41917431354522705, 0.37850508093833923, 0.38928771018981934, 0.40250226855278015, 0.4015060365200043, 0.4105892479419708, 0.4146327078342438, 0.4127867817878723, 0.4092999994754791, 0.4135778844356537, 0.4136365056037903, 0.40824517607688904, 0.408919095993042, 0.4170646667480469, 0.41899850964546204, 0.4235107898712158, 0.43233028054237366, 0.42723196744918823, 0.4302206337451935, 0.42852118611335754, 0.43347299098968506]
train/correction_patch_cosine: [-0.04584801197052002, -0.09820114076137543, -0.09341945499181747, -0.07762707024812698, -0.07602985203266144, -0.07040554285049438, -0.06307456642389297, -0.07023517787456512, -0.07893268764019012, -0.0761772096157074, -0.08061227947473526, -0.08402945101261139, -0.0834582969546318, -0.08202335238456726, -0.07894997298717499, -0.0717599019408226, -0.06796514987945557, -0.07108850032091141, -0.06886491924524307, -0.06900472939014435, -0.06491512060165405]
train/correction_patch_magnitude_ratio: [0.04483260586857796, 0.03520089387893677, 0.031197868287563324, 0.029560750350356102, 0.028673067688941956, 0.02911226637661457, 0.027655186131596565, 0.025604385882616043, 0.024763792753219604, 0.0244459081441164, 0.02483539842069149, 0.025105567649006844, 0.02442391961812973, 0.023433567956089973, 0.023037157952785492, 0.023401103913784027, 0.02379504218697548, 0.024037865921854973, 0.023381266742944717, 0.022646434605121613, 0.022387070581316948]
train/correction_patch_optimal_scalar: [0.05885985866189003, -1.4040697813034058, -1.5786718130111694, -1.9107483625411987, -1.9817981719970703, -0.4890374541282654, 3.3281643390655518, 2.7394540309906006, 1.1875450611114502, -1.174706220626831, -1.5809184312820435, -1.4197919368743896, 2.733222723007202, 4.665961265563965, 5.29681921005249, 1.6836694478988647, 0.8197829127311707, 2.0266377925872803, 5.641655445098877, 4.985589027404785, 1.9409279823303223]
[test]
test/correction_beneficial_ratio: 0.3610958456993103
test/correction_beneficial_ratio_far: 0.376575767993927
test/correction_beneficial_ratio_middle: 0.3526534140110016
test/correction_beneficial_ratio_near: 0.3540583550930023
test/correction_cosine_far: -0.1111086905002594
test/correction_cosine_mean: -0.12165472656488419
test/correction_cosine_middle: -0.13727982342243195
test/correction_cosine_near: -0.11657555401325226
test/correction_magnitude_ratio_far: 0.02298983559012413
test/correction_magnitude_ratio_mean: 0.027197763323783875
test/correction_magnitude_ratio_middle: 0.024607481434941292
test/correction_magnitude_ratio_near: 0.03399598225951195
test/correction_optimal_scalar_far: -5.815262317657471
test/correction_optimal_scalar_mean: -5.235182285308838
test/correction_optimal_scalar_middle: -6.275629997253418
test/correction_optimal_scalar_near: -3.6146576404571533
test/correction_patch_beneficial_ratio: [0.37952613830566406, 0.34090298414230347, 0.3347340226173401, 0.3441216051578522, 0.34564149379730225, 0.3580688536167145, 0.3754135072231293, 0.354671448469162, 0.3514528274536133, 0.35279393196105957, 0.3558337092399597, 0.35029056668281555, 0.35163164138793945, 0.3518998622894287, 0.35172104835510254, 0.36969155073165894, 0.3877514600753784, 0.38614216446876526, 0.38819849491119385, 0.3786320984363556, 0.3738936185836792]
test/correction_patch_cosine: [-0.06914124637842178, -0.12560346722602844, -0.137151300907135, -0.13007940351963043, -0.12326714396476746, -0.11966051161289215, -0.11112603545188904, -0.13075247406959534, -0.13911618292331696, -0.1367703229188919, -0.13351617753505707, -0.13957928121089935, -0.13915221393108368, -0.14207208156585693, -0.1384066343307495, -0.12052681297063828, -0.10691265761852264, -0.10061384737491608, -0.09958918392658234, -0.10572630167007446, -0.1059860810637474]
test/correction_patch_magnitude_ratio: [0.04616694897413254, 0.03718838840723038, 0.033156756311655045, 0.03134071081876755, 0.030579088255763054, 0.030894501134753227, 0.028645329177379608, 0.025668030604720116, 0.02465721033513546, 0.024522533640265465, 0.02507793717086315, 0.025545131415128708, 0.024227166548371315, 0.022554414346814156, 0.021994367241859436, 0.02251947857439518, 0.023568088188767433, 0.024560609832406044, 0.023675939068198204, 0.02247512899339199, 0.022135280072689056]
test/correction_patch_optimal_scalar: [-0.9027873873710632, -3.0463829040527344, -3.7708523273468018, -4.646027565002441, -5.150147438049316, -6.296019554138184, -1.4903864860534668, -3.7468979358673096, -5.702550411224365, -7.70020866394043, -8.282515525817871, -8.546174049377441, -5.566337585449219, -4.384701728820801, -6.189237594604492, -5.183268070220947, -7.508624076843262, -7.557623386383057, -3.9109702110290527, -3.7517499923706055, -6.605361461639404]
