[train]
train/correction_beneficial_ratio: 0.5308916568756104
train/correction_beneficial_ratio_far: 0.5170966982841492
train/correction_beneficial_ratio_middle: 0.5653617978096008
train/correction_beneficial_ratio_near: 0.510216474533081
train/correction_cosine_far: 0.033809252083301544
train/correction_cosine_mean: 0.04218315705657005
train/correction_cosine_middle: 0.0755779892206192
train/correction_cosine_near: 0.017162233591079712
train/correction_magnitude_ratio_far: 0.011386265978217125
train/correction_magnitude_ratio_mean: 0.017260296270251274
train/correction_magnitude_ratio_middle: 0.013724868185818195
train/correction_magnitude_ratio_near: 0.026669753715395927
train/correction_optimal_scalar_far: 6.762810230255127
train/correction_optimal_scalar_mean: 6.2049078941345215
train/correction_optimal_scalar_middle: 9.059396743774414
train/correction_optimal_scalar_near: 2.792524576187134
train/correction_patch_beneficial_ratio: [0.43305161595344543, 0.4368327260017395, 0.4555160105228424, 0.4784252643585205, 0.47464412450790405, 0.48420819640159607, 0.5133451819419861, 0.5255783200263977, 0.5320284962654114, 0.5335854291915894, 0.5389235019683838, 0.5509341359138489, 0.5589413046836853, 0.5671707987785339, 0.5700622797012329, 0.5762900114059448, 0.5811832547187805, 0.5713967680931091, 0.5689501762390137, 0.5729537606239319, 0.5673932433128357, 0.563834547996521, 0.5600534081459045, 0.5649465918540955, 0.5720640420913696, 0.5700622797012329, 0.5587188601493835, 0.5504893064498901, 0.5487099885940552, 0.5533807873725891, 0.5442615747451782, 0.5358096361160278, 0.523798942565918, 0.523798942565918, 0.5204626321792603, 0.5166814923286438, 0.5149021148681641, 0.5120106935501099, 0.5140124559402466, 0.5133451819419861, 0.5135676264762878, 0.5064501762390137, 0.5055605173110962, 0.5062277317047119, 0.5055605173110962]
train/correction_patch_cosine: [-0.03305969387292862, -0.06180688738822937, -0.0401286818087101, -0.023178983479738235, -0.01910235919058323, -0.01506465207785368, 0.01178227923810482, 0.029284311458468437, 0.031877804547548294, 0.04241855442523956, 0.05525368079543114, 0.06459519267082214, 0.0665663406252861, 0.07267478853464127, 0.07532169669866562, 0.07847759127616882, 0.0806283950805664, 0.0795249417424202, 0.07540593296289444, 0.07543816417455673, 0.07445387542247772, 0.07390343397855759, 0.07469229400157928, 0.07867641746997833, 0.08249548822641373, 0.0795707181096077, 0.0757071003317833, 0.07263857871294022, 0.06804503500461578, 0.06401223689317703, 0.05976143479347229, 0.050609290599823, 0.04062624275684357, 0.04016410559415817, 0.03645317628979683, 0.03330620005726814, 0.029136914759874344, 0.029555806890130043, 0.02694658562541008, 0.024346671998500824, 0.023271452635526657, 0.0240325890481472, 0.0254353117197752, 0.030521413311362267, 0.03297136351466179]
train/correction_patch_magnitude_ratio: [0.06932448595762253, 0.04345923289656639, 0.03507600724697113, 0.0303592961281538, 0.027117110788822174, 0.024579642340540886, 0.022654347121715546, 0.02113271877169609, 0.020118096843361855, 0.019195910543203354, 0.01857408881187439, 0.018150078132748604, 0.0175118837505579, 0.01669049821794033, 0.016102910041809082, 0.015707917511463165, 0.015255682170391083, 0.014728001318871975, 0.014247619546949863, 0.014035256579518318, 0.013974878937005997, 0.01379557978361845, 0.013723365031182766, 0.01359319407492876, 0.013339386321604252, 0.013030868023633957, 0.01289975456893444, 0.012702667154371738, 0.012506050057709217, 0.0123327961191535, 0.012138377875089645, 0.012043891474604607, 0.012032773345708847, 0.011888287961483002, 0.01175533328205347, 0.011587378568947315, 0.011454518884420395, 0.011269769631326199, 0.01119200885295868, 0.01112891174852848, 0.011015385389328003, 0.010920063592493534, 0.01085346657782793, 0.010773644782602787, 0.010740183293819427]
train/correction_patch_optimal_scalar: [-0.6854411363601685, -1.1161274909973145, -0.12423481047153473, 0.7421818375587463, 0.7333078980445862, 0.46812498569488525, 1.3790678977966309, 2.3364405632019043, 2.250990867614746, 3.253842353820801, 4.954553127288818, 6.173304080963135, 6.505760192871094, 7.2157697677612305, 7.80035400390625, 8.105738639831543, 8.148872375488281, 8.265424728393555, 8.514549255371094, 8.814481735229492, 8.864325523376465, 9.382854461669922, 9.859040260314941, 9.673932075500488, 10.002700805664062, 10.102709770202637, 9.80574893951416, 9.406086921691895, 8.713982582092285, 8.230384826660156, 8.042221069335938, 7.159296035766602, 5.970049858093262, 6.268314838409424, 6.130308628082275, 5.975985527038574, 5.528684616088867, 5.879072189331055, 6.265871524810791, 6.297916412353516, 6.607776641845703, 7.07546329498291, 7.572473049163818, 8.164876937866211, 8.503808975219727]
[test]
test/correction_beneficial_ratio: 0.3617933690547943
test/correction_beneficial_ratio_far: 0.32163742184638977
test/correction_beneficial_ratio_middle: 0.3592314124107361
test/correction_beneficial_ratio_near: 0.4045112729072571
test/correction_cosine_far: -0.2295692414045334
test/correction_cosine_mean: -0.1646043062210083
test/correction_cosine_middle: -0.16979719698429108
test/correction_cosine_near: -0.09444636106491089
test/correction_magnitude_ratio_far: 0.0068240961991250515
test/correction_magnitude_ratio_mean: 0.013664044439792633
test/correction_magnitude_ratio_middle: 0.010325088165700436
test/correction_magnitude_ratio_near: 0.023842966184020042
test/correction_optimal_scalar_far: -52.784820556640625
test/correction_optimal_scalar_mean: -34.117000579833984
test/correction_optimal_scalar_middle: -36.40110778808594
test/correction_optimal_scalar_near: -13.165096282958984
test/correction_patch_beneficial_ratio: [0.4135338366031647, 0.4912280738353729, 0.5200501084327698, 0.5175438523292542, 0.5012531280517578, 0.44736841320991516, 0.42355889081954956, 0.38471177220344543, 0.35087719559669495, 0.3446115255355835, 0.3483709394931793, 0.3446115255355835, 0.32957392930984497, 0.3208020031452179, 0.32957392930984497, 0.35213032364845276, 0.37719297409057617, 0.3796992599964142, 0.37593984603881836, 0.3696741759777069, 0.359649121761322, 0.3671679198741913, 0.36340853571891785, 0.36215537786483765, 0.36090224981307983, 0.35087719559669495, 0.35087719559669495, 0.33959898352622986, 0.33709272742271423, 0.34210526943206787, 0.34210526943206787, 0.35338345170021057, 0.34085214138031006, 0.3345864713191986, 0.3308270573616028, 0.32581454515457153, 0.3245614171028137, 0.3195488750934601, 0.308270663022995, 0.30325815081596375, 0.31704261898994446, 0.30451127886772156, 0.30075186491012573, 0.3095238208770752, 0.3095238208770752]
test/correction_patch_cosine: [-0.032489098608493805, 0.0067010861821472645, 0.042841121554374695, 0.020641932263970375, -0.01151762530207634, -0.06216249614953995, -0.0861559808254242, -0.11086133867502213, -0.13947159051895142, -0.15192168951034546, -0.1628059595823288, -0.17663289606571198, -0.1816655993461609, -0.18946701288223267, -0.18172858655452728, -0.162227600812912, -0.1393609642982483, -0.13622845709323883, -0.1321457028388977, -0.1302226036787033, -0.14612552523612976, -0.15920831263065338, -0.17228691279888153, -0.18559712171554565, -0.19152501225471497, -0.19610057771205902, -0.194442018866539, -0.19735576212406158, -0.20343151688575745, -0.20069947838783264, -0.2042628675699234, -0.2072545886039734, -0.212876558303833, -0.20789720118045807, -0.20690356194972992, -0.2088344842195511, -0.2193184345960617, -0.23173591494560242, -0.23537777364253998, -0.23712223768234253, -0.2362513393163681, -0.2523883283138275, -0.2625819742679596, -0.26086822152137756, -0.2598669230937958]
test/correction_patch_magnitude_ratio: [0.062053851783275604, 0.040303874760866165, 0.032611291855573654, 0.02822660095989704, 0.02407057210803032, 0.021112482994794846, 0.019623596221208572, 0.018302172422409058, 0.01756155490875244, 0.01705843396484852, 0.016458680853247643, 0.01565198041498661, 0.015159142203629017, 0.014822090044617653, 0.014627989381551743, 0.013930058106780052, 0.012979372404515743, 0.012204437516629696, 0.011586409993469715, 0.011034039780497551, 0.010455561801791191, 0.010035199113190174, 0.009752413257956505, 0.009522415697574615, 0.009325843304395676, 0.009177426807582378, 0.008998964913189411, 0.008791321888566017, 0.008609636686742306, 0.008473234251141548, 0.00825631245970726, 0.007985257543623447, 0.00781792588531971, 0.007670752238482237, 0.007422539405524731, 0.007155132945626974, 0.006932584103196859, 0.006695829797536135, 0.006487420294433832, 0.006301996298134327, 0.006120922975242138, 0.005997007247060537, 0.005894975736737251, 0.005835916381329298, 0.0057868133299052715]
test/correction_patch_optimal_scalar: [-0.7840772867202759, -0.1332823634147644, 2.1464145183563232, 1.4328885078430176, -1.8305940628051758, -4.936686038970947, -7.257148742675781, -10.856812477111816, -15.46121883392334, -19.518634796142578, -22.714599609375, -26.288650512695312, -28.371767044067383, -30.94260597229004, -31.959794998168945, -31.357479095458984, -30.54325294494629, -31.156503677368164, -31.062057495117188, -30.9002685546875, -32.033538818359375, -33.13135528564453, -35.60885238647461, -38.26301956176758, -39.383888244628906, -39.894309997558594, -40.3406867980957, -41.74113464355469, -44.81596755981445, -45.78425979614258, -48.549415588378906, -49.66647720336914, -50.63735580444336, -50.828182220458984, -51.270572662353516, -51.36951446533203, -52.13663101196289, -53.85609436035156, -54.249752044677734, -53.40596008300781, -52.1185302734375, -55.276123046875, -57.205142974853516, -56.46541213989258, -54.73674392700195]
