[train]
train/correction_beneficial_ratio: 0.4833035469055176
train/correction_beneficial_ratio_far: 0.4842090606689453
train/correction_beneficial_ratio_middle: 0.4774950444698334
train/correction_beneficial_ratio_near: 0.48820650577545166
train/correction_cosine_far: -0.008463473990559578
train/correction_cosine_mean: -0.00779090216383338
train/correction_cosine_middle: -0.014384324662387371
train/correction_cosine_near: -0.0005249091191217303
train/correction_magnitude_ratio_far: 0.0189715214073658
train/correction_magnitude_ratio_mean: 0.024012083187699318
train/correction_magnitude_ratio_middle: 0.022881267592310905
train/correction_magnitude_ratio_near: 0.0301834549754858
train/correction_optimal_scalar_far: -0.7535081505775452
train/correction_optimal_scalar_mean: -0.3128117024898529
train/correction_optimal_scalar_middle: 0.003172508906573057
train/correction_optimal_scalar_near: -0.18810342252254486
train/correction_patch_beneficial_ratio: [0.46086904406547546, 0.5129948258399963, 0.5181517004966736, 0.4959418773651123, 0.4875032901763916, 0.47250139713287354, 0.4694834351539612, 0.4718274772167206, 0.4817017912864685, 0.46567434072494507, 0.46924903988838196, 0.46649476885795593, 0.48946642875671387, 0.4980515241622925, 0.48721030354499817, 0.4771308898925781, 0.4877670109272003, 0.4826686978340149, 0.4860675632953644, 0.48214128613471985, 0.4864777624607086]
train/correction_patch_cosine: [-0.021749990060925484, 0.022394508123397827, 0.02844729833304882, 0.008386936038732529, -0.0054213968105614185, -0.01597786881029606, -0.019753923639655113, -0.020856555551290512, -0.016878731548786163, -0.028573499992489815, -0.021388661116361618, -0.021952807903289795, -0.0019321510335430503, 0.010892235673964024, -0.005569107830524445, -0.014472827315330505, -0.005736254621297121, -0.005002498161047697, -0.006560256239026785, -0.01115323230624199, -0.010750124230980873]
train/correction_patch_magnitude_ratio: [0.044412627816200256, 0.03145546093583107, 0.029728224501013756, 0.028424911201000214, 0.026466187089681625, 0.02622898668050766, 0.024567890912294388, 0.02362430840730667, 0.023805642500519753, 0.023607054725289345, 0.023409193381667137, 0.023766541853547096, 0.021611234173178673, 0.02034485898911953, 0.019595876336097717, 0.019153717905282974, 0.019290145486593246, 0.019761282950639725, 0.01888672076165676, 0.018080037087202072, 0.01803283952176571]
train/correction_patch_optimal_scalar: [0.36984899640083313, 2.004103899002075, 0.3927806615829468, -0.8167941570281982, -0.9831677079200745, -0.964881956577301, -1.318602204322815, -0.7915109395980835, -0.7211031913757324, -1.9286044836044312, -0.8305112719535828, -0.11157940328121185, 1.3236196041107178, 3.0819005966186523, -0.19058866798877716, -2.971785306930542, -0.8923859000205994, -0.14895649254322052, -0.5106785893440247, 0.41782909631729126, -0.9779792428016663]
[test]
test/correction_beneficial_ratio: 0.4790514409542084
test/correction_beneficial_ratio_far: 0.4939395785331726
test/correction_beneficial_ratio_middle: 0.4890861511230469
test/correction_beneficial_ratio_near: 0.454128623008728
test/correction_cosine_far: 0.0011872181203216314
test/correction_cosine_mean: -0.013732301071286201
test/correction_cosine_middle: -0.0018024060409516096
test/correction_cosine_near: -0.040581732988357544
test/correction_magnitude_ratio_far: 0.016911309212446213
test/correction_magnitude_ratio_mean: 0.019927339628338814
test/correction_magnitude_ratio_middle: 0.018993232399225235
test/correction_magnitude_ratio_near: 0.023877505213022232
test/correction_optimal_scalar_far: -0.9137985706329346
test/correction_optimal_scalar_mean: -0.8130258321762085
test/correction_optimal_scalar_middle: 1.3224378824234009
test/correction_optimal_scalar_near: -2.8477139472961426
test/correction_patch_beneficial_ratio: [0.42735806107521057, 0.47259724140167236, 0.4702726900577545, 0.45346444845199585, 0.44613322615623474, 0.4551631510257721, 0.4539114832878113, 0.46884220838546753, 0.4836834967136383, 0.4735806882381439, 0.491193562746048, 0.5004023313522339, 0.5029056668281555, 0.5029950737953186, 0.4891372323036194, 0.48207420110702515, 0.5013858079910278, 0.5025480389595032, 0.4903889000415802, 0.49530622363090515, 0.49673670530319214]
test/correction_patch_cosine: [-0.057987846434116364, -0.02901621162891388, -0.025043748319149017, -0.04565698280930519, -0.053065769374370575, -0.04126061126589775, -0.03204108774662018, -0.01765180565416813, -0.009957154281437397, -0.015561623498797417, 0.000900052604265511, 0.009460137225687504, 0.009797599166631699, 0.010396070778369904, -0.0017120768316090107, -0.010733440518379211, 0.011120936833322048, 0.009186847135424614, -0.005849751643836498, -0.0027235501911491156, 0.009021703153848648]
test/correction_patch_magnitude_ratio: [0.03420960158109665, 0.023495160043239594, 0.022929372265934944, 0.022492296993732452, 0.021296175196766853, 0.022086048498749733, 0.020633744075894356, 0.018898921087384224, 0.01909991353750229, 0.01965862140059471, 0.019719231873750687, 0.020176751539111137, 0.01834767498075962, 0.01705142669379711, 0.016658643260598183, 0.016846198588609695, 0.017479432746767998, 0.01801484264433384, 0.01705319806933403, 0.01602800376713276, 0.016298877075314522]
test/correction_patch_optimal_scalar: [-0.9454010128974915, -1.086949110031128, -5.065723896026611, -7.801781177520752, -4.295105934143066, -1.803862452507019, 1.0647763013839722, 2.499542474746704, -1.1518832445144653, -1.6298383474349976, 1.7280277013778687, 1.6781377792358398, 2.887360095977783, 3.245737075805664, -1.516788363456726, -3.6622977256774902, 1.8635400533676147, 0.3129981756210327, -0.554321825504303, 0.1622791737318039, -3.001988172531128]
