[train]
train/correction_beneficial_ratio: 0.4774492681026459
train/correction_beneficial_ratio_far: 0.48138174414634705
train/correction_beneficial_ratio_middle: 0.4894906282424927
train/correction_beneficial_ratio_near: 0.4614754021167755
train/correction_cosine_far: -0.07908108085393906
train/correction_cosine_mean: -0.05366431176662445
train/correction_cosine_middle: -0.03358288109302521
train/correction_cosine_near: -0.04832937940955162
train/correction_magnitude_ratio_far: 0.011092791333794594
train/correction_magnitude_ratio_mean: 0.018650058656930923
train/correction_magnitude_ratio_middle: 0.015471254475414753
train/correction_magnitude_ratio_near: 0.029386145994067192
train/correction_optimal_scalar_far: -9.3248872756958
train/correction_optimal_scalar_mean: -3.857797861099243
train/correction_optimal_scalar_middle: -0.5148309469223022
train/correction_optimal_scalar_near: -1.7336561679840088
train/correction_patch_beneficial_ratio: [0.4059426188468933, 0.4688524603843689, 0.4852459132671356, 0.4782786965370178, 0.46331965923309326, 0.45778688788414, 0.47090163826942444, 0.5088114738464355, 0.5036885142326355, 0.4963114857673645, 0.4831967353820801, 0.47745901346206665, 0.47745901346206665, 0.4795081913471222, 0.4866803288459778, 0.4893442690372467, 0.4856557250022888, 0.4799180328845978, 0.4825819730758667, 0.4752049148082733, 0.47028687596321106]
train/correction_patch_cosine: [-0.09873801469802856, -0.04606340825557709, -0.02363591454923153, -0.036979567259550095, -0.04518673196434975, -0.04529021680355072, -0.042411282658576965, -0.018569346517324448, -0.013555849902331829, -0.021723398938775063, -0.026515712961554527, -0.03730558976531029, -0.05480600520968437, -0.06260386109352112, -0.06655554473400116, -0.06955133378505707, -0.07620874047279358, -0.08081869781017303, -0.08245392143726349, -0.08593488484621048, -0.09204259514808655]
train/correction_patch_magnitude_ratio: [0.05302559956908226, 0.03551303222775459, 0.0293735284358263, 0.025565162301063538, 0.02269817143678665, 0.020556870847940445, 0.01897052675485611, 0.018063727766275406, 0.017186127603054047, 0.016150034964084625, 0.01541119534522295, 0.01465363148599863, 0.013788013719022274, 0.013046059757471085, 0.012434945441782475, 0.011939004994928837, 0.011380491778254509, 0.01090939436107874, 0.010606154799461365, 0.010336684063076973, 0.010042858310043812]
train/correction_patch_optimal_scalar: [-1.8828428983688354, -1.4811599254608154, -1.0680277347564697, -2.115809917449951, -2.06292462348938, -1.8103243112564087, -1.7145509719848633, 0.07039264589548111, 1.0292164087295532, 0.8557270765304565, 0.5790824294090271, -0.22319476306438446, -2.0419633388519287, -3.873044490814209, -5.644946098327637, -6.715044021606445, -8.080360412597656, -9.250907897949219, -10.253790855407715, -11.620662689208984, -13.708609580993652]
[test]
test/correction_beneficial_ratio: 0.6930142641067505
test/correction_beneficial_ratio_far: 0.6990572810173035
test/correction_beneficial_ratio_middle: 0.7202078700065613
test/correction_beneficial_ratio_near: 0.6597776412963867
test/correction_cosine_far: 0.379769504070282
test/correction_cosine_mean: 0.3050154745578766
test/correction_cosine_middle: 0.32507556676864624
test/correction_cosine_near: 0.21020112931728363
test/correction_magnitude_ratio_far: 0.009563278406858444
test/correction_magnitude_ratio_mean: 0.015667885541915894
test/correction_magnitude_ratio_middle: 0.013049791567027569
test/correction_magnitude_ratio_near: 0.02439059130847454
test/correction_optimal_scalar_far: 63.12041473388672
test/correction_optimal_scalar_mean: 42.5772705078125
test/correction_optimal_scalar_middle: 45.607784271240234
test/correction_optimal_scalar_near: 19.003583908081055
test/correction_patch_beneficial_ratio: [0.5795262455940247, 0.6108291149139404, 0.6844331622123718, 0.6607444882392883, 0.6692047119140625, 0.7013536095619202, 0.71235191822052, 0.7258883118629456, 0.7478849291801453, 0.7529610991477966, 0.7360405921936035, 0.6937394142150879, 0.6903553009033203, 0.6945854425430298, 0.6937394142150879, 0.6903553009033203, 0.6759729385375977, 0.6768189668655396, 0.6912013292312622, 0.7292724251747131, 0.7360405921936035]
test/correction_patch_cosine: [0.1159333735704422, 0.18437114357948303, 0.23255501687526703, 0.21408423781394958, 0.21735966205596924, 0.24115777015686035, 0.26594704389572144, 0.2970186471939087, 0.32002943754196167, 0.328147828578949, 0.3296225965023041, 0.3297789990901947, 0.3297554552555084, 0.3411750793457031, 0.3569853901863098, 0.37029531598091125, 0.3750622868537903, 0.3791927695274353, 0.3825851380825043, 0.39370882511138916, 0.4005589783191681]
test/correction_patch_magnitude_ratio: [0.04485916346311569, 0.02990286983549595, 0.024041797965765, 0.020217230543494225, 0.018466545268893242, 0.017104381695389748, 0.016142085194587708, 0.015239502303302288, 0.014356211759150028, 0.013519872911274433, 0.012843288481235504, 0.012273803353309631, 0.011758901178836823, 0.011356926523149014, 0.010917301289737225, 0.010438872501254082, 0.009932194836437702, 0.009492013603448868, 0.009084328077733517, 0.008747795596718788, 0.008330505341291428]
test/correction_patch_optimal_scalar: [3.648582935333252, 9.710305213928223, 15.9382963180542, 19.83036231994629, 24.238052368164062, 27.95793914794922, 31.701509475708008, 35.56706619262695, 39.521644592285156, 42.48004150390625, 45.84748458862305, 49.57154083251953, 52.16193389892578, 54.10503005981445, 56.463077545166016, 59.111087799072266, 61.4842643737793, 62.861358642578125, 64.35445404052734, 67.02105712890625, 70.5475845336914]
