[train]
train/correction_beneficial_ratio: 0.5599644184112549
train/correction_beneficial_ratio_far: 0.5673932433128357
train/correction_beneficial_ratio_middle: 0.5889828205108643
train/correction_beneficial_ratio_near: 0.5235171914100647
train/correction_cosine_far: 0.1072784885764122
train/correction_cosine_mean: 0.08547209948301315
train/correction_cosine_middle: 0.10687090456485748
train/correction_cosine_near: 0.04226689040660858
train/correction_magnitude_ratio_far: 0.008911083452403545
train/correction_magnitude_ratio_mean: 0.014262629672884941
train/correction_magnitude_ratio_middle: 0.011498654261231422
train/correction_magnitude_ratio_near: 0.02237814851105213
train/correction_optimal_scalar_far: 21.110275268554688
train/correction_optimal_scalar_mean: 14.235212326049805
train/correction_optimal_scalar_middle: 16.173168182373047
train/correction_optimal_scalar_near: 5.422190189361572
train/correction_patch_beneficial_ratio: [0.4650800824165344, 0.48576512932777405, 0.4964412748813629, 0.503113865852356, 0.4931049942970276, 0.4922153055667877, 0.516459047794342, 0.5302491188049316, 0.5344750881195068, 0.5458185076713562, 0.5469306111335754, 0.5478202700614929, 0.5544928908348083, 0.5682829022407532, 0.5725088715553284, 0.5785142183303833, 0.5829626321792603, 0.5898576378822327, 0.5954181551933289, 0.6003113985061646, 0.5974199175834656, 0.5940836071968079, 0.5880783200263977, 0.5985320210456848, 0.5949733257293701, 0.5820729732513428, 0.5725088715553284, 0.5858541131019592, 0.5900800824165344, 0.5840747356414795, 0.5733985900878906, 0.5751779079437256, 0.584964394569397, 0.5827401876449585, 0.5791814923286438, 0.5840747356414795, 0.5742882490158081, 0.5560498237609863, 0.5571619272232056, 0.5658363103866577, 0.5573843121528625, 0.5498220920562744, 0.558051586151123, 0.5584964156150818, 0.5542704463005066]
train/correction_patch_cosine: [-0.019242063164711, -0.006135931238532066, -0.001082114060409367, 0.0045159729197621346, 0.008825412020087242, 0.010935736820101738, 0.03291018679738045, 0.04565764218568802, 0.05424950644373894, 0.06318094581365585, 0.07092559337615967, 0.07897140830755234, 0.08976656943559647, 0.0970115140080452, 0.1035129502415657, 0.10731616616249084, 0.10831645876169205, 0.10633465647697449, 0.11059150844812393, 0.11292092502117157, 0.10837631672620773, 0.1021285280585289, 0.09842352569103241, 0.10128810256719589, 0.10186276584863663, 0.09931719303131104, 0.10534155368804932, 0.11204177141189575, 0.11518365889787674, 0.11361981928348541, 0.10943791270256042, 0.11214714497327805, 0.11146446317434311, 0.11203408986330032, 0.11196506023406982, 0.10867170989513397, 0.1077079251408577, 0.10722743719816208, 0.10790622979402542, 0.10765378177165985, 0.10494772344827652, 0.10263533890247345, 0.10217073559761047, 0.10203837603330612, 0.10117015987634659]
train/correction_patch_magnitude_ratio: [0.05146803334355354, 0.03616136685013771, 0.030032480135560036, 0.026556527242064476, 0.024250298738479614, 0.022051211446523666, 0.020175358280539513, 0.018540024757385254, 0.0174090713262558, 0.01631786674261093, 0.015508011914789677, 0.015070448629558086, 0.014586502686142921, 0.01398612279444933, 0.013558892533183098, 0.013254179619252682, 0.013015714474022388, 0.01263620238751173, 0.012309921905398369, 0.012007258832454681, 0.011918524280190468, 0.01170837040990591, 0.011511312797665596, 0.011233478784561157, 0.01090018730610609, 0.010648229159414768, 0.010455594398081303, 0.010387158021330833, 0.010298903100192547, 0.010194812901318073, 0.010083366185426712, 0.009959780611097813, 0.00978357344865799, 0.009560533799231052, 0.009455983527004719, 0.009413326159119606, 0.009260730817914009, 0.009046892635524273, 0.008778998628258705, 0.008474159985780716, 0.008227906189858913, 0.00807693600654602, 0.007916931994259357, 0.007837454788386822, 0.007789672818034887]
train/correction_patch_optimal_scalar: [0.27363941073417664, 1.2233772277832031, 1.4886456727981567, 1.3770616054534912, 1.891548991203308, 2.585197925567627, 3.7789316177368164, 4.862063407897949, 5.917348384857178, 6.637848377227783, 8.275859832763672, 9.224360466003418, 10.333625793457031, 11.095396041870117, 12.367959022521973, 12.891548156738281, 13.381689071655273, 13.7291841506958, 14.468554496765137, 15.105441093444824, 15.305499076843262, 15.097582817077637, 15.547342300415039, 16.180143356323242, 16.331470489501953, 16.772207260131836, 18.38581657409668, 19.192747116088867, 19.98894500732422, 20.2193546295166, 20.167667388916016, 20.844430923461914, 20.628942489624023, 20.784181594848633, 20.862571716308594, 20.497234344482422, 20.223350524902344, 20.386768341064453, 21.31682014465332, 21.776317596435547, 21.70369529724121, 21.883930206298828, 22.083860397338867, 21.600976943969727, 21.893367767333984]
[test]
test/correction_beneficial_ratio: 0.3665831387042999
test/correction_beneficial_ratio_far: 0.345948189496994
test/correction_beneficial_ratio_middle: 0.37819549441337585
test/correction_beneficial_ratio_near: 0.37560567259788513
test/correction_cosine_far: -0.24417917430400848
test/correction_cosine_mean: -0.1831386536359787
test/correction_cosine_middle: -0.18591536581516266
test/correction_cosine_near: -0.1193213164806366
test/correction_magnitude_ratio_far: 0.005467623006552458
test/correction_magnitude_ratio_mean: 0.010780375450849533
test/correction_magnitude_ratio_middle: 0.008259749971330166
test/correction_magnitude_ratio_near: 0.01861375756561756
test/correction_optimal_scalar_far: -62.50356674194336
test/correction_optimal_scalar_mean: -36.4151496887207
test/correction_optimal_scalar_middle: -36.943260192871094
test/correction_optimal_scalar_near: -9.798584938049316
test/correction_patch_beneficial_ratio: [0.39849624037742615, 0.40852129459381104, 0.378446102142334, 0.34962406754493713, 0.3558897376060486, 0.3684210479259491, 0.3922305703163147, 0.3909774422645569, 0.359649121761322, 0.3546365797519684, 0.3558897376060486, 0.35213032364845276, 0.3583959937095642, 0.3947368562221527, 0.4160400927066803, 0.4260651767253876, 0.4135338366031647, 0.4060150384902954, 0.39849624037742615, 0.38721805810928345, 0.3959899842739105, 0.3897243142127991, 0.3796992599964142, 0.3709273040294647, 0.3696741759777069, 0.3709273040294647, 0.36466166377067566, 0.33959898352622986, 0.33709272742271423, 0.3233082592487335, 0.32581454515457153, 0.3120300769805908, 0.3220551311969757, 0.3333333432674408, 0.35087719559669495, 0.35338345170021057, 0.35087719559669495, 0.3583959937095642, 0.3571428656578064, 0.3558897376060486, 0.35338345170021057, 0.34962406754493713, 0.34210526943206787, 0.36090224981307983, 0.36340853571891785]
test/correction_patch_cosine: [-0.07046664506196976, -0.061460815370082855, -0.08141101151704788, -0.1352112591266632, -0.14090828597545624, -0.12277862429618835, -0.10219337046146393, -0.10036418586969376, -0.1173572838306427, -0.1342889368534088, -0.142091304063797, -0.15495836734771729, -0.1575516015291214, -0.14106829464435577, -0.127710223197937, -0.11710577458143234, -0.12558430433273315, -0.13601072132587433, -0.14789585769176483, -0.15109150111675262, -0.15751270949840546, -0.16510437428951263, -0.18415601551532745, -0.2037392556667328, -0.21662653982639313, -0.21924112737178802, -0.23122048377990723, -0.24250170588493347, -0.244170680642128, -0.24676978588104248, -0.2554793655872345, -0.26180461049079895, -0.2549896538257599, -0.2451821267604828, -0.24033071100711823, -0.24045459926128387, -0.2361728549003601, -0.23967136442661285, -0.23864640295505524, -0.2390911877155304, -0.24060499668121338, -0.2458910495042801, -0.24744608998298645, -0.24283699691295624, -0.23408594727516174]
test/correction_patch_magnitude_ratio: [0.050067245960235596, 0.03287478908896446, 0.024570012465119362, 0.02065400592982769, 0.018515536561608315, 0.016376476734876633, 0.01522479485720396, 0.014091075398027897, 0.013670368120074272, 0.013535263016819954, 0.01313483901321888, 0.012420548126101494, 0.011687401682138443, 0.0113220838829875, 0.011061934754252434, 0.010763502679765224, 0.010375496931374073, 0.009767761453986168, 0.009242067113518715, 0.008827060461044312, 0.008503886871039867, 0.008218053728342056, 0.007924756035208702, 0.007622806821018457, 0.007411121390759945, 0.007203435525298119, 0.007092602085322142, 0.007019928656518459, 0.0069870976731181145, 0.006936643272638321, 0.006829491350799799, 0.0066017876379191875, 0.0064276112243533134, 0.006233647465705872, 0.006005778908729553, 0.005775462836027145, 0.005622715689241886, 0.005416559521108866, 0.0051495530642569065, 0.0049796756356954575, 0.004861921072006226, 0.004714468959718943, 0.004572342615574598, 0.0044477591291069984, 0.004375532269477844]
test/correction_patch_optimal_scalar: [-2.210252285003662, -3.7785871028900146, -3.4204843044281006, -7.6876444816589355, -10.117963790893555, -9.671563148498535, -7.442588806152344, -5.9977006912231445, -8.3076171875, -10.459888458251953, -12.925764083862305, -15.366133689880371, -17.426393508911133, -15.690958023071289, -16.475250244140625, -19.753921508789062, -22.855892181396484, -21.575841903686523, -24.546043395996094, -27.67801856994629, -30.484722137451172, -33.858543395996094, -38.3541374206543, -42.15515899658203, -43.41355895996094, -44.278011322021484, -48.55302810668945, -50.79471969604492, -51.626861572265625, -54.220638275146484, -57.62947082519531, -58.198753356933594, -55.42764663696289, -56.94891357421875, -56.73341369628906, -57.63691329956055, -59.07050704956055, -62.2567024230957, -62.89533233642578, -62.94550704956055, -65.77184295654297, -70.00926971435547, -71.81166076660156, -71.36207580566406, -68.85586547851562]
