[train]
train/correction_beneficial_ratio: 0.6130239367485046
train/correction_beneficial_ratio_far: 0.6276987195014954
train/correction_beneficial_ratio_middle: 0.642052173614502
train/correction_beneficial_ratio_near: 0.5693208575248718
train/correction_cosine_far: 0.13278599083423615
train/correction_cosine_mean: 0.1289943903684616
train/correction_cosine_middle: 0.16056619584560394
train/correction_cosine_near: 0.09363102912902832
train/correction_magnitude_ratio_far: 0.016312092542648315
train/correction_magnitude_ratio_mean: 0.031596723943948746
train/correction_magnitude_ratio_middle: 0.022969115525484085
train/correction_magnitude_ratio_near: 0.05550891533493996
train/correction_optimal_scalar_far: 11.467562675476074
train/correction_optimal_scalar_mean: 8.601240158081055
train/correction_optimal_scalar_middle: 10.483720779418945
train/correction_optimal_scalar_near: 3.852430582046509
train/correction_patch_beneficial_ratio: [0.4839857518672943, 0.4681939482688904, 0.5011121034622192, 0.5369216799736023, 0.538478672504425, 0.5616103410720825, 0.5707295536994934, 0.5811832547187805, 0.5880783200263977, 0.5874110460281372, 0.5980871915817261, 0.6096529960632324, 0.6307829022407532, 0.6403470039367676, 0.6432384252548218, 0.6505783200263977, 0.6483541131019592, 0.6576957106590271, 0.6510231494903564, 0.6554715037345886, 0.666592538356781, 0.6412366628646851, 0.6325622797012329, 0.6305605173110962, 0.6321174502372742, 0.6327847242355347, 0.6352313160896301, 0.6365658640861511, 0.6332295536994934, 0.6267793774604797, 0.6232206225395203, 0.6276690363883972, 0.625, 0.6232206225395203, 0.6336743831634521, 0.6292259693145752, 0.6341192126274109, 0.6396797299385071, 0.642793595790863, 0.6385676264762878, 0.6276690363883972, 0.6189946532249451, 0.6169928908348083, 0.6196619272232056, 0.6149911284446716]
train/correction_patch_cosine: [0.028568359091877937, 0.010514684021472931, 0.02566838078200817, 0.046291474252939224, 0.06288868933916092, 0.0853569358587265, 0.10681647807359695, 0.11209888756275177, 0.11606358736753464, 0.11902923882007599, 0.1254015415906906, 0.1324259489774704, 0.14051200449466705, 0.14352616667747498, 0.14930251240730286, 0.15326687693595886, 0.1619052290916443, 0.16434308886528015, 0.16134388744831085, 0.1640039086341858, 0.16580884158611298, 0.16420988738536835, 0.16439858078956604, 0.16223643720149994, 0.16133511066436768, 0.15787853300571442, 0.15927845239639282, 0.16039802134037018, 0.15672999620437622, 0.15135551989078522, 0.14571784436702728, 0.1450522243976593, 0.1438419222831726, 0.14009685814380646, 0.1393153816461563, 0.13317209482192993, 0.1293627917766571, 0.13069432973861694, 0.13221411406993866, 0.1313249170780182, 0.12640564143657684, 0.12223444133996964, 0.12243090569972992, 0.12385575473308563, 0.1260709911584854]
train/correction_patch_magnitude_ratio: [0.14562848210334778, 0.09560692310333252, 0.07739408314228058, 0.06661729514598846, 0.058744776993989944, 0.051966920495033264, 0.04684388265013695, 0.04353904724121094, 0.040725864470005035, 0.038200464099645615, 0.03627515956759453, 0.03495464473962784, 0.033530931919813156, 0.03198438882827759, 0.030621321871876717, 0.029107267037034035, 0.02739061415195465, 0.02582363225519657, 0.02474229224026203, 0.02406192198395729, 0.023501627147197723, 0.02321425825357437, 0.022839196026325226, 0.022412389516830444, 0.02169215679168701, 0.021074609830975533, 0.020523596554994583, 0.01993756741285324, 0.01932624727487564, 0.018889589235186577, 0.018530912697315216, 0.018121300265192986, 0.017851077020168304, 0.017568502575159073, 0.017198877409100533, 0.016810379922389984, 0.01646784134209156, 0.016165709123015404, 0.015839064493775368, 0.015563289634883404, 0.01532217301428318, 0.015085061080753803, 0.014859232120215893, 0.014710137620568275, 0.014587885700166225]
train/correction_patch_optimal_scalar: [0.5119625329971313, 0.7314882278442383, 1.148979663848877, 1.5215057134628296, 2.012101173400879, 2.575221061706543, 3.254193067550659, 3.768622398376465, 4.270744800567627, 4.92397928237915, 5.6924967765808105, 6.1487555503845215, 6.694350242614746, 7.069290637969971, 7.462766170501709, 7.964073181152344, 8.703731536865234, 9.060895919799805, 9.201125144958496, 9.70601749420166, 10.369994163513184, 10.643030166625977, 10.889801025390625, 10.97209644317627, 11.392324447631836, 11.552532196044922, 11.755870819091797, 11.868529319763184, 11.72879695892334, 11.446944236755371, 11.162639617919922, 11.244311332702637, 11.313794136047363, 11.326074600219727, 11.259580612182617, 10.807866096496582, 10.626487731933594, 10.80107307434082, 11.194589614868164, 11.437914848327637, 11.426066398620605, 11.671207427978516, 12.282636642456055, 12.597031593322754, 12.862303733825684]
[test]
test/correction_beneficial_ratio: 0.5131161212921143
test/correction_beneficial_ratio_far: 0.5355054140090942
test/correction_beneficial_ratio_middle: 0.49390143156051636
test/correction_beneficial_ratio_near: 0.5099415183067322
test/correction_cosine_far: 0.03931346908211708
test/correction_cosine_mean: 0.03021935001015663
test/correction_cosine_middle: 0.01264848094433546
test/correction_cosine_near: 0.03869606927037239
test/correction_magnitude_ratio_far: 0.012799413874745369
test/correction_magnitude_ratio_mean: 0.027575882151722908
test/correction_magnitude_ratio_middle: 0.020352892577648163
test/correction_magnitude_ratio_near: 0.04957536607980728
test/correction_optimal_scalar_far: -8.059355735778809
test/correction_optimal_scalar_mean: -4.676124572753906
test/correction_optimal_scalar_middle: -5.487466812133789
test/correction_optimal_scalar_near: -0.4815448522567749
test/correction_patch_beneficial_ratio: [0.5451127886772156, 0.5751879811286926, 0.5964912176132202, 0.5776942372322083, 0.5739348530769348, 0.5413534045219421, 0.5601503849029541, 0.4899749457836151, 0.44486215710639954, 0.45614033937454224, 0.451127827167511, 0.4862155318260193, 0.4636591374874115, 0.451127827167511, 0.43609023094177246, 0.4862155318260193, 0.5225563645362854, 0.5338345766067505, 0.5150375962257385, 0.5100250840187073, 0.4987468719482422, 0.48120301961898804, 0.46867167949676514, 0.46992480754852295, 0.4774436056613922, 0.47869673371315, 0.4774436056613922, 0.4862155318260193, 0.5012531280517578, 0.5012531280517578, 0.5, 0.5250626802444458, 0.5476190447807312, 0.5438596606254578, 0.5338345766067505, 0.5388470888137817, 0.5250626802444458, 0.5250626802444458, 0.5463659167289734, 0.5426065325737, 0.5363408327102661, 0.5413534045219421, 0.5350877046585083, 0.5426065325737, 0.548872172832489]
test/correction_patch_cosine: [0.07986465841531754, 0.10346335917711258, 0.12918004393577576, 0.12363777309656143, 0.12006556987762451, 0.09956352412700653, 0.07266612350940704, 0.034825146198272705, 0.0028144835960119963, -0.007214412558823824, -0.01963026635348797, -0.04085515812039375, -0.049222152680158615, -0.0456509031355381, -0.023066461086273193, 0.0027241837233304977, 0.021832754835486412, 0.03589089959859848, 0.03700507432222366, 0.040018316358327866, 0.035814449191093445, 0.018817752599716187, -0.0019412065157666802, -0.012456979602575302, -0.003966194111853838, -0.008566792123019695, -0.0034280254039913416, 0.004529697820544243, 0.009588107466697693, 0.013865223154425621, 0.016636434942483902, 0.022763418033719063, 0.02658129297196865, 0.03440818563103676, 0.03634524345397949, 0.042246587574481964, 0.045557718724012375, 0.04608045890927315, 0.0441804900765419, 0.04414979740977287, 0.0451836884021759, 0.04020395874977112, 0.043514762073755264, 0.0490337498486042, 0.05281638726592064]
test/correction_patch_magnitude_ratio: [0.13046814501285553, 0.08629625290632248, 0.06879445910453796, 0.05824851989746094, 0.050547003746032715, 0.043802518397569656, 0.04088393598794937, 0.03843601420521736, 0.03664909303188324, 0.03484562784433365, 0.033324647694826126, 0.03184172138571739, 0.030569205060601234, 0.029701976105570793, 0.02922074683010578, 0.027909183874726295, 0.02603030577301979, 0.024137772619724274, 0.022764667868614197, 0.021512489765882492, 0.020483022555708885, 0.019803598523139954, 0.01933465525507927, 0.018790997564792633, 0.018261179327964783, 0.017897099256515503, 0.017560405656695366, 0.01729414612054825, 0.01694023795425892, 0.016573894768953323, 0.016105420887470245, 0.015570751391351223, 0.015166299417614937, 0.014886856079101562, 0.014231379143893719, 0.013605061918497086, 0.012992273084819317, 0.01244824007153511, 0.011975795961916447, 0.011555786244571209, 0.01118053961545229, 0.010871600359678268, 0.010631502605974674, 0.010481457225978374, 0.01028827391564846]
test/correction_patch_optimal_scalar: [0.6726042032241821, 1.2786060571670532, 1.8680998086929321, 1.7882808446884155, 2.1735687255859375, 2.3174190521240234, 2.358635902404785, 1.6585266590118408, 0.5768884420394897, -0.8105136156082153, -2.099222183227539, -3.723936080932617, -4.51305627822876, -5.449333190917969, -5.319753170013428, -5.155193328857422, -4.688978672027588, -3.8271613121032715, -3.2591519355773926, -2.897904634475708, -3.203230619430542, -3.8256595134735107, -5.107859134674072, -5.7749247550964355, -5.301214694976807, -6.194984436035156, -6.713061332702637, -7.863128185272217, -8.868122100830078, -9.631447792053223, -10.537152290344238, -10.902165412902832, -10.898661613464355, -10.482671737670898, -10.143311500549316, -9.373745918273926, -8.474321365356445, -7.812211036682129, -7.857778549194336, -7.475011825561523, -6.893712043762207, -7.005788803100586, -5.900645732879639, -4.155697822570801, -2.977529287338257]
