[train]
train/correction_beneficial_ratio: 0.6326257586479187
train/correction_beneficial_ratio_far: 0.6315543055534363
train/correction_beneficial_ratio_middle: 0.6320481896400452
train/correction_beneficial_ratio_near: 0.6342747211456299
train/correction_cosine_far: 0.17600132524967194
train/correction_cosine_mean: 0.17526322603225708
train/correction_cosine_middle: 0.17174215614795685
train/correction_cosine_near: 0.17804613709449768
train/correction_magnitude_ratio_far: 0.08772695064544678
train/correction_magnitude_ratio_mean: 0.09383222460746765
train/correction_magnitude_ratio_middle: 0.09134192764759064
train/correction_magnitude_ratio_near: 0.10242777317762375
train/correction_optimal_scalar_far: 3.660011053085327
train/correction_optimal_scalar_mean: 3.35420560836792
train/correction_optimal_scalar_middle: 3.4414262771606445
train/correction_optimal_scalar_near: 2.9611785411834717
train/correction_patch_beneficial_ratio: [0.6447177529335022, 0.6519484519958496, 0.635442316532135, 0.6307304501533508, 0.6382575035095215, 0.6523040533065796, 0.6379908323287964, 0.6210697889328003, 0.6089198589324951, 0.6055119037628174, 0.6124759316444397, 0.6366869211196899, 0.6497555375099182, 0.6507037878036499, 0.6376055479049683, 0.635442316532135, 0.641013503074646, 0.655030369758606, 0.6489850282669067, 0.6324196457862854, 0.6171581149101257, 0.6114979982376099, 0.6188768744468689, 0.6363905668258667, 0.6405689716339111, 0.6353237628936768, 0.6209216117858887, 0.615913450717926, 0.6271151304244995, 0.644065797328949, 0.6512964963912964, 0.6381686329841614, 0.6224921941757202, 0.6143428683280945, 0.6228774785995483, 0.6360645890235901, 0.6421395540237427, 0.6339012980461121, 0.6192028522491455, 0.6119128465652466, 0.6212475895881653, 0.6387909054756165, 0.6490739583969116, 0.6437694430351257, 0.6280337572097778]
train/correction_patch_cosine: [0.2019207775592804, 0.2041214108467102, 0.18471050262451172, 0.17860479652881622, 0.18745137751102448, 0.20024889707565308, 0.18272124230861664, 0.15650588274002075, 0.14408668875694275, 0.13754813373088837, 0.14679037034511566, 0.18034474551677704, 0.19712798297405243, 0.190110445022583, 0.17839902639389038, 0.17376278340816498, 0.18198062479496002, 0.19585302472114563, 0.1874002367258072, 0.16298331320285797, 0.1509043127298355, 0.14589740335941315, 0.15643425285816193, 0.18144913017749786, 0.18894968926906586, 0.17852048575878143, 0.1640206277370453, 0.15603135526180267, 0.16631269454956055, 0.18563280999660492, 0.19237522780895233, 0.17866849899291992, 0.16398926079273224, 0.15775471925735474, 0.16534292697906494, 0.18454521894454956, 0.19064849615097046, 0.17708469927310944, 0.1645050346851349, 0.15658241510391235, 0.16567334532737732, 0.18960370123386383, 0.19847173988819122, 0.1853645294904709, 0.1694098562002182]
train/correction_patch_magnitude_ratio: [0.11915970593690872, 0.1090809777379036, 0.10674799233675003, 0.10530002415180206, 0.10314011573791504, 0.10280154645442963, 0.10292274504899979, 0.1025012955069542, 0.10153182595968246, 0.10098813474178314, 0.10035424679517746, 0.09867257624864578, 0.0957799106836319, 0.09407882392406464, 0.0933571457862854, 0.09313233196735382, 0.09306591004133224, 0.09302857518196106, 0.09316281229257584, 0.09285330772399902, 0.09264267235994339, 0.0924297422170639, 0.09213510155677795, 0.09184044599533081, 0.09049637615680695, 0.08953366428613663, 0.08905630558729172, 0.0888846218585968, 0.08877774327993393, 0.08908939361572266, 0.08869186788797379, 0.08824343234300613, 0.0882909744977951, 0.08821435272693634, 0.08823873847723007, 0.0882917046546936, 0.08767515420913696, 0.08747044205665588, 0.08732471615076065, 0.08745221793651581, 0.08787523210048676, 0.0881279855966568, 0.08726530522108078, 0.08648034185171127, 0.08626138418912888]
train/correction_patch_optimal_scalar: [1.912590742111206, 2.2376949787139893, 2.953468084335327, 3.3324155807495117, 2.988679885864258, 2.8948974609375, 2.901552200317383, 2.775585174560547, 3.0263586044311523, 3.4450604915618896, 3.0448360443115234, 2.9779746532440186, 2.9700067043304443, 3.118403911590576, 3.8381450176239014, 4.278462886810303, 3.588752508163452, 3.4827094078063965, 3.414783000946045, 3.1854755878448486, 3.2936949729919434, 3.7484543323516846, 3.333509683609009, 3.3473803997039795, 3.1600699424743652, 2.940864086151123, 3.1793901920318604, 3.5678634643554688, 3.4571893215179443, 3.642803907394409, 3.547893762588501, 3.362513542175293, 3.479389190673828, 3.9129879474639893, 3.6526474952697754, 3.757520914077759, 3.6078028678894043, 3.4291319847106934, 3.784963369369507, 4.026078224182129, 3.6796040534973145, 3.810847043991089, 3.7554805278778076, 3.4503376483917236, 3.642979621887207]
[test]
test/correction_beneficial_ratio: 0.5981071591377258
test/correction_beneficial_ratio_far: 0.6000925898551941
test/correction_beneficial_ratio_middle: 0.6004443764686584
test/correction_beneficial_ratio_near: 0.593784511089325
test/correction_cosine_far: 0.1396661102771759
test/correction_cosine_mean: 0.13239654898643494
test/correction_cosine_middle: 0.13655449450016022
test/correction_cosine_near: 0.12096896767616272
test/correction_magnitude_ratio_far: 0.10640174895524979
test/correction_magnitude_ratio_mean: 0.11033476889133453
test/correction_magnitude_ratio_middle: 0.10982906073331833
test/correction_magnitude_ratio_near: 0.11477350443601608
test/correction_optimal_scalar_far: 2.3054637908935547
test/correction_optimal_scalar_mean: 2.1821632385253906
test/correction_optimal_scalar_middle: 2.2857658863067627
test/correction_optimal_scalar_near: 1.9552611112594604
test/correction_patch_beneficial_ratio: [0.5952226519584656, 0.5600407123565674, 0.5463383197784424, 0.549949049949646, 0.5841125845909119, 0.6186464428901672, 0.6193870902061462, 0.5936487317085266, 0.5942042469978333, 0.5922600030899048, 0.6083695888519287, 0.6279048323631287, 0.6301268339157104, 0.6002222299575806, 0.5863345861434937, 0.5840200185775757, 0.6017035245895386, 0.6365151405334473, 0.6355893015861511, 0.6195722818374634, 0.6031848788261414, 0.595685601234436, 0.6038329601287842, 0.621609091758728, 0.604573667049408, 0.5721692442893982, 0.5645773410797119, 0.5654106140136719, 0.5877233743667603, 0.6104990243911743, 0.6084621548652649, 0.5888343453407288, 0.580131471157074, 0.5803166627883911, 0.5974446535110474, 0.6149430871009827, 0.6107767820358276, 0.5872604250907898, 0.5740209221839905, 0.578557550907135, 0.6001296043395996, 0.6317007541656494, 0.6392926573753357, 0.6154985427856445, 0.5940190553665161]
test/correction_patch_cosine: [0.1368131786584854, 0.08072172105312347, 0.06337831914424896, 0.06764736771583557, 0.09923230111598969, 0.15203304588794708, 0.15231528878211975, 0.1200183779001236, 0.11903131753206253, 0.11945807188749313, 0.13678158819675446, 0.171427920460701, 0.15580123662948608, 0.12437944114208221, 0.11549639701843262, 0.11421594768762589, 0.13348598778247833, 0.1721135973930359, 0.17834042012691498, 0.1524660289287567, 0.14097078144550323, 0.12846750020980835, 0.13505157828330994, 0.1603788286447525, 0.14243395626544952, 0.10958980023860931, 0.10213948041200638, 0.1022128164768219, 0.12555581331253052, 0.15089550614356995, 0.14739280939102173, 0.12811864912509918, 0.11542399227619171, 0.11376950889825821, 0.13601528108119965, 0.16061989963054657, 0.15906153619289398, 0.13317090272903442, 0.11641145497560501, 0.114512600004673, 0.13695034384727478, 0.1725626289844513, 0.17845824360847473, 0.15069405734539032, 0.13182927668094635]
test/correction_patch_magnitude_ratio: [0.12406924366950989, 0.11579548567533493, 0.11382651329040527, 0.11437642574310303, 0.11375065892934799, 0.11457493901252747, 0.11502021551132202, 0.11453190445899963, 0.11477118730545044, 0.11532238125801086, 0.11537718772888184, 0.11465097963809967, 0.112665556371212, 0.11161977052688599, 0.11124952137470245, 0.11166591197252274, 0.11099337786436081, 0.11028601229190826, 0.11026696115732193, 0.10971508175134659, 0.10963178426027298, 0.10975964367389679, 0.10938182473182678, 0.10979124158620834, 0.10939178615808487, 0.10887473821640015, 0.10911238193511963, 0.10949018597602844, 0.10935929417610168, 0.10971613228321075, 0.10919645428657532, 0.1085166409611702, 0.10807918757200241, 0.10773737728595734, 0.1075739935040474, 0.10719115287065506, 0.10575589537620544, 0.10481510311365128, 0.1047360822558403, 0.10525484383106232, 0.10525257140398026, 0.1056513860821724, 0.10572876036167145, 0.10536599159240723, 0.105170838534832]
test/correction_patch_optimal_scalar: [0.7216006517410278, 0.7156811356544495, 2.1251401901245117, 3.148473024368286, 1.4495521783828735, 1.7579503059387207, 1.4705655574798584, 1.3255035877227783, 2.9961230754852295, 3.48980712890625, 2.055086851119995, 2.170759916305542, 1.6983301639556885, 1.6141183376312256, 2.5902223587036133, 3.0532596111297607, 1.6071829795837402, 2.0582659244537354, 2.3976824283599854, 2.247194528579712, 3.256063461303711, 3.8280327320098877, 1.6646366119384766, 1.7677924633026123, 1.6657246351242065, 1.4610872268676758, 2.722552537918091, 3.5173301696777344, 1.5703519582748413, 1.4693371057510376, 1.847865343093872, 1.7953017950057983, 3.044987916946411, 3.353445291519165, 1.7144138813018799, 1.8545053005218506, 2.08317494392395, 1.9185289144515991, 1.879388689994812, 2.721545696258545, 1.7190039157867432, 2.019986867904663, 2.695246934890747, 2.424790143966675, 3.509749412536621]
