[train]
train/correction_beneficial_ratio: 0.5211063623428345
train/correction_beneficial_ratio_far: 0.5302020311355591
train/correction_beneficial_ratio_middle: 0.5222491025924683
train/correction_beneficial_ratio_near: 0.5108678340911865
train/correction_cosine_far: 0.034876707941293716
train/correction_cosine_mean: 0.029289085417985916
train/correction_cosine_middle: 0.03313687816262245
train/correction_cosine_near: 0.01985362358391285
train/correction_magnitude_ratio_far: 0.014780625700950623
train/correction_magnitude_ratio_mean: 0.017331546172499657
train/correction_magnitude_ratio_middle: 0.016318053007125854
train/correction_magnitude_ratio_near: 0.02089596539735794
train/correction_optimal_scalar_far: 4.6649250984191895
train/correction_optimal_scalar_mean: 3.7608635425567627
train/correction_optimal_scalar_middle: 4.2917280197143555
train/correction_optimal_scalar_near: 2.325922966003418
train/correction_patch_beneficial_ratio: [0.47728103399276733, 0.5023754239082336, 0.5180898904800415, 0.522109866142273, 0.5266171097755432, 0.5224753022193909, 0.5071263313293457, 0.5071263313293457, 0.5273480415344238, 0.5174807906150818, 0.5180898904800415, 0.5306370854377747, 0.5291752815246582, 0.5258862376213074, 0.5290534496307373, 0.5273480415344238, 0.5239371657371521, 0.537337064743042, 0.5252771377563477, 0.5290534496307373, 0.5394079685211182]
train/correction_patch_cosine: [-0.0018643465591594577, 0.011812758632004261, 0.022577164694666862, 0.02793840505182743, 0.02771388739347458, 0.02986285462975502, 0.020934633910655975, 0.02646682783961296, 0.03326922655105591, 0.02843862771987915, 0.024893885478377342, 0.03773217648267746, 0.04093320295214653, 0.040224574506282806, 0.04071712866425514, 0.03507186099886894, 0.03654797002673149, 0.03686286136507988, 0.025822363793849945, 0.032715246081352234, 0.0363994799554348]
train/correction_patch_magnitude_ratio: [0.02653726376593113, 0.0226600244641304, 0.021305611357092857, 0.0199211984872818, 0.019251052290201187, 0.018738867715001106, 0.017857711762189865, 0.01743592880666256, 0.017084136605262756, 0.016466520726680756, 0.016177527606487274, 0.015957001596689224, 0.015655260533094406, 0.015449989587068558, 0.015479284338653088, 0.015136739239096642, 0.015065259300172329, 0.014869854785501957, 0.0143569465726614, 0.014326189644634724, 0.01423010416328907]
train/correction_patch_optimal_scalar: [0.3732779324054718, 1.30768883228302, 2.124105453491211, 2.8561782836914062, 3.1655125617980957, 3.3227288722991943, 3.1319756507873535, 3.602424144744873, 4.121922492980957, 3.9969820976257324, 3.6369619369506836, 4.6845574378967285, 5.057015895843506, 4.942290306091309, 5.065080165863037, 4.470365524291992, 4.430912971496582, 4.733336448669434, 4.115575790405273, 4.756024360656738, 5.083219051361084]
[test]
test/correction_beneficial_ratio: 0.4814669191837311
test/correction_beneficial_ratio_far: 0.49087846279144287
test/correction_beneficial_ratio_middle: 0.49385347962379456
test/correction_beneficial_ratio_near: 0.4596688151359558
test/correction_cosine_far: -0.012458142824470997
test/correction_cosine_mean: -0.01903121918439865
test/correction_cosine_middle: -0.009283159859478474
test/correction_cosine_near: -0.03535237908363342
test/correction_magnitude_ratio_far: 0.01457887701690197
test/correction_magnitude_ratio_mean: 0.016108494251966476
test/correction_magnitude_ratio_middle: 0.015514717437326908
test/correction_magnitude_ratio_near: 0.018231883645057678
test/correction_optimal_scalar_far: 0.24738013744354248
test/correction_optimal_scalar_mean: -0.2731831967830658
test/correction_optimal_scalar_middle: -0.2691427767276764
test/correction_optimal_scalar_near: -0.7977864146232605
test/correction_patch_beneficial_ratio: [0.43143418431282043, 0.43497052788734436, 0.45854616165161133, 0.462475448846817, 0.47976425290107727, 0.48487231135368347, 0.4656188488006592, 0.48290765285491943, 0.4856581389904022, 0.5021610856056213, 0.5064833164215088, 0.48919451236724854, 0.4962671995162964, 0.49430254101753235, 0.49666011333465576, 0.5127701163291931, 0.5092337727546692, 0.4986247420310974, 0.4656188488006592, 0.4726915657520294, 0.4805501103401184]
test/correction_patch_cosine: [-0.055959224700927734, -0.05300378054380417, -0.04638635739684105, -0.03669211268424988, -0.02095630206167698, -0.014360741712152958, -0.020108116790652275, -0.007381964009255171, -0.00789253693073988, -0.0006782067357562482, -0.006281968671828508, -0.017795294523239136, -0.013619710691273212, -0.011332450434565544, -0.007794841658324003, 0.003542441874742508, -0.00034127527032978833, -0.00957347173243761, -0.02632354572415352, -0.02553737908601761, -0.021178770810365677]
test/correction_patch_magnitude_ratio: [0.02172231860458851, 0.01955946534872055, 0.018339602276682854, 0.017621934413909912, 0.01711733639240265, 0.016811121255159378, 0.016451342031359673, 0.01627819612622261, 0.016201091930270195, 0.015618887729942799, 0.015427405014634132, 0.015266010537743568, 0.014951842837035656, 0.014859596267342567, 0.014996320009231567, 0.014528336934745312, 0.014778045937418938, 0.01464164163917303, 0.014322097413241863, 0.014502298086881638, 0.014283488504588604]
test/correction_patch_optimal_scalar: [-1.7001302242279053, -1.848791241645813, -1.9142897129058838, -0.9135057330131531, 0.12175901979207993, 0.49575138092041016, 0.17471040785312653, 1.116161823272705, 0.582954466342926, 0.3700149357318878, -0.5435939431190491, -1.5857945680618286, -1.1405718326568604, -0.6831791400909424, -0.09563785791397095, 0.7791044116020203, 0.6417623162269592, 0.5388675928115845, 0.08158326148986816, -0.03499806299805641, -0.17902694642543793]
