[train]
train/correction_beneficial_ratio: 0.5537725687026978
train/correction_beneficial_ratio_far: 0.5507539510726929
train/correction_beneficial_ratio_middle: 0.5602135062217712
train/correction_beneficial_ratio_near: 0.5503503084182739
train/correction_cosine_far: 0.047211259603500366
train/correction_cosine_mean: 0.054697200655937195
train/correction_cosine_middle: 0.06288705766201019
train/correction_cosine_near: 0.053993307054042816
train/correction_magnitude_ratio_far: 0.02872159518301487
train/correction_magnitude_ratio_mean: 0.03232884034514427
train/correction_magnitude_ratio_middle: 0.029325442388653755
train/correction_magnitude_ratio_near: 0.03893950954079628
train/correction_optimal_scalar_far: 1.2044034004211426
train/correction_optimal_scalar_mean: 1.4778603315353394
train/correction_optimal_scalar_middle: 1.9400968551635742
train/correction_optimal_scalar_near: 1.2890807390213013
train/correction_patch_beneficial_ratio: [0.48016786575317383, 0.5091617107391357, 0.5410357713699341, 0.5801239609718323, 0.5709896683692932, 0.5585088729858398, 0.6124643683433533, 0.6331194043159485, 0.614357054233551, 0.5568904876708984, 0.5190366506576538, 0.5044437050819397, 0.5429284572601318, 0.5507186651229858, 0.5628977417945862, 0.5611422061920166, 0.566134512424469, 0.5671494603157043, 0.5395271182060242, 0.5281983613967896, 0.5302281975746155]
train/correction_patch_cosine: [0.010677090846002102, 0.030335236340761185, 0.046349383890628815, 0.07426846772432327, 0.0622330978512764, 0.0540606826543808, 0.10002908855676651, 0.1252336949110031, 0.1057983934879303, 0.05747459828853607, 0.02634398266673088, 0.02224830538034439, 0.04984388127923012, 0.05326663330197334, 0.05965105816721916, 0.056909892708063126, 0.05915657430887222, 0.060473255813121796, 0.03654312714934349, 0.026489943265914917, 0.031254831701517105]
train/correction_patch_magnitude_ratio: [0.05523192137479782, 0.041291989386081696, 0.0354410819709301, 0.03298303857445717, 0.03393920511007309, 0.03738732635974884, 0.036302000284194946, 0.03258924558758736, 0.02900237776339054, 0.027035769075155258, 0.025390243157744408, 0.03176413103938103, 0.02910534478724003, 0.0303909070789814, 0.029020104557275772, 0.027750711888074875, 0.029286904260516167, 0.029411371797323227, 0.03111315704882145, 0.029252344742417336, 0.025216475129127502]
train/correction_patch_optimal_scalar: [-0.4340408742427826, 0.05198558047413826, 1.0245610475540161, 2.2897956371307373, 1.6712565422058105, 1.422227144241333, 2.9977779388427734, 4.0975189208984375, 3.644167900085449, 1.908986210823059, 0.6792986392974854, 0.7693373560905457, 1.3522448539733887, 1.129122257232666, 1.6376155614852905, 1.4796638488769531, 1.4574040174484253, 1.494331955909729, 0.821081280708313, 0.5546316504478455, 0.986097514629364]
[test]
test/correction_beneficial_ratio: 0.5390836596488953
test/correction_beneficial_ratio_far: 0.529596209526062
test/correction_beneficial_ratio_middle: 0.5228762030601501
test/correction_beneficial_ratio_near: 0.5647785067558289
test/correction_cosine_far: 0.024586070328950882
test/correction_cosine_mean: 0.039709534496068954
test/correction_cosine_middle: 0.02903325855731964
test/correction_cosine_near: 0.06550928950309753
test/correction_magnitude_ratio_far: 0.020980356261134148
test/correction_magnitude_ratio_mean: 0.02387118712067604
test/correction_magnitude_ratio_middle: 0.02127017453312874
test/correction_magnitude_ratio_near: 0.02936301939189434
test/correction_optimal_scalar_far: -0.3277018368244171
test/correction_optimal_scalar_mean: 0.8290727734565735
test/correction_optimal_scalar_middle: 0.8549004197120667
test/correction_optimal_scalar_near: 1.960019588470459
test/correction_patch_beneficial_ratio: [0.5931007266044617, 0.6308310627937317, 0.5764406323432922, 0.5586044788360596, 0.5158761143684387, 0.5349862575531006, 0.5436103343963623, 0.5581144690513611, 0.5579184889793396, 0.5505684018135071, 0.5426303148269653, 0.47628381848335266, 0.4802038371562958, 0.49441394209861755, 0.4922579526901245, 0.4861818850040436, 0.49980399012565613, 0.49960801005363464, 0.5461583733558655, 0.5996667742729187, 0.5834966897964478]
test/correction_patch_cosine: [0.09254855662584305, 0.1259913295507431, 0.07899434119462967, 0.05365953966975212, 0.02330648899078369, 0.03277966380119324, 0.05128495767712593, 0.06483309715986252, 0.062095221132040024, 0.05247773230075836, 0.038525450974702835, -0.008161402307450771, -0.0003576709423214197, -0.006179592572152615, -0.010311114601790905, -0.010923856869339943, -0.0011272733099758625, 0.004698403645306826, 0.036044299602508545, 0.08596919476985931, 0.0677528902888298]
test/correction_patch_magnitude_ratio: [0.045114655047655106, 0.03134005144238472, 0.026224782690405846, 0.025244999676942825, 0.024891294538974762, 0.02630774676799774, 0.026417646557092667, 0.0244126059114933, 0.022905653342604637, 0.020642200484871864, 0.018373331055045128, 0.020723119378089905, 0.020944178104400635, 0.02089015021920204, 0.0209283959120512, 0.021161790937185287, 0.021884240210056305, 0.0217757411301136, 0.02227870561182499, 0.020761724561452866, 0.01807190291583538]
test/correction_patch_optimal_scalar: [0.9926831722259521, 2.6081247329711914, 2.516042947769165, 2.495347738265991, 1.0188169479370117, 1.8332539796829224, 2.2558584213256836, 2.2725255489349365, 1.7066172361373901, 1.4045586585998535, 1.2259838581085205, -0.02942856401205063, -0.42490461468696594, -0.17105206847190857, -1.7899360656738281, -1.9458624124526978, -1.7643036842346191, -2.0705745220184326, -0.6259714365005493, 2.0624217987060547, 3.840327739715576]
