[train]
train/correction_beneficial_ratio: 0.5168853402137756
train/correction_beneficial_ratio_far: 0.5098435878753662
train/correction_beneficial_ratio_middle: 0.5187270641326904
train/correction_beneficial_ratio_near: 0.5220853090286255
train/correction_cosine_far: 0.00720233516767621
train/correction_cosine_mean: 0.0163150355219841
train/correction_cosine_middle: 0.015459130518138409
train/correction_cosine_near: 0.02628365345299244
train/correction_magnitude_ratio_far: 0.020144864916801453
train/correction_magnitude_ratio_mean: 0.024163153022527695
train/correction_magnitude_ratio_middle: 0.020342212170362473
train/correction_magnitude_ratio_near: 0.03200237825512886
train/correction_optimal_scalar_far: -0.031031429767608643
train/correction_optimal_scalar_mean: 0.5366905927658081
train/correction_optimal_scalar_middle: 0.7973535656929016
train/correction_optimal_scalar_near: 0.8437508344650269
train/correction_patch_beneficial_ratio: [0.474572092294693, 0.5207098722457886, 0.5392528176307678, 0.570852518081665, 0.5554641485214233, 0.5170890688896179, 0.47665679454803467, 0.47731512784957886, 0.5058152079582214, 0.5350285172462463, 0.5523644685745239, 0.5460829734802246, 0.5243581533432007, 0.4901250898838043, 0.4746817946434021, 0.47309085726737976, 0.4907834231853485, 0.5165130496025085, 0.5411729216575623, 0.5451228618621826, 0.5275400280952454]
train/correction_patch_cosine: [0.008601865731179714, 0.034057341516017914, 0.047931790351867676, 0.06605782359838486, 0.04799098148941994, 0.007223841268569231, -0.027878031134605408, -0.021197661757469177, 0.006936315912753344, 0.033533141016960144, 0.049911707639694214, 0.03913906589150429, 0.015760060399770737, -0.01586885005235672, -0.032011426985263824, -0.0262895617634058, -0.010929355397820473, 0.012751556001603603, 0.0340755358338356, 0.04232305660843849, 0.030496567487716675]
train/correction_patch_magnitude_ratio: [0.04830417409539223, 0.036477942019701004, 0.03189104422926903, 0.030052391812205315, 0.028348740190267563, 0.025435499846935272, 0.023506853729486465, 0.02200937084853649, 0.01972108520567417, 0.018581505864858627, 0.018311062827706337, 0.019404107704758644, 0.021341416984796524, 0.02302694506943226, 0.023407304659485817, 0.022371914237737656, 0.020433761179447174, 0.018554050475358963, 0.01751810498535633, 0.018042217940092087, 0.02068667858839035]
train/correction_patch_optimal_scalar: [0.04487977921962738, 0.6732001900672913, 1.5642634630203247, 2.3006560802459717, 1.75002121925354, 0.4099195897579193, -0.8366842865943909, -0.5370392203330994, 0.5276218056678772, 1.530179738998413, 2.2319250106811523, 1.5574729442596436, 0.8008687496185303, -0.5295626521110535, -1.2753486633300781, -1.3775469064712524, -1.0027040243148804, -0.05635807290673256, 0.9982348084449768, 1.5480904579162598, 0.9484110474586487]
[test]
test/correction_beneficial_ratio: 0.5081807374954224
test/correction_beneficial_ratio_far: 0.5002520084381104
test/correction_beneficial_ratio_middle: 0.5079380869865417
test/correction_beneficial_ratio_near: 0.516352117061615
test/correction_cosine_far: -0.003568280255421996
test/correction_cosine_mean: 0.009011798538267612
test/correction_cosine_middle: 0.010032102465629578
test/correction_cosine_near: 0.02057158201932907
test/correction_magnitude_ratio_far: 0.014411061070859432
test/correction_magnitude_ratio_mean: 0.01750335656106472
test/correction_magnitude_ratio_middle: 0.014005116187036037
test/correction_magnitude_ratio_near: 0.024093911051750183
test/correction_optimal_scalar_far: -0.7711606621742249
test/correction_optimal_scalar_mean: 0.20961572229862213
test/correction_optimal_scalar_middle: 0.9424386620521545
test/correction_optimal_scalar_near: 0.4575692117214203
test/correction_patch_beneficial_ratio: [0.5176401138305664, 0.5700705647468567, 0.5484123826026917, 0.5229321718215942, 0.5037240386009216, 0.47834181785583496, 0.47334378957748413, 0.4921599328517914, 0.5024500489234924, 0.4862799048423767, 0.4966679811477661, 0.5193061828613281, 0.5346922874450684, 0.524010181427002, 0.5025480389595032, 0.5, 0.5165621042251587, 0.5120540857315063, 0.4828498661518097, 0.474225789308548, 0.5135241150856018]
test/correction_patch_cosine: [0.02828456647694111, 0.06360316276550293, 0.05123739689588547, 0.022905966266989708, 0.004015073645859957, -0.009656316600739956, -0.016388867050409317, 0.0038584915455430746, 0.013654532842338085, -0.00786049198359251, -0.006335470359772444, 0.01759171672165394, 0.031247541308403015, 0.018068302422761917, 0.000553320103790611, -0.004599699284881353, 0.0053679742850363255, 0.004354635253548622, -0.01886553131043911, -0.01986483670771122, 0.008076288737356663]
test/correction_patch_magnitude_ratio: [0.04034925252199173, 0.02771889418363571, 0.0240373183041811, 0.022076476365327835, 0.020246418192982674, 0.017812728881835938, 0.01641622558236122, 0.015666624531149864, 0.014544401317834854, 0.01348473783582449, 0.012914182618260384, 0.013103202916681767, 0.013820813037455082, 0.01450177002698183, 0.014940841123461723, 0.014757686294615269, 0.014457828365266323, 0.014176728203892708, 0.013838324695825577, 0.013707853853702545, 0.014998172409832478]
test/correction_patch_optimal_scalar: [0.48758721351623535, 1.8191263675689697, 2.2752161026000977, 0.7788346409797668, -0.06341321021318436, -0.7903409600257874, -1.3040159940719604, -0.22495225071907043, 0.900842547416687, -1.117119550704956, -0.9593909978866577, 2.0277843475341797, 3.51151967048645, 2.4583723545074463, 0.569371223449707, -0.19961155951023102, 0.43702876567840576, 0.10988754034042358, -2.6982250213623047, -2.9872024059295654, -0.6293678879737854]
