[train]
train/correction_beneficial_ratio: 0.4954625368118286
train/correction_beneficial_ratio_far: 0.4925644099712372
train/correction_beneficial_ratio_middle: 0.49092504382133484
train/correction_beneficial_ratio_near: 0.502898097038269
train/correction_cosine_far: -0.0543978251516819
train/correction_cosine_mean: -0.02616928331553936
train/correction_cosine_middle: -0.02660478837788105
train/correction_cosine_near: 0.0024946832563728094
train/correction_magnitude_ratio_far: 0.014176261611282825
train/correction_magnitude_ratio_mean: 0.02317250706255436
train/correction_magnitude_ratio_middle: 0.018886027857661247
train/correction_magnitude_ratio_near: 0.036455221474170685
train/correction_optimal_scalar_far: -4.014812469482422
train/correction_optimal_scalar_mean: -1.1784436702728271
train/correction_optimal_scalar_middle: 0.7309563159942627
train/correction_optimal_scalar_near: -0.2514701187610626
train/correction_patch_beneficial_ratio: [0.5174180269241333, 0.5233606696128845, 0.5088114738464355, 0.5030737519264221, 0.4858606457710266, 0.4930327832698822, 0.4887295067310333, 0.5067622661590576, 0.4967212975025177, 0.4961065649986267, 0.49077868461608887, 0.4817622900009155, 0.48032787442207336, 0.48401638865470886, 0.4903688430786133, 0.4973360598087311, 0.4959016442298889, 0.49918031692504883, 0.49487704038619995, 0.48442623019218445, 0.4858606457710266]
train/correction_patch_cosine: [0.03019295632839203, 0.023633351549506187, 0.018846968188881874, 0.0020697778090834618, -0.015148731879889965, -0.017559513449668884, -0.024572012946009636, -0.01161898672580719, -0.01430602464824915, -0.01686066947877407, -0.021854428574442863, -0.030316393822431564, -0.04398660361766815, -0.04728998243808746, -0.04940401017665863, -0.05062182992696762, -0.05323855206370354, -0.0551094114780426, -0.05490891635417938, -0.05680364370346069, -0.060698192566633224]
train/correction_patch_magnitude_ratio: [0.06829750537872314, 0.04389804229140282, 0.035901494324207306, 0.031128980219364166, 0.027620334178209305, 0.025165865197777748, 0.02317434921860695, 0.02194906957447529, 0.020781364291906357, 0.01964527554810047, 0.01873578317463398, 0.01794571243226528, 0.01694386824965477, 0.016201162710785866, 0.01557206641882658, 0.01508695911616087, 0.014573479071259499, 0.014037417247891426, 0.013667440973222256, 0.013343306258320808, 0.012953170575201511]
train/correction_patch_optimal_scalar: [1.1136503219604492, 0.8451157808303833, 0.6927270889282227, -0.9458481073379517, -1.586771011352539, -0.9351821541786194, -0.9439932107925415, 0.3657568693161011, 1.0490549802780151, 1.732354998588562, 1.5938657522201538, 1.2187952995300293, 0.12738557159900665, -0.9704896211624146, -2.215521812438965, -2.732304573059082, -3.19494366645813, -3.8355116844177246, -4.407504558563232, -5.198216438293457, -6.519736289978027]
[test]
test/correction_beneficial_ratio: 0.7083635330200195
test/correction_beneficial_ratio_far: 0.718636691570282
test/correction_beneficial_ratio_middle: 0.7274594902992249
test/correction_beneficial_ratio_near: 0.6789944171905518
test/correction_cosine_far: 0.3919021785259247
test/correction_cosine_mean: 0.31840336322784424
test/correction_cosine_middle: 0.3294523060321808
test/correction_cosine_near: 0.233855202794075
test/correction_magnitude_ratio_far: 0.010934778489172459
test/correction_magnitude_ratio_mean: 0.017659254372119904
test/correction_magnitude_ratio_middle: 0.014662700705230236
test/correction_magnitude_ratio_near: 0.02738030068576336
test/correction_optimal_scalar_far: 59.18760681152344
test/correction_optimal_scalar_mean: 40.217594146728516
test/correction_optimal_scalar_middle: 42.84178161621094
test/correction_optimal_scalar_near: 18.623390197753906
test/correction_patch_beneficial_ratio: [0.6285955905914307, 0.6311336755752563, 0.7013536095619202, 0.6751269102096558, 0.6768189668655396, 0.7038916945457458, 0.7360405921936035, 0.7351945638656616, 0.7580372095108032, 0.7529610991477966, 0.7343485355377197, 0.710659921169281, 0.6988155841827393, 0.7021996378898621, 0.6996616125106812, 0.7072758078575134, 0.6954314708709717, 0.692893385887146, 0.7233502268791199, 0.7487309575080872, 0.7631133794784546]
test/correction_patch_cosine: [0.17095592617988586, 0.20547598600387573, 0.24729013442993164, 0.237035870552063, 0.23065297305583954, 0.26127180457115173, 0.28430378437042236, 0.30263906717300415, 0.3209511637687683, 0.3347313404083252, 0.3324056565761566, 0.33348706364631653, 0.3345353603363037, 0.3474179804325104, 0.36162471771240234, 0.37619099020957947, 0.3852931559085846, 0.39165326952934265, 0.3978917598724365, 0.40976887941360474, 0.42089420557022095]
test/correction_patch_magnitude_ratio: [0.050656963139772415, 0.03348144143819809, 0.027022669091820717, 0.02264944463968277, 0.0206608809530735, 0.01912916824221611, 0.018061542883515358, 0.01695678010582924, 0.016104409471154213, 0.01523563452064991, 0.014482648111879826, 0.013835843652486801, 0.013213546946644783, 0.012809989973902702, 0.012406486086547375, 0.01190470065921545, 0.011370699852705002, 0.01084358524531126, 0.010382387787103653, 0.010013456456363201, 0.009622096084058285]
test/correction_patch_optimal_scalar: [5.0206122398376465, 10.465044975280762, 16.84006690979004, 20.346830368041992, 22.468915939331055, 25.85712432861328, 29.36503028869629, 33.004844665527344, 37.0462532043457, 41.11529541015625, 43.68244171142578, 46.49740219116211, 48.62470626831055, 49.9215087890625, 51.674888610839844, 53.977909088134766, 56.271942138671875, 58.19990539550781, 60.965736389160156, 64.4311294555664, 68.79188537597656]
