[train]
train/correction_beneficial_ratio: 0.5017098784446716
train/correction_beneficial_ratio_far: 0.4962097704410553
train/correction_beneficial_ratio_middle: 0.49222907423973083
train/correction_beneficial_ratio_near: 0.5166908502578735
train/correction_cosine_far: 0.0023031465243548155
train/correction_cosine_mean: 0.008855191990733147
train/correction_cosine_middle: 0.001186044537462294
train/correction_cosine_near: 0.023076407611370087
train/correction_magnitude_ratio_far: 0.014338383451104164
train/correction_magnitude_ratio_mean: 0.01885070651769638
train/correction_magnitude_ratio_middle: 0.016698941588401794
train/correction_magnitude_ratio_near: 0.025514787063002586
train/correction_optimal_scalar_far: 5.424542427062988
train/correction_optimal_scalar_mean: 2.3274729251861572
train/correction_optimal_scalar_middle: -3.230900764465332
train/correction_optimal_scalar_near: 4.788784027099609
train/correction_patch_beneficial_ratio: [0.5103870630264282, 0.5340912342071533, 0.5305458903312683, 0.52618008852005, 0.5200269818305969, 0.49898913502693176, 0.49661576747894287, 0.4848955571651459, 0.48551085591316223, 0.4864777624607086, 0.4995165467262268, 0.4899352490901947, 0.5008936524391174, 0.498373806476593, 0.4932169020175934, 0.49169328808784485, 0.5019192099571228, 0.49667438864707947, 0.5000146627426147, 0.49386152625083923, 0.4960883557796478]
train/correction_patch_cosine: [0.018940584734082222, 0.039951764047145844, 0.03726856783032417, 0.030256498605012894, 0.023965077474713326, 0.009201080538332462, 0.00195134780369699, -0.008019671775400639, -0.004604634828865528, -0.0033955906983464956, 0.006970223505049944, 0.0005375906475819647, 0.00876504834741354, 0.008049311116337776, 0.00019767487538047135, -0.0006077073630876839, 0.008860161527991295, 0.008407226763665676, 0.003809216897934675, -0.003012831090018153, -0.0015319185331463814]
train/correction_patch_magnitude_ratio: [0.038874123245477676, 0.028272176161408424, 0.025534613057971, 0.023380232974886894, 0.02183489501476288, 0.02103404700756073, 0.019673487171530724, 0.018028082326054573, 0.017279818654060364, 0.01703808270394802, 0.017097201198339462, 0.01694023236632347, 0.015704059973359108, 0.014805067330598831, 0.014382557943463326, 0.014306331984698772, 0.014596748165786266, 0.014902343042194843, 0.014535411261022091, 0.013888143934309483, 0.0137571906670928]
train/correction_patch_optimal_scalar: [1.2344794273376465, 1.4739923477172852, 7.243521690368652, 11.950851440429688, 6.966108798980713, 3.96344256401062, 0.6890907287597656, -5.446594715118408, -6.8523077964782715, -9.863396644592285, 0.17115403711795807, 1.2027437686920166, -1.2279537916183472, -0.5999361872673035, 6.301209926605225, 10.749974250793457, 6.1450276374816895, 4.3804192543029785, 3.5687146186828613, 2.4027042388916016, 4.423681259155273]
[test]
test/correction_beneficial_ratio: 0.44643548130989075
test/correction_beneficial_ratio_far: 0.4408327341079712
test/correction_beneficial_ratio_middle: 0.4548949599266052
test/correction_beneficial_ratio_near: 0.4435787796974182
test/correction_cosine_far: -0.04953291639685631
test/correction_cosine_mean: -0.045780573040246964
test/correction_cosine_middle: -0.034262944012880325
test/correction_cosine_near: -0.05354585126042366
test/correction_magnitude_ratio_far: 0.013926018960773945
test/correction_magnitude_ratio_mean: 0.01737135276198387
test/correction_magnitude_ratio_middle: 0.01579318754374981
test/correction_magnitude_ratio_near: 0.02239484339952469
test/correction_optimal_scalar_far: 8.801888465881348
test/correction_optimal_scalar_mean: 4.018701076507568
test/correction_optimal_scalar_middle: -2.6024322509765625
test/correction_optimal_scalar_near: 5.856657028198242
test/correction_patch_beneficial_ratio: [0.44684845209121704, 0.4409477114677429, 0.4219937324523926, 0.4330800175666809, 0.43549397587776184, 0.46088510751724243, 0.465802401304245, 0.43951719999313354, 0.4576665163040161, 0.4731336534023285, 0.482968270778656, 0.4712561368942261, 0.4417523443698883, 0.4179705083370209, 0.43942779302597046, 0.4569512605667114, 0.4572194814682007, 0.44076889753341675, 0.41957980394363403, 0.4229772090911865, 0.44890478253364563]
test/correction_patch_cosine: [-0.05145912617444992, -0.0648718774318695, -0.07686103135347366, -0.07288310676813126, -0.05975400283932686, -0.025994805619120598, -0.022996751591563225, -0.05279548093676567, -0.044707249850034714, -0.024308258667588234, -0.0027275916654616594, -0.011548968963325024, -0.03803768754005432, -0.0657154768705368, -0.04914335906505585, -0.0340641513466835, -0.027537008747458458, -0.04206886887550354, -0.06902289390563965, -0.07654383778572083, -0.048350606113672256]
test/correction_patch_magnitude_ratio: [0.032157741487026215, 0.02317488193511963, 0.021976767107844353, 0.020850706845521927, 0.01998053677380085, 0.020098330453038216, 0.018524890765547752, 0.016483457759022713, 0.016011331230401993, 0.016166599467396736, 0.0164312943816185, 0.016481993719935417, 0.015181596390902996, 0.01379610225558281, 0.013429870828986168, 0.013884376734495163, 0.014515835791826248, 0.014826847240328789, 0.014113032259047031, 0.013305711559951305, 0.013406527228653431]
test/correction_patch_optimal_scalar: [-2.6600494384765625, -0.9562464952468872, 12.714969635009766, 23.651050567626953, 3.6204724311828613, 2.6241371631622314, 2.0022284984588623, 1.5873215198516846, -14.887868881225586, -18.315473556518555, 2.8649377822875977, 5.022891521453857, 3.8155572414398193, 1.6955978870391846, 11.849595069885254, 15.95242977142334, 4.086095333099365, 2.7146573066711426, 3.212935209274292, 3.7750377655029297, 20.02243995666504]
