[train]
train/correction_beneficial_ratio: 0.4445551931858063
train/correction_beneficial_ratio_far: 0.44287964701652527
train/correction_beneficial_ratio_middle: 0.4341980814933777
train/correction_beneficial_ratio_near: 0.45658785104751587
train/correction_cosine_far: -0.05932575464248657
train/correction_cosine_mean: -0.045710962265729904
train/correction_cosine_middle: -0.04925629869103432
train/correction_cosine_near: -0.028550993651151657
train/correction_magnitude_ratio_far: 0.027535177767276764
train/correction_magnitude_ratio_mean: 0.03249942511320114
train/correction_magnitude_ratio_middle: 0.03203989937901497
train/correction_magnitude_ratio_near: 0.03792320191860199
train/correction_optimal_scalar_far: 0.3712783455848694
train/correction_optimal_scalar_mean: 1.0323097705841064
train/correction_optimal_scalar_middle: 1.1399565935134888
train/correction_optimal_scalar_near: 1.585695505142212
train/correction_patch_beneficial_ratio: [0.5266453623771667, 0.465303510427475, 0.4615974426269531, 0.46952077746391296, 0.4706709384918213, 0.47859424352645874, 0.45316293835639954, 0.43872204422950745, 0.4127795398235321, 0.4106070399284363, 0.42747604846954346, 0.449840247631073, 0.454057514667511, 0.4668370485305786, 0.4630031883716583, 0.462619811296463, 0.4495846629142761, 0.43054312467575073, 0.4448562264442444, 0.44370606541633606, 0.42811501026153564, 0.4205750823020935, 0.4236421585083008, 0.4208306670188904, 0.4417891502380371, 0.42747604846954346, 0.4269648492336273, 0.4301597476005554, 0.4307987093925476, 0.43130990862846375, 0.42926517128944397, 0.4434504806995392, 0.462619811296463, 0.4530351459980011, 0.4255591034889221, 0.44191694259643555, 0.458402544260025, 0.4508626163005829, 0.4472843408584595, 0.4375718832015991, 0.43527156114578247, 0.43833866715431213, 0.4402555823326111, 0.4416613280773163, 0.43769967555999756]
train/correction_patch_cosine: [0.044091563671827316, -0.00025073555298149586, -0.010150089859962463, -0.0024510296061635017, -0.005441769957542419, 0.0016761248698458076, -0.034217335283756256, -0.06217029690742493, -0.07868099212646484, -0.08188877999782562, -0.0621257945895195, -0.042312536388635635, -0.037564076483249664, -0.026912108063697815, -0.029866987839341164, -0.021774254739284515, -0.03867114335298538, -0.05908345803618431, -0.03445367142558098, -0.04389335215091705, -0.05603839084506035, -0.05980652943253517, -0.0609598308801651, -0.0662933960556984, -0.041218239814043045, -0.05228063836693764, -0.054559580981731415, -0.04772974178195, -0.04871613532304764, -0.0533658005297184, -0.05906699225306511, -0.04451565816998482, -0.028767317533493042, -0.03733275085687637, -0.06471679359674454, -0.05906872823834419, -0.054299939423799515, -0.06249719858169556, -0.0649673193693161, -0.07014848291873932, -0.0742473304271698, -0.06873506307601929, -0.06843002885580063, -0.06303181499242783, -0.0700591430068016]
train/correction_patch_magnitude_ratio: [0.051001936197280884, 0.04427827149629593, 0.041714899241924286, 0.03996175155043602, 0.03911412134766579, 0.03834879398345947, 0.03700005263090134, 0.036186423152685165, 0.03564496710896492, 0.035123925656080246, 0.03486396744847298, 0.03443647548556328, 0.033972691744565964, 0.03374969959259033, 0.03345036879181862, 0.033226050436496735, 0.03317870944738388, 0.03293078765273094, 0.03313513100147247, 0.032739076763391495, 0.03264249116182327, 0.03269202634692192, 0.032273661345243454, 0.031976666301488876, 0.031797561794519424, 0.03131202980875969, 0.0310952328145504, 0.03093893453478813, 0.030420493334531784, 0.030239421874284744, 0.030132608488202095, 0.029960714280605316, 0.029582057148218155, 0.02883085049688816, 0.028136679902672768, 0.027975324541330338, 0.02757255919277668, 0.027241995558142662, 0.02711026556789875, 0.026682458817958832, 0.026310613378882408, 0.02619033120572567, 0.026013709604740143, 0.025824422016739845, 0.02546289935708046]
train/correction_patch_optimal_scalar: [1.6716523170471191, 1.7176040410995483, 2.286999225616455, 2.7770442962646484, 2.548041582107544, 2.8937366008758545, 1.56684410572052, 0.6379459500312805, 0.37678346037864685, 0.36178290843963623, 0.8492966294288635, 1.291377305984497, 1.179728627204895, 1.8564292192459106, 1.7701752185821533, 1.9682787656784058, 1.428931713104248, 0.5797448754310608, 1.5875332355499268, 1.2128314971923828, 0.6679604649543762, 0.7182832360267639, 0.7456715106964111, 0.1871669739484787, 1.4841598272323608, 1.0108404159545898, 1.0953980684280396, 1.665838599205017, 1.5450384616851807, 1.2016572952270508, 0.8314835429191589, 1.176835536956787, 1.8918843269348145, 1.3875503540039062, -0.15834671258926392, -0.15432024002075195, 0.08854632079601288, -0.030910901725292206, 0.13243409991264343, -0.0009111320250667632, -0.15156620740890503, 0.13057421147823334, 0.188614159822464, 0.389728307723999, -0.15244850516319275]
[test]
test/correction_beneficial_ratio: 0.3735513389110565
test/correction_beneficial_ratio_far: 0.3497454822063446
test/correction_beneficial_ratio_middle: 0.3405522108078003
test/correction_beneficial_ratio_near: 0.43035632371902466
test/correction_cosine_far: -0.1309386044740677
test/correction_cosine_mean: -0.10584098845720291
test/correction_cosine_middle: -0.13173715770244598
test/correction_cosine_near: -0.05484697222709656
test/correction_magnitude_ratio_far: 0.028005404397845268
test/correction_magnitude_ratio_mean: 0.03288016840815544
test/correction_magnitude_ratio_middle: 0.03276551887392998
test/correction_magnitude_ratio_near: 0.03786954656243324
test/correction_optimal_scalar_far: -6.083392143249512
test/correction_optimal_scalar_mean: -5.064187526702881
test/correction_optimal_scalar_middle: -5.856594562530518
test/correction_optimal_scalar_near: -3.2525835037231445
test/correction_patch_beneficial_ratio: [0.5187413096427917, 0.4803331792354584, 0.48912540078163147, 0.5011568665504456, 0.4826469123363495, 0.4858861565589905, 0.4604349732398987, 0.4252660870552063, 0.3789912164211273, 0.37575197219848633, 0.3535400331020355, 0.3590930104255676, 0.3799166977405548, 0.3840814530849457, 0.38037946820259094, 0.38037946820259094, 0.35168904066085815, 0.3419713079929352, 0.35816752910614014, 0.3447478115558624, 0.34706154465675354, 0.34844979643821716, 0.3341045677661896, 0.3354928195476532, 0.3479870557785034, 0.30726516246795654, 0.29847294092178345, 0.3165201246738434, 0.3433595597743988, 0.35261452198028564, 0.357704758644104, 0.3623322546482086, 0.3521517813205719, 0.3521517813205719, 0.32716333866119385, 0.32855159044265747, 0.33734381198883057, 0.32762610912323, 0.3433595597743988, 0.34382230043411255, 0.3521517813205719, 0.36464598774909973, 0.357704758644104, 0.364183247089386, 0.3752892315387726]
test/correction_patch_cosine: [0.04107511788606644, 0.011266321875154972, 0.011997687630355358, 0.016688134521245956, -0.002854886930435896, -0.004140730481594801, -0.03537549078464508, -0.07460204511880875, -0.1069495677947998, -0.1229417622089386, -0.1262337565422058, -0.11445379257202148, -0.10367103666067123, -0.10184483230113983, -0.1106671392917633, -0.10188721865415573, -0.12512463331222534, -0.14064984023571014, -0.11651553213596344, -0.1187785342335701, -0.12096281349658966, -0.12553875148296356, -0.1406792849302292, -0.15847231447696686, -0.14142964780330658, -0.15906661748886108, -0.16210274398326874, -0.1374007910490036, -0.1191100925207138, -0.10833960771560669, -0.10350409150123596, -0.10131849348545074, -0.09532494097948074, -0.10425736755132675, -0.14655399322509766, -0.14168941974639893, -0.13789090514183044, -0.1483137607574463, -0.1449972689151764, -0.14389818906784058, -0.1493496149778366, -0.14146751165390015, -0.139792338013649, -0.13168705999851227, -0.13403357565402985]
test/correction_patch_magnitude_ratio: [0.04990677535533905, 0.044791076332330704, 0.0416247621178627, 0.04067667946219444, 0.04009689390659332, 0.0391320176422596, 0.037762995809316635, 0.03689996898174286, 0.03555837273597717, 0.034219205379486084, 0.034033965319395065, 0.033220984041690826, 0.0334380678832531, 0.03349195048213005, 0.03319006413221359, 0.033375393599271774, 0.03287024796009064, 0.03223134204745293, 0.03158167377114296, 0.032138437032699585, 0.03245306760072708, 0.03229775279760361, 0.03239160776138306, 0.03273914381861687, 0.03306664898991585, 0.03338087722659111, 0.03294083848595619, 0.03351224958896637, 0.03352992236614227, 0.03297344222664833, 0.0327405147254467, 0.03271664306521416, 0.033060550689697266, 0.03189321234822273, 0.030498750507831573, 0.02921745926141739, 0.028196018189191818, 0.027255060151219368, 0.026318544521927834, 0.025749845430254936, 0.025052662938833237, 0.02473590150475502, 0.024563325569033623, 0.024347590282559395, 0.023735003545880318]
test/correction_patch_optimal_scalar: [0.8098767995834351, -0.11632221937179565, -0.20365971326828003, 0.1394825279712677, -0.3775229752063751, -0.4700744152069092, -2.1366946697235107, -4.324502468109131, -5.806629657745361, -6.2820048332214355, -5.9679131507873535, -5.870712757110596, -5.9902849197387695, -5.843166351318359, -6.348646640777588, -6.223490238189697, -7.0819172859191895, -7.942202568054199, -6.5819878578186035, -6.61341667175293, -6.768320083618164, -6.289931774139404, -6.152153968811035, -6.32671594619751, -5.434628486633301, -6.048558712005615, -5.932925701141357, -4.418845176696777, -3.3303253650665283, -2.7034976482391357, -3.20660662651062, -3.372474431991577, -3.2741763591766357, -3.9406895637512207, -5.793500900268555, -6.072453022003174, -6.251135349273682, -7.098618030548096, -7.499680042266846, -7.3961381912231445, -7.794562339782715, -7.403303623199463, -7.101965427398682, -7.017526149749756, -8.027900695800781]
