[train]
train/correction_beneficial_ratio: 0.5605083703994751
train/correction_beneficial_ratio_far: 0.587348222732544
train/correction_beneficial_ratio_middle: 0.5575207471847534
train/correction_beneficial_ratio_near: 0.5366560220718384
train/correction_cosine_far: 0.08642615377902985
train/correction_cosine_mean: 0.06649128347635269
train/correction_cosine_middle: 0.06783624738454819
train/correction_cosine_near: 0.045211393386125565
train/correction_magnitude_ratio_far: 0.0263046994805336
train/correction_magnitude_ratio_mean: 0.027862397953867912
train/correction_magnitude_ratio_middle: 0.026905272156000137
train/correction_magnitude_ratio_near: 0.030377207323908806
train/correction_optimal_scalar_far: 4.038069725036621
train/correction_optimal_scalar_mean: 3.234776735305786
train/correction_optimal_scalar_middle: 3.3472044467926025
train/correction_optimal_scalar_near: 2.3190548419952393
train/correction_patch_beneficial_ratio: [0.5568051338195801, 0.5585942268371582, 0.542364239692688, 0.5539935827255249, 0.5461980700492859, 0.5327795743942261, 0.5206390023231506, 0.5281789302825928, 0.5225558876991272, 0.5147603750228882, 0.5253674387931824, 0.5349521040916443, 0.5362300276756287, 0.5353354811668396, 0.5410862565040588, 0.5514376759529114, 0.5478594303131104, 0.5362300276756287, 0.5403195023536682, 0.5523322820663452, 0.5550159811973572, 0.5582108497619629, 0.5519489049911499, 0.553737998008728, 0.5566773414611816, 0.5520766973495483, 0.5656229853630066, 0.5805751085281372, 0.5821086168289185, 0.5786581635475159, 0.5736741423606873, 0.5646006464958191, 0.5683066844940186, 0.5753354430198669, 0.58198082447052, 0.58198082447052, 0.58198082447052, 0.5827475786209106, 0.5909265279769897, 0.5909265279769897, 0.5962939262390137, 0.6104792356491089, 0.6093290448188782, 0.5971884727478027, 0.604472815990448]
train/correction_patch_cosine: [0.061503224074840546, 0.058699775487184525, 0.0498238243162632, 0.0515502393245697, 0.04251635819673538, 0.03546922653913498, 0.031167779117822647, 0.029536506161093712, 0.03049108199775219, 0.03632307052612305, 0.03753211349248886, 0.047850631177425385, 0.054357994347810745, 0.055990662425756454, 0.05535876005887985, 0.0599198043346405, 0.05585605651140213, 0.04952298477292061, 0.05562226101756096, 0.06320603936910629, 0.06890588998794556, 0.06787781417369843, 0.0677814781665802, 0.06695307046175003, 0.07453321665525436, 0.07266165316104889, 0.06940674781799316, 0.08371751755475998, 0.08277533948421478, 0.07880403101444244, 0.08081253618001938, 0.07341298460960388, 0.07164297252893448, 0.07672218233346939, 0.07683838158845901, 0.0790376216173172, 0.08403278142213821, 0.0878060907125473, 0.08632626384496689, 0.09424100071191788, 0.09374913573265076, 0.09712884575128555, 0.1010003313422203, 0.09528506547212601, 0.09835655242204666]
train/correction_patch_magnitude_ratio: [0.04048615321516991, 0.034349605441093445, 0.03339887782931328, 0.029415298253297806, 0.029529348015785217, 0.02922966144979, 0.028222495689988136, 0.028807412832975388, 0.028864165768027306, 0.028749020770192146, 0.029007112607359886, 0.02891024760901928, 0.02866024523973465, 0.028914330527186394, 0.02911415509879589, 0.027934033423662186, 0.028007259592413902, 0.02784993313252926, 0.026995670050382614, 0.027116477489471436, 0.026960277929902077, 0.02647334523499012, 0.026736082509160042, 0.027035817503929138, 0.02651984430849552, 0.026636408641934395, 0.02669760026037693, 0.026242760941386223, 0.026193933561444283, 0.026179883629083633, 0.02617286704480648, 0.026645449921488762, 0.02673771232366562, 0.02606082893908024, 0.026469364762306213, 0.026105942204594612, 0.025752048939466476, 0.025956517085433006, 0.02669682726264, 0.026429811492562294, 0.026885585859417915, 0.026606367900967598, 0.025721745565533638, 0.026239966973662376, 0.02608950063586235]
train/correction_patch_optimal_scalar: [2.059328556060791, 2.4084632396698, 2.1325032711029053, 2.641179084777832, 2.321941375732422, 2.1273608207702637, 1.9039767980575562, 1.851422905921936, 1.804611086845398, 2.1161937713623047, 2.17107892036438, 2.6952481269836426, 2.8353075981140137, 2.8559072017669678, 2.8613109588623047, 2.9648382663726807, 2.756683111190796, 2.455826759338379, 2.948493719100952, 3.3400356769561768, 3.4150638580322266, 3.158501386642456, 3.1050539016723633, 3.222048044204712, 3.6034555435180664, 3.56850266456604, 3.6011483669281006, 4.243697643280029, 4.037543773651123, 3.78718638420105, 3.960577964782715, 3.667558431625366, 3.9013288021087646, 4.087612628936768, 3.950160026550293, 4.039082050323486, 3.8928990364074707, 4.079649448394775, 3.7961573600769043, 4.069822311401367, 3.9558181762695312, 4.404706001281738, 4.434540748596191, 3.938720941543579, 4.392402172088623]
[test]
test/correction_beneficial_ratio: 0.6233431100845337
test/correction_beneficial_ratio_far: 0.6008021235466003
test/correction_beneficial_ratio_middle: 0.6646614074707031
test/correction_beneficial_ratio_near: 0.6045657992362976
test/correction_cosine_far: 0.0725855827331543
test/correction_cosine_mean: 0.09815701842308044
test/correction_cosine_middle: 0.12434849143028259
test/correction_cosine_near: 0.0975370705127716
test/correction_magnitude_ratio_far: 0.022347858175635338
test/correction_magnitude_ratio_mean: 0.023073501884937286
test/correction_magnitude_ratio_middle: 0.023104708641767502
test/correction_magnitude_ratio_near: 0.023767925798892975
test/correction_optimal_scalar_far: 5.625280380249023
test/correction_optimal_scalar_mean: 6.823861122131348
test/correction_optimal_scalar_middle: 8.105960845947266
test/correction_optimal_scalar_near: 6.740349769592285
test/correction_patch_beneficial_ratio: [0.47801944613456726, 0.5363257527351379, 0.5400277376174927, 0.5849143862724304, 0.5900046229362488, 0.5923183560371399, 0.6163812875747681, 0.6395187377929688, 0.644146203994751, 0.6362795233726501, 0.6427580118179321, 0.6237852573394775, 0.6330402493476868, 0.6436834931373596, 0.6672836542129517, 0.67237389087677, 0.6774641275405884, 0.670522928237915, 0.6783896088600159, 0.6797778606414795, 0.6691346764564514, 0.6534011960029602, 0.6381304860115051, 0.6418324708938599, 0.6626561880111694, 0.6645071506500244, 0.6927348375320435, 0.6608051657676697, 0.6686719059944153, 0.6395187377929688, 0.6247107982635498, 0.6080518364906311, 0.6099027991294861, 0.6071263551712036, 0.601110577583313, 0.6034243702888489, 0.6233225464820862, 0.6325775384902954, 0.6251735091209412, 0.6126793026924133, 0.5941693782806396, 0.577510416507721, 0.5756593942642212, 0.55622398853302, 0.5603886842727661]
test/correction_patch_cosine: [-0.009434214793145657, 0.029522733762860298, 0.04899785295128822, 0.07914095371961594, 0.08358848839998245, 0.09815274178981781, 0.10542847216129303, 0.12507566809654236, 0.12986424565315247, 0.12624919414520264, 0.13464103639125824, 0.12237739562988281, 0.11793894320726395, 0.13408218324184418, 0.1374296098947525, 0.13513079285621643, 0.14084044098854065, 0.13201837241649628, 0.1298639476299286, 0.13741706311702728, 0.12763139605522156, 0.1110234186053276, 0.11360082775354385, 0.10390022397041321, 0.11492373794317245, 0.13017643988132477, 0.13737352192401886, 0.11883851140737534, 0.13375428318977356, 0.09873447567224503, 0.08381281048059464, 0.08395005017518997, 0.07333826273679733, 0.06843411922454834, 0.07805005460977554, 0.08681415021419525, 0.08960793912410736, 0.10295731574296951, 0.09121197462081909, 0.07871410250663757, 0.07171943038702011, 0.052621569484472275, 0.05158190056681633, 0.04416143521666527, 0.031807564198970795]
test/correction_patch_magnitude_ratio: [0.028392408043146133, 0.02609953284263611, 0.02570020593702793, 0.023379245772957802, 0.02393987588584423, 0.024133045226335526, 0.02308792434632778, 0.02336699888110161, 0.023136677220463753, 0.022424140945076942, 0.02271409146487713, 0.022583704441785812, 0.02223338931798935, 0.02251051925122738, 0.022817131131887436, 0.022083668038249016, 0.022665753960609436, 0.023488890379667282, 0.02332896552979946, 0.023767119273543358, 0.023497270420193672, 0.022767655551433563, 0.02281767502427101, 0.023265305906534195, 0.022228321060538292, 0.02257639355957508, 0.02353246696293354, 0.023090796545147896, 0.02339494414627552, 0.02406548149883747, 0.02389872819185257, 0.023886311799287796, 0.024268876761198044, 0.023064227774739265, 0.022774282842874527, 0.02292630635201931, 0.021762480959296227, 0.02164306305348873, 0.0221022330224514, 0.021519942209124565, 0.02167145349085331, 0.021898727864027023, 0.021150687709450722, 0.021288320422172546, 0.021362388506531715]
test/correction_patch_optimal_scalar: [0.7707738280296326, 2.676769495010376, 4.141716957092285, 5.795918941497803, 6.421013832092285, 7.379693031311035, 7.536667346954346, 8.75294303894043, 8.594118118286133, 7.908860206604004, 8.615401268005371, 7.808617115020752, 7.562132358551025, 8.605096817016602, 8.535407066345215, 8.511368751525879, 8.691977500915527, 8.185249328613281, 8.18320369720459, 8.834100723266602, 7.968317031860352, 7.233696460723877, 7.724455833435059, 7.3239336013793945, 7.693221092224121, 8.416065216064453, 8.742612838745117, 8.129430770874023, 8.851303100585938, 7.100495338439941, 5.830234527587891, 6.015973091125488, 5.893447399139404, 5.7728095054626465, 6.401010513305664, 7.120201110839844, 7.08339786529541, 7.4786248207092285, 6.725503921508789, 5.7916460037231445, 5.333954334259033, 4.136328220367432, 3.7355449199676514, 3.6797242164611816, 3.3807766437530518]
