[train]
train/correction_beneficial_ratio: 0.5003257989883423
train/correction_beneficial_ratio_far: 0.49605488777160645
train/correction_beneficial_ratio_middle: 0.4905882179737091
train/correction_beneficial_ratio_near: 0.5143342614173889
train/correction_cosine_far: 0.005271392874419689
train/correction_cosine_mean: 0.009109214879572392
train/correction_cosine_middle: -0.0001393474667565897
train/correction_cosine_near: 0.022195590659976006
train/correction_magnitude_ratio_far: 0.018064048141241074
train/correction_magnitude_ratio_mean: 0.022575179114937782
train/correction_magnitude_ratio_middle: 0.020094195380806923
train/correction_magnitude_ratio_near: 0.029567308723926544
train/correction_optimal_scalar_far: 3.783940553665161
train/correction_optimal_scalar_mean: -0.4220905900001526
train/correction_optimal_scalar_middle: -2.8084168434143066
train/correction_optimal_scalar_near: -2.2418038845062256
train/correction_patch_beneficial_ratio: [0.507574200630188, 0.5355269908905029, 0.527820885181427, 0.517477810382843, 0.5155146718025208, 0.4961469769477844, 0.5002783536911011, 0.4947991371154785, 0.491224467754364, 0.47830289602279663, 0.47976794838905334, 0.48000234365463257, 0.5037358403205872, 0.5062849521636963, 0.5004541873931885, 0.48471975326538086, 0.4909900724887848, 0.49327552318573, 0.5019484758377075, 0.49746549129486084, 0.503530740737915]
train/correction_patch_cosine: [0.0178343765437603, 0.03977973759174347, 0.03537281975150108, 0.026441484689712524, 0.019675839692354202, 0.008207888342440128, 0.008057071827352047, 0.0033203824423253536, 0.00027716706972569227, -0.012562989257276058, -0.009055244736373425, -0.009458373300731182, 0.011288013309240341, 0.015215574763715267, 0.007065969984978437, -0.006141758058220148, 0.0014983518049120903, 0.00851407926529646, 0.012721334584057331, 0.006186326500028372, 0.007055463269352913]
train/correction_patch_magnitude_ratio: [0.04451645165681839, 0.032507237046957016, 0.02997221052646637, 0.027580229565501213, 0.025320200249552727, 0.02442735619843006, 0.022647449746727943, 0.02120707742869854, 0.020805180072784424, 0.02061600238084793, 0.020475583150982857, 0.020556293427944183, 0.018990561366081238, 0.018008630722761154, 0.01798226311802864, 0.01808328367769718, 0.01826668158173561, 0.01867070607841015, 0.018042000010609627, 0.017502011731266975, 0.017901357263326645]
train/correction_patch_optimal_scalar: [1.2181028127670288, 2.252506732940674, -3.369781970977783, -5.641061305999756, -3.289166212081909, -2.8602747917175293, -4.002946853637695, -4.755599498748779, -6.206114292144775, -8.346746444702148, 3.2693521976470947, 0.12609092891216278, -1.8770935535430908, -1.8687931299209595, 4.769068241119385, 9.536019325256348, 6.854133605957031, 3.912285804748535, 2.2515597343444824, 3.390009880065918, -4.225450038909912]
[test]
test/correction_beneficial_ratio: 0.466930627822876
test/correction_beneficial_ratio_far: 0.4710390269756317
test/correction_beneficial_ratio_middle: 0.46995338797569275
test/correction_beneficial_ratio_near: 0.45979946851730347
test/correction_cosine_far: -0.017422622069716454
test/correction_cosine_mean: -0.022076288238167763
test/correction_cosine_middle: -0.0158382635563612
test/correction_cosine_near: -0.03296799585223198
test/correction_magnitude_ratio_far: 0.016702990978956223
test/correction_magnitude_ratio_mean: 0.020043667405843735
test/correction_magnitude_ratio_middle: 0.01796063594520092
test/correction_magnitude_ratio_near: 0.025467384606599808
test/correction_optimal_scalar_far: 6.239461421966553
test/correction_optimal_scalar_mean: -0.14842098951339722
test/correction_optimal_scalar_middle: -0.16810782253742218
test/correction_optimal_scalar_near: -6.516620635986328
test/correction_patch_beneficial_ratio: [0.45024585723876953, 0.4506034851074219, 0.44076889753341675, 0.4449709355831146, 0.4623155891895294, 0.48126956820487976, 0.4884220063686371, 0.4764416515827179, 0.47215020656585693, 0.4650871753692627, 0.4708985388278961, 0.47393831610679626, 0.47670987248420715, 0.4544479250907898, 0.4732230603694916, 0.4837729036808014, 0.476531058549881, 0.4708985388278961, 0.45149755477905273, 0.4624944031238556, 0.47885560989379883]
test/correction_patch_cosine: [-0.03375657647848129, -0.0462627150118351, -0.05891895666718483, -0.05512888357043266, -0.03986041992902756, -0.0035482817329466343, 0.006699868943542242, -0.012802541255950928, -0.020355595275759697, -0.021548915654420853, -0.016028624027967453, -0.006558225490152836, -0.007491199299693108, -0.026082703843712807, -0.011020572856068611, -0.005868142005056143, -0.006882851477712393, -0.013760748319327831, -0.037705548107624054, -0.034856148064136505, -0.011864268220961094]
test/correction_patch_magnitude_ratio: [0.03717776760458946, 0.026578065007925034, 0.025429990142583847, 0.023925503715872765, 0.022454483434557915, 0.02235633134841919, 0.020349564030766487, 0.01829526014626026, 0.018148625269532204, 0.01848893240094185, 0.018795577809214592, 0.018967729061841965, 0.017279094085097313, 0.015749188140034676, 0.01599714159965515, 0.01671125367283821, 0.017419861629605293, 0.017732912674546242, 0.01664144918322563, 0.015834013000130653, 0.016584286466240883]
test/correction_patch_optimal_scalar: [1.470656156539917, -2.9253599643707275, -15.881568908691406, -22.88737678527832, -7.4090986251831055, -2.4271469116210938, 4.443600654602051, 4.330110549926758, -13.671211242675781, -14.34141731262207, 6.334284782409668, 6.135692119598389, 4.908320426940918, 5.127455711364746, 13.4536714553833, 19.1140193939209, 7.230823993682861, 3.6985325813293457, 1.6133179664611816, 8.53307056427002, -9.967215538024902]
