[train]
train/correction_beneficial_ratio: 0.5121448636054993
train/correction_beneficial_ratio_far: 0.5489584803581238
train/correction_beneficial_ratio_middle: 0.51614910364151
train/correction_beneficial_ratio_near: 0.47132694721221924
train/correction_cosine_far: 0.04046213626861572
train/correction_cosine_mean: 0.017359016463160515
train/correction_cosine_middle: 0.022941110655665398
train/correction_cosine_near: -0.011326189152896404
train/correction_magnitude_ratio_far: 0.018391059711575508
train/correction_magnitude_ratio_mean: 0.022217588499188423
train/correction_magnitude_ratio_middle: 0.02142525650560856
train/correction_magnitude_ratio_near: 0.0268364530056715
train/correction_optimal_scalar_far: 3.636702299118042
train/correction_optimal_scalar_mean: 2.119271993637085
train/correction_optimal_scalar_middle: 2.255843162536621
train/correction_optimal_scalar_near: 0.46526822447776794
train/correction_patch_beneficial_ratio: [0.44332268834114075, 0.4538019299507141, 0.4481789171695709, 0.4434504806995392, 0.46952077746391296, 0.47156548500061035, 0.4734824299812317, 0.46952077746391296, 0.4661980867385864, 0.4730990529060364, 0.4833226799964905, 0.4872843325138092, 0.49035143852233887, 0.4996805191040039, 0.4971246123313904, 0.49175718426704407, 0.4981469511985779, 0.5069648623466492, 0.5008306503295898, 0.4996805191040039, 0.5067092776298523, 0.5030031800270081, 0.5092651844024658, 0.5238338708877563, 0.5326517820358276, 0.540830671787262, 0.5340574979782104, 0.5299680233001709, 0.5352076888084412, 0.5293290615081787, 0.5269009470939636, 0.5431309938430786, 0.5372523665428162, 0.5445367693901062, 0.5293290615081787, 0.5440255403518677, 0.5357188582420349, 0.5390415191650391, 0.5566773414611816, 0.557060718536377, 0.5685623288154602, 0.5731629133224487, 0.5610223412513733, 0.5638338923454285, 0.5541214346885681]
train/correction_patch_cosine: [-0.026840878650546074, -0.028456388041377068, -0.03534232825040817, -0.034883588552474976, -0.016949335113167763, -0.013247155584394932, -0.007218251004815102, -0.007034077309072018, -0.010907608084380627, -0.008254509419202805, -0.0013448660029098392, -0.0014351101126521826, 0.0027135449927300215, 0.014822360128164291, 0.004485106095671654, 0.0005027834558859468, 0.00900565180927515, 0.01682250201702118, 0.013596932403743267, 0.016980981454253197, 0.0182582288980484, 0.015050179325044155, 0.024051014333963394, 0.0324925035238266, 0.03306034952402115, 0.03890584409236908, 0.03339586406946182, 0.0253144558519125, 0.03524436429142952, 0.03143494948744774, 0.02896943874657154, 0.03863551840186119, 0.03686501458287239, 0.03401375934481621, 0.027937183156609535, 0.03489641472697258, 0.03290002420544624, 0.03479868173599243, 0.04404023662209511, 0.044956501573324203, 0.052893031388521194, 0.05386561155319214, 0.04700372368097305, 0.04905054345726967, 0.04610658809542656]
train/correction_patch_magnitude_ratio: [0.03783854469656944, 0.03169343248009682, 0.03005317971110344, 0.02770022675395012, 0.027574986219406128, 0.02702799066901207, 0.026348907500505447, 0.025837648659944534, 0.02520814538002014, 0.024675991386175156, 0.023967411369085312, 0.023815324530005455, 0.023692088201642036, 0.02371779829263687, 0.023395109921693802, 0.02301059663295746, 0.022837210446596146, 0.022839456796646118, 0.02269747294485569, 0.022218545898795128, 0.021869730204343796, 0.021694548428058624, 0.021367529407143593, 0.021382078528404236, 0.021036064252257347, 0.020684506744146347, 0.020467517897486687, 0.019897816702723503, 0.0198926143348217, 0.019483178853988647, 0.019511902704834938, 0.019420228898525238, 0.019115610048174858, 0.018828533589839935, 0.018612762913107872, 0.018439587205648422, 0.018575623631477356, 0.01824304088950157, 0.01839016191661358, 0.018225524574518204, 0.018123717978596687, 0.01780630461871624, 0.017580546438694, 0.017609259113669395, 0.017383050173521042]
train/correction_patch_optimal_scalar: [-0.4355739653110504, -0.5509117841720581, -0.41781219840049744, -0.5870924592018127, 0.21646738052368164, 0.3529624342918396, 0.817086398601532, 0.8529245853424072, 0.7154682874679565, 0.6082653999328613, 0.8298152685165405, 0.7086434364318848, 0.9821481108665466, 1.7384297847747803, 1.1481958627700806, 0.7689289450645447, 1.3580271005630493, 2.0099105834960938, 1.7332273721694946, 1.8797918558120728, 2.0556180477142334, 1.8688069581985474, 2.464860200881958, 3.039306640625, 2.953826427459717, 3.0361886024475098, 2.7756359577178955, 2.2753872871398926, 2.8577587604522705, 2.7603979110717773, 2.601012706756592, 3.2099709510803223, 3.1562445163726807, 2.834286689758301, 2.43851637840271, 3.248924493789673, 3.362114667892456, 3.513066053390503, 4.266963958740234, 4.379750728607178, 4.753122329711914, 4.746150016784668, 4.169079303741455, 4.101320266723633, 3.7700319290161133]
[test]
test/correction_beneficial_ratio: 0.4686616361141205
test/correction_beneficial_ratio_far: 0.505506694316864
test/correction_beneficial_ratio_middle: 0.41644299030303955
test/correction_beneficial_ratio_near: 0.4840351641178131
test/correction_cosine_far: 0.023349767550826073
test/correction_cosine_mean: -0.0067689912393689156
test/correction_cosine_middle: -0.05015619099140167
test/correction_cosine_near: 0.0064993491396307945
test/correction_magnitude_ratio_far: 0.022252937778830528
test/correction_magnitude_ratio_mean: 0.02503434382379055
test/correction_magnitude_ratio_middle: 0.024519678205251694
test/correction_magnitude_ratio_near: 0.02833043783903122
test/correction_optimal_scalar_far: 1.068162202835083
test/correction_optimal_scalar_mean: -0.09011702239513397
test/correction_optimal_scalar_middle: -1.9796268939971924
test/correction_optimal_scalar_near: 0.6411119103431702
test/correction_patch_beneficial_ratio: [0.44007402658462524, 0.4206385910511017, 0.43267005681991577, 0.41832485795021057, 0.4585839807987213, 0.4627487361431122, 0.4872744083404541, 0.5201295614242554, 0.5164275765419006, 0.5349375009536743, 0.5261452794075012, 0.5219805836677551, 0.508560836315155, 0.5122628211975098, 0.49976861476898193, 0.4692271947860718, 0.4507172703742981, 0.4409995377063751, 0.41230911016464233, 0.3965756595134735, 0.39796391129493713, 0.37251272797584534, 0.364183247089386, 0.39703840017318726, 0.42804256081581116, 0.4331327974796295, 0.4548819959163666, 0.41601109504699707, 0.400740385055542, 0.41230911016464233, 0.4266543388366699, 0.4488662779331207, 0.48357242345809937, 0.4858861565589905, 0.4761684536933899, 0.5067098736763, 0.5367885231971741, 0.534474790096283, 0.562702476978302, 0.5395650267601013, 0.513188362121582, 0.5011568665504456, 0.5099490880966187, 0.5173530578613281, 0.5395650267601013]
test/correction_patch_cosine: [-0.03533117473125458, -0.048550788313150406, -0.04246927425265312, -0.05404837056994438, -0.005430568475276232, 0.0015965602360665798, 0.013647329993546009, 0.03173508122563362, 0.02934153936803341, 0.03730953112244606, 0.036323122680187225, 0.0397067554295063, 0.027966849505901337, 0.036476340144872665, 0.02921745926141739, 0.0005074968212284148, -0.0178486630320549, -0.023556187748908997, -0.06058444082736969, -0.0720629170536995, -0.06479290127754211, -0.09679491072893143, -0.09304329752922058, -0.06366797536611557, -0.049447908997535706, -0.030740534886717796, -0.021504243835806847, -0.05248052626848221, -0.05152162164449692, -0.0548035204410553, -0.04409481957554817, -0.029820546507835388, -0.0026332743000239134, -0.006665141321718693, -0.0008031182223930955, 0.03171543404459953, 0.05156278982758522, 0.055844467133283615, 0.08483385294675827, 0.05065208673477173, 0.02627755142748356, 0.02429136447608471, 0.01959908753633499, 0.027925902977585793, 0.06156167387962341]
test/correction_patch_magnitude_ratio: [0.0360042080283165, 0.03142869099974632, 0.029331034049391747, 0.028073299676179886, 0.02912389673292637, 0.028180977329611778, 0.029085487127304077, 0.028819208964705467, 0.027190057560801506, 0.027138356119394302, 0.026417292654514313, 0.026031827554106712, 0.02614443190395832, 0.026379471644759178, 0.025608258321881294, 0.025713521987199783, 0.025648951530456543, 0.025568824261426926, 0.025889568030834198, 0.025424115359783173, 0.02438782900571823, 0.024438288062810898, 0.023885168135166168, 0.023659102618694305, 0.024009039625525475, 0.02390914224088192, 0.023949069902300835, 0.023605747148394585, 0.024231601506471634, 0.023474890738725662, 0.024197842925786972, 0.024249976500868797, 0.023483574390411377, 0.022933730855584145, 0.022496674209833145, 0.021979570388793945, 0.022405242547392845, 0.021945249289274216, 0.022219209000468254, 0.022040599957108498, 0.02179448865354061, 0.02128441445529461, 0.021105701103806496, 0.02116830088198185, 0.02048959955573082]
test/correction_patch_optimal_scalar: [-0.8389506340026855, -1.2736948728561401, -1.1575676202774048, -1.9371439218521118, -0.24217736721038818, 0.28308892250061035, 0.5182214379310608, 1.381524682044983, 1.2930428981781006, 1.5973206758499146, 1.738552212715149, 2.1630184650421143, 1.676882028579712, 2.3088181018829346, 2.105764627456665, 0.38762640953063965, 0.031063759699463844, -0.4505428969860077, -1.9632833003997803, -2.7883071899414062, -2.8153436183929443, -4.339749813079834, -4.447615146636963, -3.112837553024292, -2.2758069038391113, -1.6020169258117676, -0.787719190120697, -1.870831847190857, -1.888428807258606, -1.7706245183944702, -1.5664325952529907, -0.9718135595321655, 0.003220600076019764, -0.18511196970939636, -0.12145956605672836, 1.4796844720840454, 2.4311890602111816, 2.4590699672698975, 3.513345241546631, 2.206674337387085, 0.7204681634902954, 0.6443777680397034, 0.8025364875793457, 1.2462037801742554, 3.360501766204834]
