[train]
train/correction_beneficial_ratio: 0.535223126411438
train/correction_beneficial_ratio_far: 0.5177082419395447
train/correction_beneficial_ratio_middle: 0.5461887717247009
train/correction_beneficial_ratio_near: 0.5417724847793579
train/correction_cosine_far: 0.012583394534885883
train/correction_cosine_mean: 0.03295263275504112
train/correction_cosine_middle: 0.03922463580965996
train/correction_cosine_near: 0.04704988747835159
train/correction_magnitude_ratio_far: 0.020971864461898804
train/correction_magnitude_ratio_mean: 0.026060711592435837
train/correction_magnitude_ratio_middle: 0.021248426288366318
train/correction_magnitude_ratio_near: 0.0359618254005909
train/correction_optimal_scalar_far: 1.0549896955490112
train/correction_optimal_scalar_mean: 1.7201335430145264
train/correction_optimal_scalar_middle: 2.521317958831787
train/correction_optimal_scalar_near: 1.5840916633605957
train/correction_patch_beneficial_ratio: [0.5238369703292847, 0.5384847521781921, 0.5402402877807617, 0.5673688650131226, 0.5483596920967102, 0.5334375500679016, 0.5406791567802429, 0.5483047962188721, 0.5721691846847534, 0.5804805755615234, 0.5725806355476379, 0.5456440448760986, 0.5131665468215942, 0.49097540974617004, 0.4757790267467499, 0.4823348820209503, 0.49659863114356995, 0.5248518586158752, 0.5579328536987305, 0.5595238208770752, 0.5269365906715393]
train/correction_patch_cosine: [0.04574120044708252, 0.04753967002034187, 0.050354551523923874, 0.06522461026906967, 0.04464950039982796, 0.03368260711431503, 0.04215697571635246, 0.051020361483097076, 0.0703439861536026, 0.0712236687541008, 0.061017584055662155, 0.033866021782159805, 0.004762408789247274, -0.017661742866039276, -0.028433823958039284, -0.018037552013993263, -0.003225041553378105, 0.021213145926594734, 0.045748788863420486, 0.0483347587287426, 0.02248358726501465]
train/correction_patch_magnitude_ratio: [0.05919735133647919, 0.041700493544340134, 0.03475603833794594, 0.0330970473587513, 0.03160487860441208, 0.027603724971413612, 0.023773306980729103, 0.02245451882481575, 0.02062251605093479, 0.019398966804146767, 0.01899099163711071, 0.020037034526467323, 0.02219211496412754, 0.025042833760380745, 0.026539821177721024, 0.025898927822709084, 0.02299237996339798, 0.019389444962143898, 0.01698249951004982, 0.01665971428155899, 0.018340324983000755]
train/correction_patch_optimal_scalar: [0.7552140355110168, 1.0559879541397095, 1.743828535079956, 2.2824008464813232, 1.4518266916275024, 1.2489619255065918, 2.550422191619873, 3.159529685974121, 4.154011249542236, 4.345329761505127, 3.368069648742676, 1.80945885181427, 0.7828391194343567, 0.02998599410057068, -0.4196189045906067, -0.14966660737991333, 0.4132516384124756, 1.4965671300888062, 2.751842975616455, 2.549844741821289, 0.7427178025245667]
[test]
test/correction_beneficial_ratio: 0.5263435244560242
test/correction_beneficial_ratio_far: 0.5142521262168884
test/correction_beneficial_ratio_middle: 0.5338943004608154
test/correction_beneficial_ratio_near: 0.5308842658996582
test/correction_cosine_far: 0.0052962591871619225
test/correction_cosine_mean: 0.022588146850466728
test/correction_cosine_middle: 0.027815576642751694
test/correction_cosine_near: 0.034652646631002426
test/correction_magnitude_ratio_far: 0.014850391075015068
test/correction_magnitude_ratio_mean: 0.018809624016284943
test/correction_magnitude_ratio_middle: 0.015198539942502975
test/correction_magnitude_ratio_near: 0.02637997828423977
test/correction_optimal_scalar_far: -0.7491022348403931
test/correction_optimal_scalar_mean: 0.4750059247016907
test/correction_optimal_scalar_middle: 1.4921185970306396
test/correction_optimal_scalar_near: 0.6820008158683777
test/correction_patch_beneficial_ratio: [0.5494903922080994, 0.5812426209449768, 0.5592904686927795, 0.5236181616783142, 0.49441394209861755, 0.49960801005363464, 0.508526086807251, 0.5508624315261841, 0.5567424297332764, 0.5192081332206726, 0.5153861045837402, 0.5300862193107605, 0.5373383164405823, 0.5276362299919128, 0.5070560574531555, 0.501960039138794, 0.5309682488441467, 0.5337122678756714, 0.5073500871658325, 0.49598196148872375, 0.5227361917495728]
test/correction_patch_cosine: [0.0578685998916626, 0.0853869765996933, 0.0672200471162796, 0.024998869746923447, -0.005754886195063591, -0.0026612987276166677, 0.015510189346969128, 0.04820449277758598, 0.05167819932103157, 0.018197448924183846, 0.015202072449028492, 0.02882825769484043, 0.024172788485884666, 0.008425598032772541, -0.005355012137442827, -0.006821046583354473, 0.011073504574596882, 0.023058578372001648, 0.001685339491814375, -0.003316499525681138, 0.016748832538723946]
test/correction_patch_magnitude_ratio: [0.04614150896668434, 0.031302496790885925, 0.02506961114704609, 0.023355567827820778, 0.022277723997831345, 0.01908620074391365, 0.01742652803659439, 0.016896048560738564, 0.016095582395792007, 0.0149042634293437, 0.013974140398204327, 0.013894784264266491, 0.014726027846336365, 0.015898894518613815, 0.0166711937636137, 0.016610989347100258, 0.015629488974809647, 0.01445467583835125, 0.013632194139063358, 0.013109899125993252, 0.013844328932464123]
test/correction_patch_optimal_scalar: [0.9553642868995667, 2.164196014404297, 2.947746992111206, 0.7926250100135803, -0.41286152601242065, -1.1684490442276, -0.5046162009239197, 1.7510144710540771, 2.2906453609466553, 0.37456363439559937, 0.6016005277633667, 2.272815704345703, 1.8966941833496094, 1.2574989795684814, -0.012824369594454765, -0.6946212649345398, 0.3296334147453308, 0.9371193051338196, -1.9305366277694702, -2.6976816654205322, -1.1748024225234985]
