[train]
train/correction_beneficial_ratio: 0.3957195281982422
train/correction_beneficial_ratio_far: 0.41241466999053955
train/correction_beneficial_ratio_middle: 0.38400354981422424
train/correction_beneficial_ratio_near: 0.39074036478996277
train/correction_cosine_far: -0.06904008984565735
train/correction_cosine_mean: -0.08321014046669006
train/correction_cosine_middle: -0.10147713869810104
train/correction_cosine_near: -0.07911323010921478
train/correction_magnitude_ratio_far: 0.08875882625579834
train/correction_magnitude_ratio_mean: 0.09887930005788803
train/correction_magnitude_ratio_middle: 0.09416241943836212
train/correction_magnitude_ratio_near: 0.11371661722660065
train/correction_optimal_scalar_far: 2.3961126804351807
train/correction_optimal_scalar_mean: 1.6615700721740723
train/correction_optimal_scalar_middle: 0.9723904728889465
train/correction_optimal_scalar_near: 1.6162077188491821
train/correction_patch_beneficial_ratio: [0.4293673038482666, 0.4221366047859192, 0.4000000059604645, 0.37638169527053833, 0.3895391821861267, 0.40616387128829956, 0.407467782497406, 0.39235442876815796, 0.3764113187789917, 0.3635205328464508, 0.372440367937088, 0.3795525133609772, 0.38091570138931274, 0.3893613815307617, 0.375492662191391, 0.3609127402305603, 0.3657134473323822, 0.3780708312988281, 0.38041192293167114, 0.3769743740558624, 0.3674618601799011, 0.3698325753211975, 0.3818047046661377, 0.39353978633880615, 0.40121498703956604, 0.3978663384914398, 0.3885316252708435, 0.3869313895702362, 0.40263742208480835, 0.4081493616104126, 0.4107571542263031, 0.40835678577423096, 0.4029337763786316, 0.40254852175712585, 0.4053933918476105, 0.4197658896446228, 0.42711514234542847, 0.4201214909553528, 0.40945324301719666, 0.4069936275482178, 0.4134538471698761, 0.4173358976840973, 0.4213661253452301, 0.41508370637893677, 0.4055415689945221]
train/correction_patch_cosine: [-0.0037368121556937695, -0.0373818576335907, -0.06916020810604095, -0.09062355011701584, -0.07545525580644608, -0.05401935800909996, -0.0525566041469574, -0.07750289142131805, -0.10664792358875275, -0.11571142822504044, -0.10264057666063309, -0.0961301401257515, -0.09350515902042389, -0.09519525617361069, -0.11643099784851074, -0.1268042027950287, -0.11925332248210907, -0.10768897086381912, -0.10315636545419693, -0.10902438312768936, -0.11955741047859192, -0.11876635998487473, -0.10928261280059814, -0.09479254484176636, -0.08380065113306046, -0.08647739142179489, -0.09747570008039474, -0.09458089619874954, -0.08003806322813034, -0.07145814597606659, -0.06669329851865768, -0.07054915279150009, -0.07597102969884872, -0.0750628188252449, -0.06883206218481064, -0.055446937680244446, -0.048933472484350204, -0.06129412725567818, -0.07859277725219727, -0.07825955003499985, -0.06934883445501328, -0.06574975699186325, -0.06149202212691307, -0.07229187339544296, -0.08708347380161285]
train/correction_patch_magnitude_ratio: [0.1634962111711502, 0.1299634873867035, 0.1181371733546257, 0.1126677542924881, 0.11136958003044128, 0.11561895906925201, 0.11492098867893219, 0.10974954813718796, 0.10546277463436127, 0.10345663875341415, 0.10434307157993317, 0.10842381417751312, 0.10784780979156494, 0.10200977325439453, 0.09828154742717743, 0.09640998393297195, 0.09659141302108765, 0.09945894777774811, 0.10027420520782471, 0.09759393334388733, 0.09451482445001602, 0.09216804057359695, 0.09211429953575134, 0.09486903250217438, 0.09471051394939423, 0.09250116348266602, 0.09064861387014389, 0.08942417055368423, 0.08921530097723007, 0.09194178879261017, 0.0929655209183693, 0.09088793396949768, 0.08835996687412262, 0.0866178423166275, 0.08775937557220459, 0.09023120254278183, 0.09017390757799149, 0.08834587037563324, 0.08716901391744614, 0.0864553153514862, 0.08747321367263794, 0.08990214765071869, 0.08964666724205017, 0.08827417343854904, 0.08712071180343628]
train/correction_patch_optimal_scalar: [2.6088919639587402, 3.3199501037597656, 2.6083316802978516, 0.4963178038597107, -0.002998722717165947, 0.7814183831214905, 3.3386881351470947, 3.1028554439544678, 1.1081594228744507, -0.8096922636032104, -0.5817609429359436, 0.10797685384750366, 2.465630054473877, 3.197054147720337, 2.502275228500366, 0.45139190554618835, -0.4745618999004364, 0.5855898261070251, 3.063499927520752, 3.1087584495544434, 1.4622278213500977, -0.15417997539043427, -0.22341957688331604, 0.045213114470243454, 1.9630764722824097, 2.112490177154541, 1.7952368259429932, 0.532395601272583, 0.06746604293584824, 0.2506442070007324, 2.3615522384643555, 2.819025993347168, 2.7318875789642334, 1.597435712814331, 0.8620771169662476, 1.2383921146392822, 2.645297050476074, 2.755347490310669, 3.209333896636963, 2.7266061305999756, 2.115624189376831, 1.5719939470291138, 3.5559444427490234, 3.2069437503814697, 2.5442681312561035]
[test]
test/correction_beneficial_ratio: 0.3249925374984741
test/correction_beneficial_ratio_far: 0.32610559463500977
test/correction_beneficial_ratio_middle: 0.30716291069984436
test/correction_beneficial_ratio_near: 0.34170910716056824
test/correction_cosine_far: -0.15754380822181702
test/correction_cosine_mean: -0.15718664228916168
test/correction_cosine_middle: -0.1867896318435669
test/correction_cosine_near: -0.1272263526916504
test/correction_magnitude_ratio_far: 0.07435022294521332
test/correction_magnitude_ratio_mean: 0.08437610417604446
test/correction_magnitude_ratio_middle: 0.08182556927204132
test/correction_magnitude_ratio_near: 0.09695253521203995
test/correction_optimal_scalar_far: -3.0656509399414062
test/correction_optimal_scalar_mean: -3.701629161834717
test/correction_optimal_scalar_middle: -5.516567230224609
test/correction_optimal_scalar_near: -2.5226731300354004
test/correction_patch_beneficial_ratio: [0.3797796368598938, 0.3790389895439148, 0.3456161320209503, 0.3262660801410675, 0.34006109833717346, 0.36672529578208923, 0.3776502311229706, 0.3485788404941559, 0.3280251920223236, 0.3191371262073517, 0.3273770809173584, 0.3374687433242798, 0.3330247104167938, 0.31561893224716187, 0.30126839876174927, 0.29987964034080505, 0.3094157874584198, 0.3359874188899994, 0.3423756957054138, 0.3295991122722626, 0.3120081424713135, 0.30247199535369873, 0.29599112272262573, 0.29802796244621277, 0.2999722361564636, 0.29015833139419556, 0.27506712079048157, 0.2825664281845093, 0.3053421080112457, 0.32858067750930786, 0.332376629114151, 0.3197852075099945, 0.30423107743263245, 0.30460143089294434, 0.3096935451030731, 0.3327469825744629, 0.34006109833717346, 0.33941301703453064, 0.32867327332496643, 0.32219240069389343, 0.31598925590515137, 0.3299694359302521, 0.3413572907447815, 0.34154245257377625, 0.32895103096961975]
test/correction_patch_cosine: [-0.052883654832839966, -0.08528156578540802, -0.11732443422079086, -0.13147181272506714, -0.11358112096786499, -0.0880025252699852, -0.0831167921423912, -0.11906570196151733, -0.1520620733499527, -0.1607102006673813, -0.15545299649238586, -0.14271321892738342, -0.14574390649795532, -0.1653962880373001, -0.19558916985988617, -0.19943709671497345, -0.18206459283828735, -0.14793911576271057, -0.13992224633693695, -0.16532431542873383, -0.1922559142112732, -0.19993822276592255, -0.20254571735858917, -0.19730813801288605, -0.19010958075523376, -0.20386254787445068, -0.21938683092594147, -0.21205076575279236, -0.18832948803901672, -0.16137103736400604, -0.15171508491039276, -0.16528023779392242, -0.1836124062538147, -0.18332502245903015, -0.17302416265010834, -0.15006111562252045, -0.13831673562526703, -0.14768467843532562, -0.16235429048538208, -0.16316837072372437, -0.1616266369819641, -0.14807869493961334, -0.13411538302898407, -0.1445133090019226, -0.1562822014093399]
test/correction_patch_magnitude_ratio: [0.14118756353855133, 0.11117272824048996, 0.10137332230806351, 0.09898782521486282, 0.09849565476179123, 0.10182839632034302, 0.09893395006656647, 0.09137337654829025, 0.08719031512737274, 0.08635462820529938, 0.08820710331201553, 0.09323936700820923, 0.09117311239242554, 0.08412198722362518, 0.08064892888069153, 0.0805257111787796, 0.08269257843494415, 0.08742988854646683, 0.08658644556999207, 0.0820675864815712, 0.07911746948957443, 0.07843626290559769, 0.08030557632446289, 0.0835748240351677, 0.08385495096445084, 0.08131933212280273, 0.08001680672168732, 0.07918251305818558, 0.07989796996116638, 0.08237528055906296, 0.08138367533683777, 0.07777389138936996, 0.07505960762500763, 0.07438244670629501, 0.07651755213737488, 0.07822723686695099, 0.07667757570743561, 0.07383041828870773, 0.07243553549051285, 0.07088452577590942, 0.07132407277822495, 0.07394743710756302, 0.07319148629903793, 0.07053613662719727, 0.06908152997493744]
test/correction_patch_optimal_scalar: [1.018731951713562, -0.009925838559865952, -1.504838228225708, -3.687861204147339, -3.751629590988159, -3.540069103240967, 0.761096179485321, -0.07504766434431076, -3.1757614612579346, -5.780503749847412, -6.051042556762695, -5.242039203643799, -1.8398101329803467, -1.099628210067749, -3.861748456954956, -4.6263322830200195, -6.840723037719727, -5.670394420623779, -2.7086291313171387, -2.9059083461761475, -6.176867485046387, -8.264941215515137, -7.79966926574707, -5.348208427429199, -2.887422561645508, -2.8133089542388916, -5.385919094085693, -7.890834808349609, -7.520102500915527, -5.909255504608154, -3.0139291286468506, -1.641135334968567, -2.492949962615967, -4.243973731994629, -5.660528182983398, -5.296597957611084, -3.3088083267211914, -2.541184425354004, -4.7114338874816895, -4.672986030578613, -3.1657116413116455, -3.3791027069091797, 0.08064063638448715, -0.18466633558273315, -1.7523313760757446]
