[train]
train/correction_beneficial_ratio: 0.5223661661148071
train/correction_beneficial_ratio_far: 0.5117597579956055
train/correction_beneficial_ratio_middle: 0.5368271470069885
train/correction_beneficial_ratio_near: 0.5185115337371826
train/correction_cosine_far: 0.008239958435297012
train/correction_cosine_mean: 0.020893210545182228
train/correction_cosine_middle: 0.028888395056128502
train/correction_cosine_near: 0.02555125206708908
train/correction_magnitude_ratio_far: 0.01883799396455288
train/correction_magnitude_ratio_mean: 0.023646559566259384
train/correction_magnitude_ratio_middle: 0.019535960629582405
train/correction_magnitude_ratio_near: 0.03256570175290108
train/correction_optimal_scalar_far: -0.14591218531131744
train/correction_optimal_scalar_mean: 0.6951149106025696
train/correction_optimal_scalar_middle: 1.6550294160842896
train/correction_optimal_scalar_near: 0.5762299299240112
train/correction_patch_beneficial_ratio: [0.4839806854724884, 0.5054311752319336, 0.5136877298355103, 0.553708553314209, 0.5560675859451294, 0.524632453918457, 0.4920726418495178, 0.5321757793426514, 0.5803160071372986, 0.5696181654930115, 0.5458909273147583, 0.5293504595756531, 0.5121516585350037, 0.4882872402667999, 0.4782203137874603, 0.48274633288383484, 0.5017006993293762, 0.527786910533905, 0.5394997000694275, 0.5348639488220215, 0.5175005197525024]
train/correction_patch_cosine: [0.022813208401203156, 0.022465907037258148, 0.023141881451010704, 0.0504140742123127, 0.051630597561597824, 0.015824085101485252, -0.007430919911712408, 0.03209875896573067, 0.07220926135778427, 0.06199847161769867, 0.036568254232406616, 0.01840532012283802, 0.0004494776076171547, -0.01951071061193943, -0.028208082541823387, -0.017180372029542923, 0.0013275470118969679, 0.02434464544057846, 0.034913502633571625, 0.027250563725829124, 0.015231949277222157]
train/correction_patch_magnitude_ratio: [0.05034232512116432, 0.037203509360551834, 0.032756730914115906, 0.0316862016916275, 0.031099963933229446, 0.02548542432487011, 0.019385889172554016, 0.018210405483841896, 0.017911890521645546, 0.018216639757156372, 0.018630361184477806, 0.01975000649690628, 0.021261077374219894, 0.022771306335926056, 0.02276051789522171, 0.021164700388908386, 0.018732111901044846, 0.016847334802150726, 0.016495104879140854, 0.017080005258321762, 0.018786190077662468]
train/correction_patch_optimal_scalar: [0.340879887342453, 0.5081630945205688, 0.4468659460544586, 1.099015712738037, 1.2899737358093262, 0.42253103852272034, -0.07382027059793472, 2.3904004096984863, 4.5540666580200195, 3.5355265140533447, 1.4872875213623047, 0.5056194067001343, 0.009480579756200314, -0.8971900343894958, -1.4229578971862793, -1.372280240058899, -0.9036509990692139, 0.011675811372697353, 0.9463415741920471, 0.9809939861297607, 0.738490641117096]
[test]
test/correction_beneficial_ratio: 0.5200481414794922
test/correction_beneficial_ratio_far: 0.49803999066352844
test/correction_beneficial_ratio_middle: 0.5335022807121277
test/correction_beneficial_ratio_near: 0.5286022424697876
test/correction_cosine_far: -0.004745714832097292
test/correction_cosine_mean: 0.017872484400868416
test/correction_cosine_middle: 0.03057469241321087
test/correction_cosine_near: 0.027788445353507996
test/correction_magnitude_ratio_far: 0.013407204300165176
test/correction_magnitude_ratio_mean: 0.016981590539216995
test/correction_magnitude_ratio_middle: 0.013512237928807735
test/correction_magnitude_ratio_near: 0.024025358259677887
test/correction_optimal_scalar_far: -2.1412148475646973
test/correction_optimal_scalar_mean: -0.010321436449885368
test/correction_optimal_scalar_middle: 1.8999066352844238
test/correction_optimal_scalar_near: 0.21034257113933563
test/correction_patch_beneficial_ratio: [0.5494903922080994, 0.5560564398765564, 0.5274401903152466, 0.5241081714630127, 0.5113680958747864, 0.5001959800720215, 0.531556248664856, 0.5659545063972473, 0.5551744699478149, 0.5195021629333496, 0.513818085193634, 0.5170521140098572, 0.5340062975883484, 0.5290082097053528, 0.5042140483856201, 0.4973539710044861, 0.5116620659828186, 0.5062720775604248, 0.48245784640312195, 0.4773618280887604, 0.5069580674171448]
test/correction_patch_cosine: [0.05776769295334816, 0.05810362100601196, 0.025983955711126328, 0.017779184505343437, 0.006486097350716591, 0.002642815001308918, 0.025755831971764565, 0.057269901037216187, 0.05299587547779083, 0.0205257385969162, 0.009417266584932804, 0.02451576665043831, 0.03378359228372574, 0.01551492977887392, -0.002390292938798666, -0.006801980547606945, -0.0017915416974574327, -0.0009361038682982326, -0.015724264085292816, -0.019324978813529015, 0.01374909933656454]
test/correction_patch_magnitude_ratio: [0.04114050045609474, 0.028612634167075157, 0.024624690413475037, 0.023111460730433464, 0.020775005221366882, 0.016468806192278862, 0.013444348238408566, 0.013916771858930588, 0.014168845489621162, 0.01348480861634016, 0.012865998782217503, 0.012895641848444939, 0.013351975940167904, 0.013901537284255028, 0.014041517861187458, 0.01381983794271946, 0.013608979992568493, 0.013554123230278492, 0.013223518617451191, 0.012628729455173016, 0.012973706237971783]
test/correction_patch_optimal_scalar: [1.1208100318908691, 0.8172382712364197, 0.5460555553436279, 0.22639259696006775, -1.3734982013702393, -1.1154929399490356, 1.250895380973816, 3.615785598754883, 2.901014804840088, 0.8255053162574768, -0.02283494919538498, 1.7212697267532349, 2.8898377418518066, 1.3687701225280762, -0.8249026536941528, -1.6029856204986572, -1.146882176399231, -1.8838642835617065, -3.924889326095581, -4.160484313964844, -1.4444904327392578]
