[train]
train/correction_beneficial_ratio: 0.3994047939777374
train/correction_beneficial_ratio_far: 0.40953442454338074
train/correction_beneficial_ratio_middle: 0.38406383991241455
train/correction_beneficial_ratio_near: 0.4046160876750946
train/correction_cosine_far: -0.0827019065618515
train/correction_cosine_mean: -0.08627675473690033
train/correction_cosine_middle: -0.10183882713317871
train/correction_cosine_near: -0.0742894783616066
train/correction_magnitude_ratio_far: 0.021144932135939598
train/correction_magnitude_ratio_mean: 0.025815371423959732
train/correction_magnitude_ratio_middle: 0.024384383112192154
train/correction_magnitude_ratio_near: 0.031916793435811996
train/correction_optimal_scalar_far: 1.6136069297790527
train/correction_optimal_scalar_mean: 0.16616232693195343
train/correction_optimal_scalar_middle: -0.5974978804588318
train/correction_optimal_scalar_near: -0.5176191926002502
train/correction_patch_beneficial_ratio: [0.4148964285850525, 0.39274516701698303, 0.40376219153404236, 0.4124058783054352, 0.42254388332366943, 0.40382078289985657, 0.38213837146759033, 0.3732895851135254, 0.37542852759361267, 0.38823288679122925, 0.39429810643196106, 0.38811567425727844, 0.38246065378189087, 0.386621356010437, 0.3935655951499939, 0.4004219174385071, 0.40824517607688904, 0.4159805476665497, 0.41932082176208496, 0.4151308238506317, 0.4140760004520416]
train/correction_patch_cosine: [-0.04865892603993416, -0.07992380857467651, -0.07931644469499588, -0.07214383035898209, -0.06670159846544266, -0.07795895636081696, -0.09532289206981659, -0.10239977389574051, -0.10291476547718048, -0.09724662452936172, -0.09761124104261398, -0.10232192277908325, -0.10650043934583664, -0.10387763381004333, -0.0991910994052887, -0.09145098924636841, -0.08423925936222076, -0.07625329494476318, -0.07607030868530273, -0.07766302675008774, -0.07404506206512451]
train/correction_patch_magnitude_ratio: [0.044378068298101425, 0.033973611891269684, 0.030475150793790817, 0.029026057571172714, 0.028787503018975258, 0.0290780421346426, 0.027699101716279984, 0.02612689696252346, 0.02503436990082264, 0.024513328447937965, 0.02454185113310814, 0.024495994672179222, 0.02357545867562294, 0.02240283600986004, 0.021846573799848557, 0.021793415769934654, 0.021753506734967232, 0.02147700823843479, 0.020821617916226387, 0.020223598927259445, 0.02009882964193821]
train/correction_patch_optimal_scalar: [0.1112557202577591, -0.35017475485801697, -0.3748449683189392, -0.42621538043022156, -0.7629784345626831, -1.4067761898040771, -0.41359952092170715, -0.5982809662818909, -0.8233602046966553, -1.466032862663269, -1.3766320943832397, -1.090230941772461, 0.3283381164073944, 0.8436884880065918, 1.450646162033081, 0.277584433555603, 0.947152316570282, 2.19674015045166, 3.2529444694519043, 1.4613209962844849, 1.7088649272918701]
[test]
test/correction_beneficial_ratio: 0.30697575211524963
test/correction_beneficial_ratio_far: 0.3287055492401123
test/correction_beneficial_ratio_middle: 0.287004292011261
test/correction_beneficial_ratio_near: 0.305217444896698
test/correction_cosine_far: -0.18113009631633759
test/correction_cosine_mean: -0.19694098830223083
test/correction_cosine_middle: -0.2306855320930481
test/correction_cosine_near: -0.17900748550891876
test/correction_magnitude_ratio_far: 0.021859997883439064
test/correction_magnitude_ratio_mean: 0.026656411588191986
test/correction_magnitude_ratio_middle: 0.024424906820058823
test/correction_magnitude_ratio_near: 0.033684372901916504
test/correction_optimal_scalar_far: -10.355218887329102
test/correction_optimal_scalar_mean: -9.3655424118042
test/correction_optimal_scalar_middle: -10.987296104431152
test/correction_optimal_scalar_near: -6.754101276397705
test/correction_patch_beneficial_ratio: [0.34376397728919983, 0.2967366874217987, 0.29092535376548767, 0.2969155013561249, 0.3052302300930023, 0.3046043813228607, 0.29834601283073425, 0.2868126928806305, 0.29110416769981384, 0.2928922772407532, 0.28770676255226135, 0.2839517295360565, 0.28502458333969116, 0.2815377712249756, 0.2940545380115509, 0.31381314992904663, 0.3326776921749115, 0.34689316153526306, 0.3411712050437927, 0.3347340226173401, 0.33759498596191406]
test/correction_patch_cosine: [-0.11486517637968063, -0.17450977861881256, -0.18523728847503662, -0.19026274979114532, -0.18876896798610687, -0.19292937219142914, -0.20647864043712616, -0.2262282371520996, -0.22961297631263733, -0.22872145473957062, -0.2280869483947754, -0.22943076491355896, -0.2357097715139389, -0.23700818419456482, -0.229471817612648, -0.20817142724990845, -0.18734335899353027, -0.15897493064403534, -0.1559479981660843, -0.16334183514118195, -0.16465865075588226]
test/correction_patch_magnitude_ratio: [0.046581655740737915, 0.036313313990831375, 0.032638538628816605, 0.0309451837092638, 0.030383387580513954, 0.030528485774993896, 0.028399944305419922, 0.026090508326888084, 0.025102248415350914, 0.02456001006066799, 0.024520449340343475, 0.024771656841039658, 0.023657985031604767, 0.02227136865258217, 0.02184591256082058, 0.022132612764835358, 0.02239484153687954, 0.022666223347187042, 0.021847041323781013, 0.021117784082889557, 0.02101551555097103]
test/correction_patch_optimal_scalar: [-2.1578614711761475, -5.357448101043701, -6.629570007324219, -9.10898494720459, -8.897170066833496, -8.548802375793457, -6.578859329223633, -8.146334648132324, -9.897980690002441, -12.139581680297852, -12.867315292358398, -12.36204719543457, -11.05257511138916, -10.445281028747559, -11.590083122253418, -11.753257751464844, -12.605401039123535, -9.781351089477539, -7.873534679412842, -8.403727531433105, -10.479253768920898]
