[train]
train/correction_beneficial_ratio: 0.5636862516403198
train/correction_beneficial_ratio_far: 0.5712336897850037
train/correction_beneficial_ratio_middle: 0.589664876461029
train/correction_beneficial_ratio_near: 0.530160129070282
train/correction_cosine_far: 0.10278141498565674
train/correction_cosine_mean: 0.0852046087384224
train/correction_cosine_middle: 0.10436973720788956
train/correction_cosine_near: 0.048462674021720886
train/correction_magnitude_ratio_far: 0.006891279947012663
train/correction_magnitude_ratio_mean: 0.012094766832888126
train/correction_magnitude_ratio_middle: 0.009279521182179451
train/correction_magnitude_ratio_near: 0.020113496109843254
train/correction_optimal_scalar_far: 23.956838607788086
train/correction_optimal_scalar_mean: 16.539459228515625
train/correction_optimal_scalar_middle: 18.87616539001465
train/correction_optimal_scalar_near: 6.785379409790039
train/correction_patch_beneficial_ratio: [0.4973309636116028, 0.5033363103866577, 0.5062277317047119, 0.5062277317047119, 0.5055605173110962, 0.49822065234184265, 0.5244662165641785, 0.5286921858787537, 0.5313612222671509, 0.5449288487434387, 0.5473754405975342, 0.559386134147644, 0.558051586151123, 0.5678380727767944, 0.5733985900878906, 0.5758451819419861, 0.5747330784797668, 0.5845195651054382, 0.5963078141212463, 0.6049821972846985, 0.6005337834358215, 0.5976423621177673, 0.5885231494903564, 0.5983096361160278, 0.6034252643585205, 0.5816280841827393, 0.5769572854042053, 0.5842971801757812, 0.5940836071968079, 0.583185076713562, 0.5731761455535889, 0.5856316685676575, 0.5900800824165344, 0.5891903638839722, 0.584964394569397, 0.5814056992530823, 0.5754003524780273, 0.5662811398506165, 0.5647242069244385, 0.5687277317047119, 0.5629448294639587, 0.5520462393760681, 0.5553825497627258, 0.5560498237609863, 0.5625]
train/correction_patch_cosine: [0.016697173938155174, 0.013478620909154415, 0.013828203082084656, 0.00853737536817789, 0.011608575470745564, 0.01253502257168293, 0.035670433193445206, 0.04897124692797661, 0.05715953931212425, 0.0674925222992897, 0.07205771654844284, 0.08339038491249084, 0.08990951627492905, 0.0950927883386612, 0.10051149874925613, 0.10538805276155472, 0.10607916861772537, 0.10538213700056076, 0.11124860495328903, 0.11217329651117325, 0.10721074789762497, 0.1006445661187172, 0.09562499821186066, 0.09676452726125717, 0.09892744570970535, 0.09610309451818466, 0.10199791938066483, 0.10862638801336288, 0.11075708270072937, 0.10861769318580627, 0.10632544010877609, 0.10998472571372986, 0.10730235278606415, 0.10614758729934692, 0.10571997612714767, 0.10152135044336319, 0.10018491744995117, 0.1021365374326706, 0.10321786999702454, 0.10360660403966904, 0.10160347819328308, 0.09853727370500565, 0.09784478694200516, 0.09935161471366882, 0.09823689609766006]
train/correction_patch_magnitude_ratio: [0.048564422875642776, 0.03360702842473984, 0.027624981477856636, 0.024208802729845047, 0.02177632786333561, 0.019683996215462685, 0.017899272963404655, 0.016339154914021492, 0.015265057794749737, 0.014277704060077667, 0.013506626710295677, 0.013027451932430267, 0.012517161667346954, 0.01194925606250763, 0.011455117724835873, 0.011033161543309689, 0.010689370334148407, 0.010302762500941753, 0.010015444830060005, 0.009767365641891956, 0.00966390036046505, 0.009495261125266552, 0.009253607131540775, 0.008999685756862164, 0.008738234639167786, 0.008493493311107159, 0.008341338485479355, 0.008261670358479023, 0.00813350174576044, 0.008004049770534039, 0.007864421233534813, 0.00774788111448288, 0.007602262310683727, 0.007416474167257547, 0.007308411877602339, 0.007208469323813915, 0.007113775238394737, 0.0069672465324401855, 0.006768396589905024, 0.006552853621542454, 0.006387950852513313, 0.00625603599473834, 0.0061262985691428185, 0.006060771178454161, 0.005988017655909061]
train/correction_patch_optimal_scalar: [1.5663095712661743, 2.325111150741577, 2.3330800533294678, 1.441358208656311, 1.9399641752243042, 2.936845064163208, 4.79683256149292, 6.401465892791748, 7.62554407119751, 8.36382007598877, 9.913416862487793, 11.614303588867188, 12.858741760253906, 13.3558988571167, 14.30797290802002, 15.008049011230469, 15.641071319580078, 16.30623435974121, 17.17503547668457, 17.641921997070312, 17.908946990966797, 17.680646896362305, 18.22464942932129, 18.927749633789062, 19.112276077270508, 19.692319869995117, 21.605504989624023, 22.525205612182617, 22.940906524658203, 22.752063751220703, 22.882976531982422, 24.319948196411133, 23.548782348632812, 23.703750610351562, 23.936513900756836, 23.64784049987793, 23.03595542907715, 23.61928367614746, 24.449827194213867, 24.995010375976562, 24.48808479309082, 24.120962142944336, 24.172439575195312, 24.216779708862305, 24.214275360107422]
[test]
test/correction_beneficial_ratio: 0.41088834404945374
test/correction_beneficial_ratio_far: 0.4060985743999481
test/correction_beneficial_ratio_middle: 0.40526315569877625
test/correction_beneficial_ratio_near: 0.42130327224731445
test/correction_cosine_far: -0.1610289365053177
test/correction_cosine_mean: -0.11760792881250381
test/correction_cosine_middle: -0.12708160281181335
test/correction_cosine_near: -0.06471330672502518
test/correction_magnitude_ratio_far: 0.004381701350212097
test/correction_magnitude_ratio_mean: 0.009418817237019539
test/correction_magnitude_ratio_middle: 0.00686115026473999
test/correction_magnitude_ratio_near: 0.017013603821396828
test/correction_optimal_scalar_far: -60.571746826171875
test/correction_optimal_scalar_mean: -35.35102462768555
test/correction_optimal_scalar_middle: -38.151588439941406
test/correction_optimal_scalar_near: -7.329710483551025
test/correction_patch_beneficial_ratio: [0.4172932207584381, 0.5, 0.4636591374874115, 0.4047619104385376, 0.41228070855140686, 0.4248120188713074, 0.4185463786125183, 0.4197995066642761, 0.4047619104385376, 0.4022556245326996, 0.380952388048172, 0.37343358993530273, 0.4035087823867798, 0.43609023094177246, 0.45739349722862244, 0.45989975333213806, 0.44486215710639954, 0.4310776889324188, 0.43233081698417664, 0.4260651767253876, 0.4260651767253876, 0.4060150384902954, 0.39849624037742615, 0.37719297409057617, 0.38847118616104126, 0.38847118616104126, 0.38596490025520325, 0.3796992599964142, 0.3684210479259491, 0.36591479182243347, 0.3684210479259491, 0.36466166377067566, 0.37593984603881836, 0.3947368562221527, 0.39974936842918396, 0.40852129459381104, 0.429824560880661, 0.42230576276779175, 0.4147869646549225, 0.4147869646549225, 0.4197995066642761, 0.4160400927066803, 0.4147869646549225, 0.4160400927066803, 0.4310776889324188]
test/correction_patch_cosine: [-0.038701578974723816, 0.004188604652881622, -0.004638934042304754, -0.0608258992433548, -0.06812825053930283, -0.05700283870100975, -0.053396809846162796, -0.05801483988761902, -0.07262355834245682, -0.08566001802682877, -0.10071766376495361, -0.1089138314127922, -0.11011549085378647, -0.08806232362985611, -0.06808624416589737, -0.05306854844093323, -0.06130022555589676, -0.07352594286203384, -0.08414816111326218, -0.09261677414178848, -0.09768196195363998, -0.11201382428407669, -0.1361890584230423, -0.15520554780960083, -0.1619209349155426, -0.16246213018894196, -0.1749059408903122, -0.1843482404947281, -0.17948415875434875, -0.1773521602153778, -0.18055608868598938, -0.18234723806381226, -0.17714911699295044, -0.16284549236297607, -0.15603581070899963, -0.1523553729057312, -0.15035642683506012, -0.1527956873178482, -0.15332235395908356, -0.15489216148853302, -0.15809640288352966, -0.16264066100120544, -0.16231615841388702, -0.15886254608631134, -0.1508626490831375]
test/correction_patch_magnitude_ratio: [0.04815215244889259, 0.031452637165784836, 0.022990597411990166, 0.018918899819254875, 0.016583804041147232, 0.014721757732331753, 0.013637023977935314, 0.012594694271683693, 0.012169119901955128, 0.011854463256895542, 0.011507807299494743, 0.010906029492616653, 0.010244295001029968, 0.009873950853943825, 0.009596774354577065, 0.009297064505517483, 0.008820568211376667, 0.008205866441130638, 0.007717501372098923, 0.0073293703608214855, 0.0070647899992764, 0.0068026017397642136, 0.006518946029245853, 0.0063024298287928104, 0.00611085956916213, 0.005942137446254492, 0.005794206168502569, 0.005707173142582178, 0.005676832981407642, 0.00562692666426301, 0.0055089425295591354, 0.005310005508363247, 0.0051477644592523575, 0.004991412628442049, 0.004806910175830126, 0.004637845326215029, 0.004499323200434446, 0.004312513396143913, 0.004131715279072523, 0.003994941245764494, 0.0038879073690623045, 0.003771719988435507, 0.0036597358994185925, 0.003566944506019354, 0.0034978196490556]
test/correction_patch_optimal_scalar: [-1.314117193222046, -0.8664829730987549, 0.5465973615646362, -2.829408645629883, -4.626752853393555, -3.7812211513519287, -2.7266945838928223, -2.5445878505706787, -4.789174556732178, -6.759066104888916, -11.501874923706055, -15.268771171569824, -18.80548095703125, -16.973787307739258, -17.704837799072266, -20.52983856201172, -23.27617073059082, -21.64459228515625, -24.421306610107422, -28.566137313842773, -30.383161544799805, -33.74674987792969, -39.08007049560547, -43.838890075683594, -44.58766174316406, -46.077796936035156, -51.532413482666016, -54.4824104309082, -53.98838806152344, -56.11841583251953, -59.766090393066406, -60.038108825683594, -57.4254035949707, -58.09402847290039, -57.45500564575195, -56.58546829223633, -56.82741165161133, -58.72025680541992, -59.2402458190918, -58.89545822143555, -62.28757095336914, -66.31705474853516, -67.12377166748047, -66.38060760498047, -63.41986846923828]
