[train]
train/correction_beneficial_ratio: 0.5526413321495056
train/correction_beneficial_ratio_far: 0.5481429696083069
train/correction_beneficial_ratio_middle: 0.5485448241233826
train/correction_beneficial_ratio_near: 0.5612361431121826
train/correction_cosine_far: 0.059250619262456894
train/correction_cosine_mean: 0.06241411343216896
train/correction_cosine_middle: 0.05570531636476517
train/correction_cosine_near: 0.07228638231754303
train/correction_magnitude_ratio_far: 0.024133646860718727
train/correction_magnitude_ratio_mean: 0.028358541429042816
train/correction_magnitude_ratio_middle: 0.02690214477479458
train/correction_magnitude_ratio_near: 0.03403982147574425
train/correction_optimal_scalar_far: 5.252419471740723
train/correction_optimal_scalar_mean: 4.34290075302124
train/correction_optimal_scalar_middle: 4.314258098602295
train/correction_optimal_scalar_near: 3.4620206356048584
train/correction_patch_beneficial_ratio: [0.5101819634437561, 0.5232207179069519, 0.5798880457878113, 0.5976735353469849, 0.5843417644500732, 0.579477846622467, 0.5538691282272339, 0.5541035532951355, 0.5554220676422119, 0.5572386980056763, 0.551378607749939, 0.5379882454872131, 0.5366696715354919, 0.5470128059387207, 0.5514957904815674, 0.5405666828155518, 0.5334173440933228, 0.5461630821228027, 0.5494154691696167, 0.5579712390899658, 0.5579712390899658]
train/correction_patch_cosine: [0.0337965153157711, 0.035196926444768906, 0.08789386600255966, 0.10358712822198868, 0.09371467679738998, 0.08610916882753372, 0.06570643186569214, 0.05897393822669983, 0.062080055475234985, 0.06132856383919716, 0.05754035338759422, 0.049029190093278885, 0.04651811718940735, 0.05446719005703926, 0.05837151035666466, 0.049977824091911316, 0.047639936208724976, 0.06039946526288986, 0.06377051770687103, 0.06730193644762039, 0.06729313731193542]
train/correction_patch_magnitude_ratio: [0.04677285999059677, 0.034312654286623, 0.032076720148324966, 0.03111100010573864, 0.03130060434341431, 0.03215915337204933, 0.030545756220817566, 0.026845373213291168, 0.025663776323199272, 0.026213660836219788, 0.02788013406097889, 0.028880592435598373, 0.028021086007356644, 0.024810515344142914, 0.023594437167048454, 0.024667862802743912, 0.026218252256512642, 0.0258786641061306, 0.02441348321735859, 0.02220674231648445, 0.021956060081720352]
train/correction_patch_optimal_scalar: [0.8224225044250488, 1.3373777866363525, 3.7607932090759277, 5.238792419433594, 4.806410789489746, 4.55274772644043, 3.7156004905700684, 3.883204221725464, 4.73672342300415, 5.171261310577393, 4.453647613525391, 3.6246891021728516, 3.885104179382324, 4.445184230804443, 5.317456245422363, 5.01303243637085, 4.692842483520508, 4.676000595092773, 5.223080635070801, 5.753335475921631, 6.091209888458252]
[test]
test/correction_beneficial_ratio: 0.5047236084938049
test/correction_beneficial_ratio_far: 0.5206207036972046
test/correction_beneficial_ratio_middle: 0.4922536611557007
test/correction_beneficial_ratio_near: 0.5012964010238647
test/correction_cosine_far: 0.03292647376656532
test/correction_cosine_mean: 0.014387691393494606
test/correction_cosine_middle: -0.0029950023163110018
test/correction_cosine_near: 0.01323160994797945
test/correction_magnitude_ratio_far: 0.024132216349244118
test/correction_magnitude_ratio_mean: 0.027643701061606407
test/correction_magnitude_ratio_middle: 0.026169754564762115
test/correction_magnitude_ratio_near: 0.032629162073135376
test/correction_optimal_scalar_far: 5.277824878692627
test/correction_optimal_scalar_mean: 3.649329662322998
test/correction_optimal_scalar_middle: 3.248016119003296
test/correction_optimal_scalar_near: 2.4221460819244385
test/correction_patch_beneficial_ratio: [0.45480555295944214, 0.4503352642059326, 0.5176575779914856, 0.5282074213027954, 0.5285650491714478, 0.5343763828277588, 0.495127409696579, 0.4704515039920807, 0.48457756638526917, 0.4991506338119507, 0.500491738319397, 0.5059454441070557, 0.49468037486076355, 0.4904783070087433, 0.506303071975708, 0.5050514340400696, 0.5140813589096069, 0.545373260974884, 0.5439428091049194, 0.5240053534507751, 0.5055878162384033]
test/correction_patch_cosine: [-0.018035568296909332, -0.03455672413110733, 0.026963690295815468, 0.032794367522001266, 0.03191665932536125, 0.044253744184970856, 0.009285121224820614, -0.01813085377216339, -0.012445534579455853, -0.0043473332189023495, 0.002666605170816183, 0.011332121677696705, -0.0005396244814619422, 0.0004996171337552369, 0.015196186490356922, 0.017219867557287216, 0.030401919037103653, 0.0605766698718071, 0.056224413216114044, 0.0343148298561573, 0.016551343724131584]
test/correction_patch_magnitude_ratio: [0.04478934779763222, 0.03278879448771477, 0.03084774687886238, 0.0303647480905056, 0.02977411448955536, 0.03044312447309494, 0.029396159574389458, 0.025578167289495468, 0.024487394839525223, 0.025262949988245964, 0.026767874136567116, 0.02837689407169819, 0.028115395456552505, 0.0245994683355093, 0.023333586752414703, 0.024142103269696236, 0.025947531685233116, 0.02626517042517662, 0.024998920038342476, 0.02215435355901718, 0.0220838263630867]
test/correction_patch_optimal_scalar: [0.36130669713020325, 0.03423524275422096, 2.4921231269836426, 3.5246057510375977, 3.474907875061035, 4.808603763580322, 2.2592453956604004, 0.7386678457260132, 2.7366390228271484, 4.677269458770752, 4.89784574508667, 4.800421714782715, 2.7247252464294434, 2.1605477333068848, 4.052966594696045, 3.701935052871704, 4.778623580932617, 7.296935558319092, 6.927856922149658, 5.697225570678711, 4.489235877990723]
