[train]
train/correction_beneficial_ratio: 0.5159096121788025
train/correction_beneficial_ratio_far: 0.5207451581954956
train/correction_beneficial_ratio_middle: 0.5348482728004456
train/correction_beneficial_ratio_near: 0.49213534593582153
train/correction_cosine_far: 0.036406729370355606
train/correction_cosine_mean: 0.03574476018548012
train/correction_cosine_middle: 0.048598986119031906
train/correction_cosine_near: 0.022228583693504333
train/correction_magnitude_ratio_far: 0.05673568323254585
train/correction_magnitude_ratio_mean: 0.06554410606622696
train/correction_magnitude_ratio_middle: 0.0594707652926445
train/correction_magnitude_ratio_near: 0.08042587339878082
train/correction_optimal_scalar_far: 0.9116803407669067
train/correction_optimal_scalar_mean: 0.8692446947097778
train/correction_optimal_scalar_middle: 1.158795714378357
train/correction_optimal_scalar_near: 0.5372572541236877
train/correction_patch_beneficial_ratio: [0.46335309743881226, 0.5360434651374817, 0.5509107112884521, 0.5370309352874756, 0.4854893684387207, 0.44149112701416016, 0.4306287169456482, 0.4572635591030121, 0.5123162269592285, 0.5593592524528503, 0.5891485810279846, 0.5741990208625793, 0.5462201237678528, 0.5054311752319336, 0.4761630594730377, 0.47171932458877563, 0.4898233413696289, 0.5328615307807922, 0.562458872795105, 0.5679997801780701, 0.5441902279853821]
train/correction_patch_cosine: [0.0145488316193223, 0.06208769977092743, 0.07666853815317154, 0.05652107298374176, 0.0074539571069180965, -0.02888691984117031, -0.03279292955994606, -0.00872708112001419, 0.034576401114463806, 0.0708780363202095, 0.08615927398204803, 0.07810486853122711, 0.0538213737308979, 0.025379883125424385, 0.001024018507450819, 0.0008664312190376222, 0.014413476921617985, 0.04771817475557327, 0.07003779709339142, 0.0686056986451149, 0.05218138173222542]
train/correction_patch_magnitude_ratio: [0.10090988129377365, 0.07461690157651901, 0.0726848766207695, 0.07525331526994705, 0.07904002070426941, 0.08184558898210526, 0.0786304622888565, 0.0693906843662262, 0.058624815195798874, 0.05266011506319046, 0.052895594388246536, 0.056793976575136185, 0.060682203620672226, 0.06524812430143356, 0.0681503564119339, 0.06594362109899521, 0.05911489203572273, 0.05174283683300018, 0.048050787299871445, 0.04982605576515198, 0.05432124808430672]
train/correction_patch_optimal_scalar: [0.030497610569000244, 0.7739737629890442, 1.2359086275100708, 1.0957015752792358, 0.5033972859382629, 0.10843412578105927, 0.012888235971331596, 0.29774296283721924, 0.9262480139732361, 1.4543181657791138, 1.6897529363632202, 1.6034539937973022, 1.2949984073638916, 0.8450551629066467, 0.39015594124794006, 0.2723345160484314, 0.49470117688179016, 1.1278197765350342, 1.5356452465057373, 1.3845107555389404, 1.1765995025634766]
[test]
test/correction_beneficial_ratio: 0.5446416735649109
test/correction_beneficial_ratio_far: 0.5367082953453064
test/correction_beneficial_ratio_middle: 0.5408663153648376
test/correction_beneficial_ratio_near: 0.5563504695892334
test/correction_cosine_far: 0.04062797874212265
test/correction_cosine_mean: 0.05591241270303726
test/correction_cosine_middle: 0.05238063260912895
test/correction_cosine_near: 0.07472862303256989
test/correction_magnitude_ratio_far: 0.042919158935546875
test/correction_magnitude_ratio_mean: 0.0493931919336319
test/correction_magnitude_ratio_middle: 0.04478299617767334
test/correction_magnitude_ratio_near: 0.06047742813825607
test/correction_optimal_scalar_far: 0.8336253762245178
test/correction_optimal_scalar_mean: 1.102090835571289
test/correction_optimal_scalar_middle: 1.107915997505188
test/correction_optimal_scalar_near: 1.3647316694259644
test/correction_patch_beneficial_ratio: [0.48196786642074585, 0.544296383857727, 0.5933947563171387, 0.5966287851333618, 0.5802626609802246, 0.5537044405937195, 0.5441983342170715, 0.5429243445396423, 0.5565464496612549, 0.5221481919288635, 0.5118581056594849, 0.5450803637504578, 0.5579184889793396, 0.5495883822441101, 0.5316542387008667, 0.5239121913909912, 0.5431203246116638, 0.5653665065765381, 0.5454723834991455, 0.5207761526107788, 0.5266562104225159]
test/correction_patch_cosine: [0.027233295142650604, 0.0671766847372055, 0.10167477279901505, 0.10947965085506439, 0.09179191291332245, 0.07238370925188065, 0.053360361605882645, 0.05665728822350502, 0.06404291093349457, 0.03832164779305458, 0.03314008563756943, 0.051736194640398026, 0.06411735713481903, 0.05864904448390007, 0.04327784851193428, 0.03145661577582359, 0.04096001014113426, 0.060520581901073456, 0.04170363396406174, 0.022237246856093407, 0.044239770621061325]
test/correction_patch_magnitude_ratio: [0.08957124501466751, 0.06060956045985222, 0.05531966686248779, 0.0550743043422699, 0.054929979145526886, 0.05502588674426079, 0.052811399102211, 0.049448516219854355, 0.04634571075439453, 0.04259514436125755, 0.041313134133815765, 0.042890582233667374, 0.04502391815185547, 0.04586394131183624, 0.04596251994371414, 0.04505882039666176, 0.04348435997962952, 0.04197255149483681, 0.0407765731215477, 0.04053245857357979, 0.04264678433537483]
test/correction_patch_optimal_scalar: [-0.2528858780860901, 0.4378444254398346, 1.6610559225082397, 2.202672243118286, 2.1686220169067383, 1.8976227045059204, 1.4381930828094482, 1.282768726348877, 1.331213116645813, 0.5484020709991455, 0.2675609886646271, 1.0604650974273682, 1.613205075263977, 1.6517951488494873, 1.3792804479599, 0.9725342988967896, 1.0291661024093628, 1.3180986642837524, 0.5992944836616516, -0.008102530613541603, 0.5450994968414307]
