[train]
train/correction_beneficial_ratio: 0.5287264585494995
train/correction_beneficial_ratio_far: 0.5413368344306946
train/correction_beneficial_ratio_middle: 0.5327141284942627
train/correction_beneficial_ratio_near: 0.5121283531188965
train/correction_cosine_far: 0.08180343359708786
train/correction_cosine_mean: 0.07184245437383652
train/correction_cosine_middle: 0.07350064814090729
train/correction_cosine_near: 0.06022327393293381
train/correction_magnitude_ratio_far: 0.08813603222370148
train/correction_magnitude_ratio_mean: 0.0981871634721756
train/correction_magnitude_ratio_middle: 0.09528098255395889
train/correction_magnitude_ratio_near: 0.11114446818828583
train/correction_optimal_scalar_far: 0.9070399403572083
train/correction_optimal_scalar_mean: 0.7840380668640137
train/correction_optimal_scalar_middle: 0.9080107808113098
train/correction_optimal_scalar_near: 0.5370628237724304
train/correction_patch_beneficial_ratio: [0.45483312010765076, 0.5269712209701538, 0.5343842506408691, 0.5240704417228699, 0.5052887797355652, 0.5116763114929199, 0.5276744365692139, 0.5356148481369019, 0.5186205506324768, 0.5112074613571167, 0.5125259757041931, 0.5299891829490662, 0.5571801066398621, 0.5638606548309326, 0.552521288394928, 0.5504117012023926, 0.5389844179153442, 0.5337103605270386, 0.5392188429832458, 0.5420902967453003, 0.5324211120605469]
train/correction_patch_cosine: [0.021985596045851707, 0.06930424273014069, 0.0762062668800354, 0.0671326294541359, 0.05437701195478439, 0.059795018285512924, 0.07276208698749542, 0.07704188674688339, 0.06372176855802536, 0.055786363780498505, 0.05458538234233856, 0.07265491038560867, 0.0924031138420105, 0.09831119328737259, 0.09218358993530273, 0.09150021523237228, 0.08020270615816116, 0.07594960182905197, 0.07944447547197342, 0.08167482167482376, 0.0716685950756073]
train/correction_patch_magnitude_ratio: [0.15014007687568665, 0.11245423555374146, 0.10730896890163422, 0.10438791662454605, 0.1016397476196289, 0.10279776155948639, 0.09928237646818161, 0.09692169725894928, 0.09697772562503815, 0.09747057408094406, 0.09812904894351959, 0.09724771231412888, 0.09086931496858597, 0.08935083448886871, 0.08957475423812866, 0.08909091353416443, 0.08880351483821869, 0.08887885510921478, 0.08730731159448624, 0.08652762323617935, 0.08676955103874207]
train/correction_patch_optimal_scalar: [0.39244815707206726, 1.0602953433990479, 0.4393206238746643, 0.32232263684272766, 0.45002061128616333, 0.5210228562355042, 0.5740160942077637, 0.7310550808906555, 0.37828248739242554, 0.021618030965328217, 0.3487766683101654, 1.1778196096420288, 1.9375731945037842, 1.7609498500823975, 0.9212980270385742, 0.40090522170066833, 0.7195858955383301, 0.9005142450332642, 1.2435842752456665, 1.2046160697937012, 0.9587740898132324]
[test]
test/correction_beneficial_ratio: 0.44795113801956177
test/correction_beneficial_ratio_far: 0.45050132274627686
test/correction_beneficial_ratio_middle: 0.45290249586105347
test/correction_beneficial_ratio_near: 0.440449595451355
test/correction_cosine_far: -0.01907997392117977
test/correction_cosine_mean: -0.0185646153986454
test/correction_cosine_middle: -0.016731934621930122
test/correction_cosine_near: -0.01988193392753601
test/correction_magnitude_ratio_far: 0.09758881479501724
test/correction_magnitude_ratio_mean: 0.10434019565582275
test/correction_magnitude_ratio_middle: 0.10253595560789108
test/correction_magnitude_ratio_near: 0.11289585381746292
test/correction_optimal_scalar_far: -1.0632126331329346
test/correction_optimal_scalar_mean: -0.864917516708374
test/correction_optimal_scalar_middle: -0.6970199346542358
test/correction_optimal_scalar_near: -0.8345207571983337
test/correction_patch_beneficial_ratio: [0.41832810640335083, 0.44944122433662415, 0.4519445598125458, 0.46088510751724243, 0.4355833828449249, 0.4265534281730652, 0.4404112696647644, 0.45024585723876953, 0.45900759100914, 0.44810011982917786, 0.44756370782852173, 0.45409029722213745, 0.45954403281211853, 0.4517657458782196, 0.43951719999313354, 0.4445239305496216, 0.43808671832084656, 0.43075546622276306, 0.46151095628738403, 0.46955743432044983, 0.46955743432044983]
test/correction_patch_cosine: [-0.015254500322043896, -0.020186372101306915, -0.013528321869671345, -0.01097050029784441, -0.026150764897465706, -0.032801877707242966, -0.020281266421079636, -0.010673443786799908, -0.007427844684571028, -0.018531350418925285, -0.020995939150452614, -0.01659223437309265, -0.01497346255928278, -0.027929289266467094, -0.03552863374352455, -0.028253652155399323, -0.029151951894164085, -0.03841810300946236, -0.012274138629436493, 0.006473882589489222, 0.0035928983706980944]
test/correction_patch_magnitude_ratio: [0.14475131034851074, 0.11191908270120621, 0.11324835568666458, 0.11111866682767868, 0.1041327640414238, 0.10395345091819763, 0.10114740580320358, 0.10314945876598358, 0.10799133032560349, 0.10816054046154022, 0.10303454846143723, 0.10100220888853073, 0.09641369432210922, 0.0979994684457779, 0.10172133147716522, 0.1018182635307312, 0.09737320244312286, 0.09424884617328644, 0.09281736612319946, 0.09518221020698547, 0.09996058791875839]
test/correction_patch_optimal_scalar: [0.37137097120285034, -0.05987425521016121, -2.1739139556884766, -2.9586122035980225, -0.9172974824905396, -0.6183913350105286, 0.5150797367095947, 0.7234103679656982, -1.6520878076553345, -2.364438533782959, -0.8758043646812439, -0.48199790716171265, -0.04879515990614891, -0.179428368806839, -1.5039364099502563, -2.250901699066162, -0.6584369540214539, -0.8708632588386536, -0.75668865442276, 0.008930330164730549, -1.410588264465332]
