[train]
train/correction_beneficial_ratio: 0.42580050230026245
train/correction_beneficial_ratio_far: 0.4413120448589325
train/correction_beneficial_ratio_middle: 0.41571033000946045
train/correction_beneficial_ratio_near: 0.4203791320323944
train/correction_cosine_far: -0.057711560279130936
train/correction_cosine_mean: -0.048007991164922714
train/correction_cosine_middle: -0.050018735229969025
train/correction_cosine_near: -0.036293771117925644
train/correction_magnitude_ratio_far: 0.06563064455986023
train/correction_magnitude_ratio_mean: 0.08099373430013657
train/correction_magnitude_ratio_middle: 0.07892224192619324
train/correction_magnitude_ratio_near: 0.09842828661203384
train/correction_optimal_scalar_far: 0.2036777138710022
train/correction_optimal_scalar_mean: 0.310983270406723
train/correction_optimal_scalar_middle: 0.3343947231769562
train/correction_optimal_scalar_near: 0.39487722516059875
train/correction_patch_beneficial_ratio: [0.45891374349594116, 0.44012778997421265, 0.42466452717781067, 0.4244089424610138, 0.427348256111145, 0.42670926451683044, 0.41392970085144043, 0.40383386611938477, 0.39182108640670776, 0.3985942602157593, 0.40830671787261963, 0.41252395510673523, 0.42070287466049194, 0.42645367980003357, 0.427348256111145, 0.43872204422950745, 0.425814688205719, 0.3996165990829468, 0.41329073905944824, 0.422364205121994, 0.41392970085144043, 0.4031948745250702, 0.4043450355529785, 0.3955271542072296, 0.4169968068599701, 0.4085623025894165, 0.4127795398235321, 0.42108625173568726, 0.4301597476005554, 0.42926517128944397, 0.4201917052268982, 0.4399999976158142, 0.45955270528793335, 0.4580191671848297, 0.43450480699539185, 0.4403833746910095, 0.4522683620452881, 0.4550798833370209, 0.450607031583786, 0.4477955400943756, 0.4446006417274475, 0.43552714586257935, 0.42811501026153564, 0.4296485483646393, 0.4233865737915039]
train/correction_patch_cosine: [0.024548998102545738, 5.971695281914435e-05, -0.01585349254310131, -0.02139490842819214, -0.025053055956959724, -0.024327199906110764, -0.04868277907371521, -0.06541652232408524, -0.0694349855184555, -0.06997845321893692, -0.05923454090952873, -0.048619695007801056, -0.04797748103737831, -0.037660595029592514, -0.03538137674331665, -0.02569562755525112, -0.040740761905908585, -0.059029825031757355, -0.04244023188948631, -0.04509866237640381, -0.05566912516951561, -0.0651927962899208, -0.06285925209522247, -0.06723830848932266, -0.04748057946562767, -0.050430476665496826, -0.05129856988787651, -0.044064782559871674, -0.0439620316028595, -0.04907989501953125, -0.057053014636039734, -0.03668903931975365, -0.025773556903004646, -0.032206129282712936, -0.055314816534519196, -0.05541684851050377, -0.04944620281457901, -0.051487572491168976, -0.059094905853271484, -0.0663505271077156, -0.07024361193180084, -0.07141312956809998, -0.07671388238668442, -0.07590404897928238, -0.08256515860557556]
train/correction_patch_magnitude_ratio: [0.13784785568714142, 0.1172695979475975, 0.10908261686563492, 0.10357677936553955, 0.10047547519207001, 0.09710986912250519, 0.09382014721632004, 0.09318346530199051, 0.09162592887878418, 0.09002520889043808, 0.09039268642663956, 0.08954013884067535, 0.08830543607473373, 0.08782945573329926, 0.0863397940993309, 0.08567845821380615, 0.0844070166349411, 0.08268458396196365, 0.08293300867080688, 0.0815502405166626, 0.08037693053483963, 0.0804954394698143, 0.07897762209177017, 0.07748447358608246, 0.07728485018014908, 0.07593491673469543, 0.0746772512793541, 0.07471621781587601, 0.07377472519874573, 0.07285813242197037, 0.07285424321889877, 0.07295475155115128, 0.07193569093942642, 0.06950704753398895, 0.06692040711641312, 0.06627614051103592, 0.0654163658618927, 0.06554515659809113, 0.06423912942409515, 0.0629047155380249, 0.062324803322553635, 0.06166894733905792, 0.0609796904027462, 0.06082036718726158, 0.0601123683154583]
train/correction_patch_optimal_scalar: [0.32622671127319336, 0.49703681468963623, 0.5812106132507324, 0.652834951877594, 0.5867975950241089, 0.6711664199829102, 0.3192082345485687, 0.07087226212024689, 0.11803155392408371, 0.194487065076828, 0.36796343326568604, 0.44089579582214355, 0.27723097801208496, 0.3925563395023346, 0.4266393780708313, 0.5472315549850464, 0.2890757620334625, -0.004848773125559092, 0.2866003215312958, 0.24165624380111694, 0.1825723499059677, 0.20407962799072266, 0.35602614283561707, 0.21537838876247406, 0.5791215896606445, 0.4752736985683441, 0.37423503398895264, 0.4609506130218506, 0.49615007638931274, 0.31242531538009644, 0.23089119791984558, 0.5687804222106934, 0.7826230525970459, 0.7411651015281677, 0.15820243954658508, -0.0017205062322318554, 0.19206562638282776, 0.39841413497924805, 0.4652608036994934, 0.393177330493927, 0.26956257224082947, 0.14760780334472656, -0.24863651394844055, -0.41121232509613037, -0.6310184001922607]
[test]
test/correction_beneficial_ratio: 0.34582754969596863
test/correction_beneficial_ratio_far: 0.33172914385795593
test/correction_beneficial_ratio_middle: 0.31562548875808716
test/correction_beneficial_ratio_near: 0.3901280164718628
test/correction_cosine_far: -0.15137939155101776
test/correction_cosine_mean: -0.12387606501579285
test/correction_cosine_middle: -0.15109185874462128
test/correction_cosine_near: -0.06915686279535294
test/correction_magnitude_ratio_far: 0.06390441954135895
test/correction_magnitude_ratio_mean: 0.07798916101455688
test/correction_magnitude_ratio_middle: 0.07675816863775253
test/correction_magnitude_ratio_near: 0.09330500662326813
test/correction_optimal_scalar_far: -2.8026561737060547
test/correction_optimal_scalar_mean: -2.3492233753204346
test/correction_optimal_scalar_middle: -2.927642583847046
test/correction_optimal_scalar_near: -1.317363977432251
test/correction_patch_beneficial_ratio: [0.45441925525665283, 0.4729292094707489, 0.46459972858428955, 0.47478020191192627, 0.4460897743701935, 0.4053678810596466, 0.37945395708084106, 0.34382230043411255, 0.3234613537788391, 0.3299398422241211, 0.32392409443855286, 0.34058305621147156, 0.36279499530792236, 0.36510875821113586, 0.36464598774909973, 0.3655714988708496, 0.34521055221557617, 0.3257751166820526, 0.3364183306694031, 0.3313280940055847, 0.32484960556030273, 0.324386864900589, 0.30819064378738403, 0.2910689413547516, 0.29754742980003357, 0.28088846802711487, 0.26839426159858704, 0.28273946046829224, 0.31605738401412964, 0.33595559000968933, 0.3341045677661896, 0.34150856733322144, 0.33734381198883057, 0.33271634578704834, 0.3100416362285614, 0.31929662823677063, 0.3267005980014801, 0.31420639157295227, 0.31605738401412964, 0.3257751166820526, 0.33364182710647583, 0.34382230043411255, 0.33595559000968933, 0.3456732928752899, 0.3590930104255676]
test/correction_patch_cosine: [0.015071535483002663, 0.020717177540063858, 0.009630337357521057, -0.005003978963941336, -0.0407317653298378, -0.06851983070373535, -0.09371104091405869, -0.10900934785604477, -0.11303887516260147, -0.11918642371892929, -0.12166339159011841, -0.10978952050209045, -0.10704272985458374, -0.09854694455862045, -0.09652961790561676, -0.09145264327526093, -0.11379942297935486, -0.1294717639684677, -0.1262637972831726, -0.13783226907253265, -0.14089320600032806, -0.15406936407089233, -0.16978207230567932, -0.18784959614276886, -0.18121297657489777, -0.18749648332595825, -0.19416189193725586, -0.16910962760448456, -0.1462818682193756, -0.1366981565952301, -0.13245615363121033, -0.12583047151565552, -0.12073790282011032, -0.13203056156635284, -0.17171363532543182, -0.16487812995910645, -0.15785665810108185, -0.16070835292339325, -0.16117027401924133, -0.16313165426254272, -0.16549091041088104, -0.157334566116333, -0.15718232095241547, -0.15401685237884521, -0.1461552232503891]
test/correction_patch_magnitude_ratio: [0.12482476234436035, 0.11056143045425415, 0.10330119729042053, 0.09973227232694626, 0.09776867181062698, 0.09467463940382004, 0.09213149547576904, 0.09066684544086456, 0.08722195029258728, 0.08442585170269012, 0.08440832048654556, 0.0825059786438942, 0.08319809287786484, 0.08260760456323624, 0.08154613524675369, 0.08248083293437958, 0.07999562472105026, 0.07760179787874222, 0.07546091824769974, 0.07576187700033188, 0.07612589746713638, 0.07555046677589417, 0.07485751062631607, 0.07493255287408829, 0.07652285695075989, 0.07693737000226974, 0.0748801976442337, 0.07680484652519226, 0.07750242948532104, 0.07595545053482056, 0.07586652785539627, 0.07607584446668625, 0.07670455425977707, 0.07359293848276138, 0.06907124072313309, 0.06584440916776657, 0.06352756917476654, 0.06224186345934868, 0.059443116188049316, 0.05833562836050987, 0.05733563005924225, 0.056389205157756805, 0.05546702817082405, 0.05508960783481598, 0.05358114093542099]
test/correction_patch_optimal_scalar: [0.04983607679605484, 0.15911594033241272, -0.007585757412016392, -0.20712853968143463, -0.47742587327957153, -1.0053966045379639, -1.486434817314148, -1.8230091333389282, -2.042358636856079, -2.2046194076538086, -2.1528384685516357, -2.0106723308563232, -2.195646286010742, -2.1986773014068604, -2.1576106548309326, -1.8770779371261597, -2.381976366043091, -2.6777799129486084, -2.5633816719055176, -2.968202829360962, -3.1722753047943115, -3.3638551235198975, -3.5469017028808594, -3.665222644805908, -3.420703649520874, -3.5085959434509277, -3.552111864089966, -2.8323557376861572, -2.2352094650268555, -2.1489927768707275, -2.227266788482666, -2.0395870208740234, -1.9056625366210938, -2.1589725017547607, -2.8971686363220215, -2.954739809036255, -2.8838603496551514, -2.791412591934204, -2.89935564994812, -2.9718949794769287, -3.162868022918701, -3.0659115314483643, -3.080535888671875, -3.4118878841400146, -3.5888285636901855]
