[train]
train/correction_beneficial_ratio: 0.6141029596328735
train/correction_beneficial_ratio_far: 0.6706624031066895
train/correction_beneficial_ratio_middle: 0.6171501874923706
train/correction_beneficial_ratio_near: 0.5544962882995605
train/correction_cosine_far: 0.17002764344215393
train/correction_cosine_mean: 0.12531594932079315
train/correction_cosine_middle: 0.12905442714691162
train/correction_cosine_near: 0.07686570286750793
train/correction_magnitude_ratio_far: 0.04828784242272377
train/correction_magnitude_ratio_mean: 0.05483990162611008
train/correction_magnitude_ratio_middle: 0.05390240252017975
train/correction_magnitude_ratio_near: 0.06232942268252373
train/correction_optimal_scalar_far: 4.861908435821533
train/correction_optimal_scalar_mean: 3.4367802143096924
train/correction_optimal_scalar_middle: 3.445876359939575
train/correction_optimal_scalar_near: 2.0025551319122314
train/correction_patch_beneficial_ratio: [0.5352076888084412, 0.5410862565040588, 0.5162939429283142, 0.5358466506004333, 0.5385303497314453, 0.5206390023231506, 0.5350798964500427, 0.550159752368927, 0.5446645617485046, 0.5607667565345764, 0.5709904432296753, 0.5879872441291809, 0.5936102271080017, 0.5896485447883606, 0.5969328880310059, 0.6092012524604797, 0.5991054177284241, 0.5961661338806152, 0.6003834009170532, 0.6038338541984558, 0.6062619686126709, 0.6141853332519531, 0.6037060618400574, 0.6187859177589417, 0.6302875280380249, 0.6334824562072754, 0.6198083162307739, 0.6375718712806702, 0.6426836848258972, 0.6417891383171082, 0.6302875280380249, 0.6362939476966858, 0.6360383629798889, 0.6337380409240723, 0.6503514647483826, 0.6470287442207336, 0.664536714553833, 0.6774441003799438, 0.6879233121871948, 0.7036421895027161, 0.706325888633728, 0.692779541015625, 0.6967412233352661, 0.7000638842582703, 0.6967412233352661]
train/correction_patch_cosine: [0.06281757354736328, 0.07343075424432755, 0.043057773262262344, 0.057241346687078476, 0.0596323162317276, 0.04839641973376274, 0.056777793914079666, 0.06984062492847443, 0.06877129524946213, 0.08102764934301376, 0.09002827852964401, 0.10720451921224594, 0.10764157027006149, 0.1114724725484848, 0.11564525216817856, 0.1198660284280777, 0.11616062372922897, 0.11111938208341599, 0.11105117946863174, 0.1160147562623024, 0.1203402578830719, 0.1232215017080307, 0.12429027259349823, 0.13312877714633942, 0.1423940807580948, 0.1411868780851364, 0.13479433953762054, 0.1466149091720581, 0.15007750689983368, 0.14555718004703522, 0.14487072825431824, 0.14192645251750946, 0.1422678828239441, 0.14464691281318665, 0.15432728826999664, 0.15481875836849213, 0.16568943858146667, 0.1767091155052185, 0.18086673319339752, 0.19321559369564056, 0.19706584513187408, 0.1841859519481659, 0.18651878833770752, 0.19210593402385712, 0.1911991685628891]
train/correction_patch_magnitude_ratio: [0.07796628773212433, 0.06961027532815933, 0.0674717128276825, 0.06267537921667099, 0.062417171895504, 0.06162388622760773, 0.06063152104616165, 0.06031966954469681, 0.059265658259391785, 0.059554409235715866, 0.05954686552286148, 0.05839914828538895, 0.0587153434753418, 0.05856719985604286, 0.05817718058824539, 0.05704779177904129, 0.05691481754183769, 0.056224118918180466, 0.055536579340696335, 0.055510737001895905, 0.05461635813117027, 0.054103437811136246, 0.05423426255583763, 0.053794555366039276, 0.053316593170166016, 0.05288371816277504, 0.052153922617435455, 0.05121801048517227, 0.050827138125896454, 0.05015416815876961, 0.050370048731565475, 0.05037599056959152, 0.04960966482758522, 0.04921293631196022, 0.04933471232652664, 0.04880310595035553, 0.04867170378565788, 0.04847270995378494, 0.048442840576171875, 0.04796707257628441, 0.047645892947912216, 0.046811409294605255, 0.046395193785429, 0.046416331082582474, 0.04578797519207001]
train/correction_patch_optimal_scalar: [1.1297048330307007, 1.5692696571350098, 1.0788682699203491, 1.407491683959961, 1.5560146570205688, 1.494262456893921, 1.593385100364685, 1.8966456651687622, 1.9105021953582764, 2.1957411766052246, 2.5216033458709717, 2.9633102416992188, 2.8198773860931396, 2.929492712020874, 2.97217059135437, 3.0121564865112305, 2.956902503967285, 2.9456400871276855, 2.993269681930542, 3.2295756340026855, 3.262810468673706, 3.3016843795776367, 3.2067856788635254, 3.613264560699463, 3.76774263381958, 3.6730542182922363, 3.6596553325653076, 3.9721622467041016, 4.020235538482666, 4.073216438293457, 4.06311559677124, 4.041045188903809, 4.277331829071045, 4.4280500411987305, 4.572013854980469, 4.647887706756592, 4.741652488708496, 4.95449686050415, 5.000933647155762, 5.267045497894287, 5.465077877044678, 5.29141902923584, 5.3264946937561035, 5.404768943786621, 5.447296619415283]
[test]
test/correction_beneficial_ratio: 0.5500848293304443
test/correction_beneficial_ratio_far: 0.5642141103744507
test/correction_beneficial_ratio_middle: 0.5678544044494629
test/correction_beneficial_ratio_near: 0.5181860327720642
test/correction_cosine_far: 0.06041479855775833
test/correction_cosine_mean: 0.05284099280834198
test/correction_cosine_middle: 0.06527213007211685
test/correction_cosine_near: 0.0328361950814724
test/correction_magnitude_ratio_far: 0.051706306636333466
test/correction_magnitude_ratio_mean: 0.05640906095504761
test/correction_magnitude_ratio_middle: 0.056620318442583084
test/correction_magnitude_ratio_near: 0.060900524258613586
test/correction_optimal_scalar_far: 1.8963302373886108
test/correction_optimal_scalar_mean: 1.640349268913269
test/correction_optimal_scalar_middle: 1.7419179677963257
test/correction_optimal_scalar_near: 1.2827990055084229
test/correction_patch_beneficial_ratio: [0.48773714900016785, 0.5108745694160461, 0.5113373398780823, 0.5168903470039368, 0.5155020952224731, 0.5316982865333557, 0.5242943167686462, 0.5303100347518921, 0.5303100347518921, 0.5321610569953918, 0.5080981254577637, 0.4960666298866272, 0.5247570276260376, 0.5178158283233643, 0.5349375009536743, 0.543267011642456, 0.5548357367515564, 0.5391022562980652, 0.5229060649871826, 0.5525220036506653, 0.5552984476089478, 0.5377140045166016, 0.558074951171875, 0.5784358978271484, 0.5830634236335754, 0.5784358978271484, 0.6159185767173767, 0.5867654085159302, 0.6233225464820862, 0.5881536602973938, 0.5960203409194946, 0.5668671727180481, 0.5844516158103943, 0.5576122403144836, 0.5636279582977295, 0.5687181949615479, 0.562702476978302, 0.5664044618606567, 0.5687181949615479, 0.5576122403144836, 0.5682554244995117, 0.5576122403144836, 0.5608514547348022, 0.5506709814071655, 0.5330865383148193]
test/correction_patch_cosine: [0.01619594916701317, 0.0356924869120121, 0.02306029014289379, 0.0310598686337471, 0.016144530847668648, 0.03916552662849426, 0.04302871599793434, 0.04444848373532295, 0.049716781824827194, 0.0579911470413208, 0.028938381001353264, 0.013665675185620785, 0.030419165268540382, 0.02569201961159706, 0.03732417896389961, 0.036924246698617935, 0.043631747364997864, 0.048467542976140976, 0.04648132622241974, 0.05330602452158928, 0.05664493888616562, 0.043409571051597595, 0.0510983020067215, 0.06360301375389099, 0.07050171494483948, 0.07663287222385406, 0.09928721934556961, 0.08597342669963837, 0.11129733920097351, 0.09182195365428925, 0.08680885285139084, 0.0744982659816742, 0.07695457339286804, 0.0684218555688858, 0.055735994130373, 0.06109296530485153, 0.048937082290649414, 0.06197858229279518, 0.06052444130182266, 0.059149764478206635, 0.06697817891836166, 0.05242413282394409, 0.06624066829681396, 0.0472533293068409, 0.019221873953938484]
test/correction_patch_magnitude_ratio: [0.07201410830020905, 0.0673183724284172, 0.06410367786884308, 0.06192592903971672, 0.06254233419895172, 0.060795705765485764, 0.061246901750564575, 0.0606280118227005, 0.05826311185956001, 0.058230072259902954, 0.05841841548681259, 0.056760843843221664, 0.057484809309244156, 0.05768537521362305, 0.05609120428562164, 0.05686091631650925, 0.05765923112630844, 0.057294707745313644, 0.05888292193412781, 0.059451717883348465, 0.056577038019895554, 0.05665168911218643, 0.05637737363576889, 0.055135805159807205, 0.05486539006233215, 0.055047061294317245, 0.05504584684967995, 0.05581602826714516, 0.05717547982931137, 0.05646355450153351, 0.05643663927912712, 0.05621850863099098, 0.05496381223201752, 0.054258912801742554, 0.05415556952357292, 0.052379097789525986, 0.05168750509619713, 0.05157765373587608, 0.0502353310585022, 0.05019970238208771, 0.05001367628574371, 0.04884910583496094, 0.048423271626234055, 0.04857970401644707, 0.047615598887205124]
test/correction_patch_optimal_scalar: [0.7761496305465698, 1.38700270652771, 1.059463381767273, 1.2541505098342896, 0.9592043161392212, 1.4181729555130005, 1.4531712532043457, 1.3573883771896362, 1.8914589881896973, 1.9617283344268799, 1.1930943727493286, 1.004802942276001, 1.2705044746398926, 1.0602304935455322, 1.1954739093780518, 1.2154972553253174, 1.051117181777954, 1.3644129037857056, 1.2453951835632324, 1.2682534456253052, 1.5580476522445679, 1.3031079769134521, 1.5024759769439697, 1.8313961029052734, 2.073518991470337, 1.986966848373413, 2.406172275543213, 2.3976783752441406, 2.6161701679229736, 2.30857515335083, 2.1733601093292236, 1.881933331489563, 2.3007712364196777, 2.203616142272949, 1.9573580026626587, 2.296318769454956, 1.9875229597091675, 1.8214137554168701, 1.7111903429031372, 1.8411415815353394, 1.8243757486343384, 1.8135921955108643, 1.9986363649368286, 1.455706000328064, 1.1779993772506714]
