[train]
train/correction_beneficial_ratio: 0.5181014537811279
train/correction_beneficial_ratio_far: 0.5240381360054016
train/correction_beneficial_ratio_middle: 0.5256877541542053
train/correction_beneficial_ratio_near: 0.5045784711837769
train/correction_cosine_far: 0.03196413815021515
train/correction_cosine_mean: 0.027628598734736443
train/correction_cosine_middle: 0.03222285956144333
train/correction_cosine_near: 0.018698805943131447
train/correction_magnitude_ratio_far: 0.018699347972869873
train/correction_magnitude_ratio_mean: 0.02269762195646763
train/correction_magnitude_ratio_middle: 0.02084651030600071
train/correction_magnitude_ratio_near: 0.028547022491693497
train/correction_optimal_scalar_far: 1.7497353553771973
train/correction_optimal_scalar_mean: 1.6389682292938232
train/correction_optimal_scalar_middle: 2.1873674392700195
train/correction_optimal_scalar_near: 0.9797995090484619
train/correction_patch_beneficial_ratio: [0.47479626536369324, 0.5194843411445618, 0.5191584229469299, 0.5156319737434387, 0.5093791484832764, 0.5044006705284119, 0.498918354511261, 0.49213215708732605, 0.48976144194602966, 0.48851680755615234, 0.4929026663303375, 0.5076307654380798, 0.5186546444892883, 0.5189805626869202, 0.5183286666870117, 0.5274559259414673, 0.5314565300941467, 0.5364350080490112, 0.5260334610939026, 0.5158097743988037, 0.5196325182914734, 0.51995849609375, 0.5241961479187012, 0.5266557931900024, 0.5348940491676331, 0.5191880464553833, 0.5183879137039185, 0.521943986415863, 0.528048574924469, 0.5352200269699097, 0.5315157771110535, 0.5183879137039185, 0.520491898059845, 0.5252630114555359, 0.5227737426757812, 0.530389666557312, 0.5221810340881348, 0.5209364295005798, 0.5159578919410706, 0.5172025561332703, 0.5165209770202637, 0.5282856822013855, 0.5342124700546265, 0.5271299481391907, 0.5293228626251221]
train/correction_patch_cosine: [-0.00605018762871623, 0.03093651682138443, 0.03306233510375023, 0.02647232636809349, 0.023145347833633423, 0.021669229492545128, 0.013573153875768185, 0.007396263536065817, 0.009655287489295006, 0.0037796415854245424, 0.00954771414399147, 0.019185924902558327, 0.027960607782006264, 0.029488643631339073, 0.030659377574920654, 0.03721161186695099, 0.04103179648518562, 0.04241340234875679, 0.03384042903780937, 0.025146644562482834, 0.028080113232135773, 0.023137656971812248, 0.02825305610895157, 0.03306884318590164, 0.03726115822792053, 0.027737077325582504, 0.024509599432349205, 0.026916928589344025, 0.034564483910799026, 0.04017001762986183, 0.03599514812231064, 0.0263128113001585, 0.027203194797039032, 0.02716291882097721, 0.028493167832493782, 0.03517809882760048, 0.030996374785900116, 0.029527554288506508, 0.025972269475460052, 0.026215827092528343, 0.029969796538352966, 0.038532406091690063, 0.04009747505187988, 0.0367247611284256, 0.04108021780848503]
train/correction_patch_magnitude_ratio: [0.04783816635608673, 0.03325479477643967, 0.030384356155991554, 0.02948998101055622, 0.028836403042078018, 0.029133349657058716, 0.028042279183864594, 0.027054520323872566, 0.02657819539308548, 0.025998098775744438, 0.02621103823184967, 0.025850268080830574, 0.023841427639126778, 0.0230249036103487, 0.02266731858253479, 0.022323694080114365, 0.02179078571498394, 0.02176189422607422, 0.0220009908080101, 0.0215398408472538, 0.021391475573182106, 0.02076520025730133, 0.020671209320425987, 0.021132197231054306, 0.0207668524235487, 0.020241769030690193, 0.019766638055443764, 0.01946459710597992, 0.019454732537269592, 0.019625768065452576, 0.019398216158151627, 0.019247982650995255, 0.018946465104818344, 0.018528960645198822, 0.01871448941528797, 0.01925600692629814, 0.01939232647418976, 0.01914065331220627, 0.01840941049158573, 0.018151015043258667, 0.018343813717365265, 0.01891685277223587, 0.018641242757439613, 0.017940806224942207, 0.017461948096752167]
train/correction_patch_optimal_scalar: [0.5917271971702576, 2.140214443206787, 1.0515491962432861, 0.40621426701545715, 0.6592198610305786, 0.8792694807052612, 0.2631203234195709, 0.3033519685268402, -0.5225256681442261, -0.2024916112422943, 1.2822264432907104, 2.256060838699341, 2.257697343826294, 2.0440540313720703, 1.2873179912567139, 2.7568418979644775, 2.8950600624084473, 2.757112979888916, 2.080911636352539, 1.6268417835235596, 1.3037796020507812, 0.930908739566803, 1.9551498889923096, 2.176715612411499, 2.908158779144287, 3.253371000289917, 2.235893964767456, 2.467301845550537, 1.5940099954605103, 1.8684629201889038, 1.7414488792419434, 1.57970130443573, 0.4818362593650818, 0.32267245650291443, 0.15555505454540253, 1.6403660774230957, 2.5031237602233887, 3.292497158050537, 1.166445016860962, 1.340167760848999, 2.461369276046753, 2.8895206451416016, 2.7821474075317383, 2.775294303894043, 1.1139030456542969]
[test]
test/correction_beneficial_ratio: 0.5269697308540344
test/correction_beneficial_ratio_far: 0.5294139385223389
test/correction_beneficial_ratio_middle: 0.536746621131897
test/correction_beneficial_ratio_near: 0.5147486329078674
test/correction_cosine_far: 0.04093726724386215
test/correction_cosine_mean: 0.03794674947857857
test/correction_cosine_middle: 0.04744076356291771
test/correction_cosine_near: 0.02546217478811741
test/correction_magnitude_ratio_far: 0.01895577274262905
test/correction_magnitude_ratio_mean: 0.022085988894104958
test/correction_magnitude_ratio_middle: 0.021123118698596954
test/correction_magnitude_ratio_near: 0.02617906965315342
test/correction_optimal_scalar_far: 2.870677947998047
test/correction_optimal_scalar_mean: 2.0594804286956787
test/correction_optimal_scalar_middle: 2.3927700519561768
test/correction_optimal_scalar_near: 0.9149941802024841
test/correction_patch_beneficial_ratio: [0.46616053581237793, 0.4986575245857239, 0.5099527835845947, 0.4938431680202484, 0.49625036120414734, 0.5195814967155457, 0.5246736407279968, 0.5315248370170593, 0.5488380789756775, 0.5255069136619568, 0.5243033170700073, 0.5359688997268677, 0.5258772373199463, 0.5124525427818298, 0.507638156414032, 0.5096750259399414, 0.5261549949645996, 0.5338394641876221, 0.529673159122467, 0.5330061912536621, 0.5342097878456116, 0.5413387417793274, 0.5497639179229736, 0.5580039024353027, 0.5398574471473694, 0.5322655439376831, 0.5400425791740417, 0.5412461757659912, 0.5404129028320312, 0.5417091250419617, 0.5154152512550354, 0.5106934309005737, 0.5186556577682495, 0.5174520611763, 0.5170817375183105, 0.5261549949645996, 0.5072678327560425, 0.5187482833862305, 0.5267105102539062, 0.5367095470428467, 0.550782322883606, 0.5555041432380676, 0.5374502539634705, 0.5455050468444824, 0.5570780634880066]
test/correction_patch_cosine: [-0.022275589406490326, 0.004747389350086451, 0.008186567574739456, -0.0041887192055583, 0.0038463259115815163, 0.032600775361061096, 0.038916341960430145, 0.044376056641340256, 0.06046945974230766, 0.04267795756459236, 0.04205174371600151, 0.05042649433016777, 0.03853954002261162, 0.02153644897043705, 0.020021826028823853, 0.024755025282502174, 0.03098033368587494, 0.03901401907205582, 0.04009680822491646, 0.044736288487911224, 0.048671867698431015, 0.053333040326833725, 0.06153687462210655, 0.06663912534713745, 0.05195015296339989, 0.04648435860872269, 0.047798849642276764, 0.04777562618255615, 0.054321832954883575, 0.05351760983467102, 0.03281262516975403, 0.025115545839071274, 0.024779589846730232, 0.025085361674427986, 0.028483526781201363, 0.03833891078829765, 0.018712792545557022, 0.02315373159945011, 0.03309451416134834, 0.053419359028339386, 0.06709665805101395, 0.07138432562351227, 0.05194137990474701, 0.05562499165534973, 0.06501584500074387]
test/correction_patch_magnitude_ratio: [0.03957962989807129, 0.028264889493584633, 0.02714298851788044, 0.026278842240571976, 0.02558634616434574, 0.026716677471995354, 0.025828799232840538, 0.025164997205138206, 0.02550218440592289, 0.025110987946391106, 0.024851184338331223, 0.024676740169525146, 0.023072630167007446, 0.022257715463638306, 0.022651351988315582, 0.022049440070986748, 0.021046053618192673, 0.02126537263393402, 0.021846167743206024, 0.021491503342986107, 0.02175934799015522, 0.021194934844970703, 0.020940613001585007, 0.02119455859065056, 0.021165868267416954, 0.02088531106710434, 0.02062794752418995, 0.0204427782446146, 0.020358789712190628, 0.020578108727931976, 0.02012491226196289, 0.01984700933098793, 0.019512198865413666, 0.018915226683020592, 0.01919231377542019, 0.019634969532489777, 0.019594231620430946, 0.018901590257883072, 0.018449580296874046, 0.01819877326488495, 0.018340475857257843, 0.01926513761281967, 0.019085580483078957, 0.01769854873418808, 0.01757611334323883]
test/correction_patch_optimal_scalar: [0.10098439455032349, 0.2540113031864166, -2.5162954330444336, -4.5889716148376465, -0.7631819844245911, 0.8201975226402283, 3.0315866470336914, 4.110175132751465, 0.3352068066596985, -0.4482358992099762, 3.645143508911133, 3.4011292457580566, 3.2028660774230957, 2.778761148452759, 0.36153459548950195, -0.06158428639173508, 2.6185083389282227, 1.9452753067016602, 1.4575514793395996, 2.654637098312378, -0.9550727009773254, -1.6711305379867554, 5.35573148727417, 4.993299961090088, 3.47786545753479, 3.579716682434082, 1.8817200660705566, 0.5499465465545654, 5.188055992126465, 4.8769965171813965, 3.131871461868286, 3.3541245460510254, -1.4177125692367554, -3.152100086212158, 4.12721061706543, 4.4619293212890625, 3.2230818271636963, 3.429408311843872, 3.85215163230896, 2.524092435836792, 7.39215612411499, 6.776947498321533, 3.6804234981536865, 4.255946636199951, -2.579350709915161]
