[train]
train/correction_beneficial_ratio: 0.5740035772323608
train/correction_beneficial_ratio_far: 0.621742308139801
train/correction_beneficial_ratio_middle: 0.5788711309432983
train/correction_beneficial_ratio_near: 0.5213972330093384
train/correction_cosine_far: 0.11992822587490082
train/correction_cosine_mean: 0.08287865668535233
train/correction_cosine_middle: 0.0893583819270134
train/correction_cosine_near: 0.039349354803562164
train/correction_magnitude_ratio_far: 0.032704439014196396
train/correction_magnitude_ratio_mean: 0.0364968478679657
train/correction_magnitude_ratio_middle: 0.03566115349531174
train/correction_magnitude_ratio_near: 0.041124939918518066
train/correction_optimal_scalar_far: 5.184792995452881
train/correction_optimal_scalar_mean: 3.5452027320861816
train/correction_optimal_scalar_middle: 3.67673397064209
train/correction_optimal_scalar_near: 1.7740837335586548
train/correction_patch_beneficial_ratio: [0.5026198029518127, 0.5017252564430237, 0.49840256571769714, 0.5217891335487366, 0.5194888114929199, 0.5035143494606018, 0.4932907223701477, 0.5134824514389038, 0.5182108879089355, 0.5169329047203064, 0.5295846462249756, 0.5373802185058594, 0.5557827353477478, 0.5515654683113098, 0.5571885108947754, 0.5647284388542175, 0.5553993582725525, 0.550159752368927, 0.5615335702896118, 0.5772523880004883, 0.5786581635475159, 0.5798082947731018, 0.5703514218330383, 0.5698402523994446, 0.583514392375946, 0.5828753709793091, 0.5832588076591492, 0.613801896572113, 0.6120128035545349, 0.5998722314834595, 0.5943769812583923, 0.593993604183197, 0.5970606803894043, 0.5984664559364319, 0.6122683882713318, 0.606006383895874, 0.616485595703125, 0.6253035068511963, 0.6261980533599854, 0.640511155128479, 0.6503514647483826, 0.6439616680145264, 0.6471565365791321, 0.6417891383171082, 0.6322044730186462]
train/correction_patch_cosine: [0.027528801932930946, 0.028748100623488426, 0.02227458730340004, 0.03453470394015312, 0.02787495031952858, 0.01906849816441536, 0.019181471318006516, 0.021100865676999092, 0.029580840840935707, 0.041175197809934616, 0.04185432940721512, 0.05844928324222565, 0.07247746735811234, 0.0719800591468811, 0.07441119104623795, 0.07725906372070312, 0.07272706180810928, 0.06909185647964478, 0.0763346329331398, 0.08104611188173294, 0.08498883992433548, 0.0887833684682846, 0.08689571171998978, 0.08950842171907425, 0.09819268435239792, 0.09622287005186081, 0.09417179226875305, 0.11054438352584839, 0.11215899139642715, 0.10244975239038467, 0.10155780613422394, 0.09753072261810303, 0.09720748662948608, 0.1006702184677124, 0.1065199226140976, 0.11019789427518845, 0.1202298030257225, 0.12489044666290283, 0.12398343533277512, 0.1346237063407898, 0.13662856817245483, 0.13157759606838226, 0.13895899057388306, 0.13703562319278717, 0.13731150329113007]
train/correction_patch_magnitude_ratio: [0.052824925631284714, 0.046204376965761185, 0.04440734535455704, 0.041138842701911926, 0.0406610406935215, 0.04002687335014343, 0.039559680968523026, 0.03921160474419594, 0.038881734013557434, 0.03942810371518135, 0.039191339164972305, 0.038683876395225525, 0.039039112627506256, 0.03886202722787857, 0.03875328227877617, 0.03804408758878708, 0.037605058401823044, 0.037246108055114746, 0.036737654358148575, 0.03649473190307617, 0.03597235679626465, 0.03583667799830437, 0.03570206090807915, 0.03547867760062218, 0.03531159088015556, 0.03482239693403244, 0.03442616015672684, 0.034179747104644775, 0.03370204567909241, 0.033357974141836166, 0.03361785039305687, 0.03367340564727783, 0.033351171761751175, 0.03302796930074692, 0.03317411616444588, 0.032741449773311615, 0.032853178679943085, 0.03268258273601532, 0.032989561557769775, 0.03281951695680618, 0.032663509249687195, 0.03219220042228699, 0.03171228617429733, 0.031716957688331604, 0.03135086968541145]
train/correction_patch_optimal_scalar: [0.8555692434310913, 1.1317062377929688, 1.0594351291656494, 1.509202241897583, 1.4324517250061035, 1.2072747945785522, 1.1471227407455444, 1.276450753211975, 1.5036571025848389, 1.9684983491897583, 2.105959177017212, 2.5721590518951416, 3.0238945484161377, 2.92887806892395, 2.8889927864074707, 3.0277318954467773, 2.9052093029022217, 2.8107850551605225, 3.1921472549438477, 3.53151798248291, 3.5568883419036865, 3.512977123260498, 3.3473386764526367, 3.687105178833008, 4.006643772125244, 3.8836870193481445, 4.013813018798828, 4.6820478439331055, 4.640207767486572, 4.3528733253479, 4.44660758972168, 4.3850884437561035, 4.518889904022217, 4.630962371826172, 4.77861213684082, 4.927201271057129, 5.157495021820068, 5.336130619049072, 5.139926910400391, 5.599807262420654, 5.639369964599609, 5.616857051849365, 5.9684624671936035, 5.80946683883667, 5.817026615142822]
[test]
test/correction_beneficial_ratio: 0.5130341053009033
test/correction_beneficial_ratio_far: 0.5041184425354004
test/correction_beneficial_ratio_middle: 0.5429276823997498
test/correction_beneficial_ratio_near: 0.4920561611652374
test/correction_cosine_far: -0.007160069886595011
test/correction_cosine_mean: 0.013348606415092945
test/correction_cosine_middle: 0.036400455981492996
test/correction_cosine_near: 0.010805436410009861
test/correction_magnitude_ratio_far: 0.03382350504398346
test/correction_magnitude_ratio_mean: 0.03632079064846039
test/correction_magnitude_ratio_middle: 0.03646092489361763
test/correction_magnitude_ratio_near: 0.03867797926068306
test/correction_optimal_scalar_far: 1.0046100616455078
test/correction_optimal_scalar_mean: 1.4393717050552368
test/correction_optimal_scalar_middle: 1.9472177028656006
test/correction_optimal_scalar_near: 1.3662852048873901
test/correction_patch_beneficial_ratio: [0.46136048436164856, 0.481721431016922, 0.4919019043445587, 0.5030078887939453, 0.49329015612602234, 0.49421563744544983, 0.5155020952224731, 0.5067098736763, 0.5182785987854004, 0.5048588514328003, 0.47478020191192627, 0.4664507210254669, 0.47478020191192627, 0.49097639322280884, 0.5030078887939453, 0.5178158283233643, 0.5293845534324646, 0.5173530578613281, 0.5312355160713196, 0.5178158283233643, 0.5381767749786377, 0.5372512936592102, 0.5414159893989563, 0.5358630418777466, 0.5506709814071655, 0.5640906691551208, 0.5890791416168213, 0.5751966834068298, 0.5793613791465759, 0.5192040801048279, 0.5321610569953918, 0.5238315463066101, 0.5178158283233643, 0.5159648060798645, 0.5062471032142639, 0.5062471032142639, 0.5187413096427917, 0.5113373398780823, 0.49421563744544983, 0.5011568665504456, 0.4928273856639862, 0.4831096827983856, 0.4993058741092682, 0.4831096827983856, 0.47570568323135376]
test/correction_patch_cosine: [-0.01913965679705143, -0.003910535480827093, 0.0076550631783902645, 0.01822388358414173, -0.00030353409238159657, 0.018994664773344994, 0.031928643584251404, 0.02629094198346138, 0.03234314173460007, 0.027073202654719353, 0.00776993902400136, -0.00836320873349905, 0.0023912133183330297, 0.008981628343462944, 0.012145956978201866, 0.023610884323716164, 0.03307831287384033, 0.028503211215138435, 0.029375333338975906, 0.030848965048789978, 0.028940895572304726, 0.02834004908800125, 0.021082784980535507, 0.019937550649046898, 0.03483910486102104, 0.05026944726705551, 0.06367772817611694, 0.0571349635720253, 0.06403067708015442, 0.032337117940187454, 0.027619902044534683, 0.0131507758051157, 0.011648415587842464, 0.004341005813330412, -0.008056913502514362, -0.0009262311505153775, -0.001835531322285533, 0.0029474759940057993, -0.006592683959752321, -0.007066003046929836, -0.012161161750555038, -0.026219826191663742, -0.01613447070121765, -0.03518440201878548, -0.052931491285562515]
test/correction_patch_magnitude_ratio: [0.04636184126138687, 0.04197968170046806, 0.04069558531045914, 0.03948531299829483, 0.03888054937124252, 0.038801759481430054, 0.03898271918296814, 0.037800077348947525, 0.03733741119503975, 0.037302155047655106, 0.03663388639688492, 0.03649769350886345, 0.03697207197546959, 0.03619880601763725, 0.03624037653207779, 0.03667541593313217, 0.03610498830676079, 0.03689493238925934, 0.038122616708278656, 0.03763527050614357, 0.036734726279973984, 0.03681480512022972, 0.03586011007428169, 0.0358450673520565, 0.035468414425849915, 0.034925296902656555, 0.036004479974508286, 0.036570120602846146, 0.03648805618286133, 0.036769330501556396, 0.037312258034944534, 0.03648452088236809, 0.03640828654170036, 0.035912565886974335, 0.03487395867705345, 0.034485965967178345, 0.03397493436932564, 0.03306284174323082, 0.03314884379506111, 0.03291705995798111, 0.03217373043298721, 0.032158344984054565, 0.03186139836907387, 0.031295422464609146, 0.03128203749656677]
test/correction_patch_optimal_scalar: [0.35486215353012085, 1.1422863006591797, 1.3877897262573242, 1.5873180627822876, 1.0864174365997314, 1.7282729148864746, 1.9000284671783447, 1.7224745750427246, 2.32364559173584, 1.8572802543640137, 1.3225575685501099, 0.9853472709655762, 0.9659213423728943, 0.9964770674705505, 1.1335886716842651, 1.1290134191513062, 1.2481532096862793, 1.469096064567566, 1.4733920097351074, 1.6725425720214844, 1.735689640045166, 1.5176419019699097, 1.6965699195861816, 1.9532867670059204, 1.9856617450714111, 2.3561222553253174, 2.8099772930145264, 2.817017078399658, 3.0145809650421143, 2.3295607566833496, 1.689282774925232, 1.330155611038208, 1.893606424331665, 1.5887576341629028, 1.3890254497528076, 1.9671787023544312, 1.492224097251892, 1.395338535308838, 0.9444608688354492, 0.5933892726898193, 0.5472899675369263, 0.3924068808555603, 0.3819124400615692, -0.17440180480480194, -0.3614720106124878]
