[train]
train/correction_beneficial_ratio: 0.41207659244537354
train/correction_beneficial_ratio_far: 0.4152689576148987
train/correction_beneficial_ratio_middle: 0.4024771451950073
train/correction_beneficial_ratio_near: 0.4184836447238922
train/correction_cosine_far: -0.08366523683071136
train/correction_cosine_mean: -0.07842714339494705
train/correction_cosine_middle: -0.08893495053052902
train/correction_cosine_near: -0.06268125027418137
train/correction_magnitude_ratio_far: 0.017216438427567482
train/correction_magnitude_ratio_mean: 0.02288120612502098
train/correction_magnitude_ratio_middle: 0.021174317225813866
train/correction_magnitude_ratio_near: 0.0302528478205204
train/correction_optimal_scalar_far: -2.943279504776001
train/correction_optimal_scalar_mean: -2.609562635421753
train/correction_optimal_scalar_middle: -2.7599339485168457
train/correction_optimal_scalar_near: -2.1254684925079346
train/correction_patch_beneficial_ratio: [0.44882652163505554, 0.42286619544029236, 0.39901548624038696, 0.39922061562538147, 0.40833309292793274, 0.42521023750305176, 0.4259134531021118, 0.40850889682769775, 0.3876175582408905, 0.3899909257888794, 0.3996601104736328, 0.41181984543800354, 0.4151015281677246, 0.40464121103286743, 0.3914852440357208, 0.3970816731452942, 0.4127281904220581, 0.43326789140701294, 0.436725378036499, 0.4234814941883087, 0.41211286187171936]
train/correction_patch_cosine: [-0.02493435889482498, -0.05960844084620476, -0.08495575189590454, -0.08582615107297897, -0.07261897623538971, -0.05526534467935562, -0.05555948615074158, -0.07831753045320511, -0.10102550685405731, -0.10028234124183655, -0.0905613973736763, -0.07908380776643753, -0.07885636389255524, -0.09441777318716049, -0.10853040963411331, -0.10349296033382416, -0.08638619631528854, -0.06789835542440414, -0.05981256440281868, -0.07505185902118683, -0.08448434621095657]
train/correction_patch_magnitude_ratio: [0.043280791491270065, 0.03256373479962349, 0.028978217393159866, 0.02740919031202793, 0.026982935145497322, 0.027218027040362358, 0.025337127968668938, 0.023286178708076477, 0.022151241078972816, 0.021463561803102493, 0.021383972838521004, 0.0211521964520216, 0.020049013197422028, 0.018734071403741837, 0.017973976209759712, 0.017743738368153572, 0.01778080314397812, 0.017668765038251877, 0.017008839175105095, 0.01637645997107029, 0.015962494537234306]
train/correction_patch_optimal_scalar: [-0.9403718113899231, -2.4209988117218018, -3.608057975769043, -2.885314702987671, -1.867599368095398, -1.0969527959823608, -2.0589802265167236, -3.1654000282287598, -3.8738949298858643, -2.714954137802124, -1.9743655920028687, -1.1349294185638428, -2.4455878734588623, -4.010430812835693, -4.978507995605469, -3.598252773284912, -1.9085432291030884, -1.024938941001892, -1.8926194906234741, -3.2953555583953857, -3.904758930206299]
[test]
test/correction_beneficial_ratio: 0.347148597240448
test/correction_beneficial_ratio_far: 0.3619643747806549
test/correction_beneficial_ratio_middle: 0.3259722888469696
test/correction_beneficial_ratio_near: 0.35350915789604187
test/correction_cosine_far: -0.13051362335681915
test/correction_cosine_mean: -0.1350688934326172
test/correction_cosine_middle: -0.1609639674425125
test/correction_cosine_near: -0.1137293130159378
test/correction_magnitude_ratio_far: 0.018608683720231056
test/correction_magnitude_ratio_mean: 0.024964017793536186
test/correction_magnitude_ratio_middle: 0.02277204766869545
test/correction_magnitude_ratio_near: 0.033511336892843246
test/correction_optimal_scalar_far: -4.07094144821167
test/correction_optimal_scalar_mean: -3.623812437057495
test/correction_optimal_scalar_middle: -4.518874168395996
test/correction_optimal_scalar_near: -2.281618118286133
test/correction_patch_beneficial_ratio: [0.4057219624519348, 0.3593205213546753, 0.3261511027812958, 0.32105499505996704, 0.3374161720275879, 0.36423781514167786, 0.3606615960597992, 0.3365221321582794, 0.3158694803714752, 0.31113097071647644, 0.3252570331096649, 0.3354492485523224, 0.33625391125679016, 0.3213231861591339, 0.3206973671913147, 0.33097898960113525, 0.36218148469924927, 0.39025479555130005, 0.3965131938457489, 0.3771122097969055, 0.3560125231742859]
test/correction_patch_cosine: [-0.05157683044672012, -0.10716941952705383, -0.1421048790216446, -0.14820705354213715, -0.1284014880657196, -0.10545619577169418, -0.11318822205066681, -0.15128949284553528, -0.17109419405460358, -0.17142760753631592, -0.15830671787261963, -0.15027575194835663, -0.15380826592445374, -0.17054526507854462, -0.18125058710575104, -0.1663459837436676, -0.13204331696033478, -0.09827563911676407, -0.09176505357027054, -0.11333677172660828, -0.13057772815227509]
test/correction_patch_magnitude_ratio: [0.046953536570072174, 0.03583993390202522, 0.03210533782839775, 0.03034217841923237, 0.030256155878305435, 0.030826834961771965, 0.028255227953195572, 0.02501516230404377, 0.02367216721177101, 0.023131612688302994, 0.023202328011393547, 0.023236269131302834, 0.021574335172772408, 0.01957249827682972, 0.018652426078915596, 0.018608883023262024, 0.019251268357038498, 0.01986529864370823, 0.018984677270054817, 0.017766239121556282, 0.01713201217353344]
test/correction_patch_optimal_scalar: [-1.5312503576278687, -2.843299150466919, -3.740896701812744, -2.973355770111084, -1.5418455600738525, 0.04060344398021698, -3.3812787532806396, -5.558961391448975, -5.048168659210205, -3.4976115226745605, -2.0806174278259277, -2.041402578353882, -5.482019901275635, -7.92334508895874, -7.673378944396973, -6.285975933074951, -2.105112075805664, 0.06502469629049301, -2.7416629791259766, -4.885471820831299, -4.870030403137207]
