[train]
train/correction_beneficial_ratio: 0.4797423779964447
train/correction_beneficial_ratio_far: 0.47880563139915466
train/correction_beneficial_ratio_middle: 0.4902224838733673
train/correction_beneficial_ratio_near: 0.4701990485191345
train/correction_cosine_far: -0.08039785921573639
train/correction_cosine_mean: -0.04917915165424347
train/correction_cosine_middle: -0.02957962267100811
train/correction_cosine_near: -0.037559624761343
train/correction_magnitude_ratio_far: 0.011178825050592422
train/correction_magnitude_ratio_mean: 0.01896919496357441
train/correction_magnitude_ratio_middle: 0.01570890098810196
train/correction_magnitude_ratio_near: 0.030019862577319145
train/correction_optimal_scalar_far: -9.35156536102295
train/correction_optimal_scalar_mean: -3.571474075317383
train/correction_optimal_scalar_middle: -0.1379336267709732
train/correction_optimal_scalar_near: -1.2249422073364258
train/correction_patch_beneficial_ratio: [0.4229508340358734, 0.47786885499954224, 0.48647540807724, 0.4836065471172333, 0.4727458953857422, 0.46680328249931335, 0.48094263672828674, 0.5127049088478088, 0.5047131180763245, 0.49528688192367554, 0.4854508340358734, 0.4793032705783844, 0.47766393423080444, 0.4764344394207001, 0.48114752769470215, 0.48422130942344666, 0.4829918146133423, 0.4793032705783844, 0.48135244846343994, 0.4731557369232178, 0.4694672226905823]
train/correction_patch_cosine: [-0.08070989698171616, -0.03248561546206474, -0.017313193529844284, -0.030261356383562088, -0.036013055592775345, -0.034605659544467926, -0.03152859956026077, -0.010821348056197166, -0.009705165401101112, -0.017983730882406235, -0.023030372336506844, -0.033040836453437805, -0.051821205765008926, -0.060655154287815094, -0.06390716135501862, -0.07060442119836807, -0.07680032402276993, -0.08228311687707901, -0.08378217369318008, -0.08866573125123978, -0.09674398601055145]
train/correction_patch_magnitude_ratio: [0.05576794594526291, 0.036471765488386154, 0.02965630777180195, 0.025687918066978455, 0.022777412086725235, 0.02066279947757721, 0.019114863127470016, 0.018249167129397392, 0.01737186685204506, 0.01639225147664547, 0.015668706968426704, 0.014947034418582916, 0.014061038382351398, 0.01327225100249052, 0.01263504195958376, 0.012055336497724056, 0.011485658586025238, 0.010989162139594555, 0.01068681851029396, 0.01038219965994358, 0.01001753844320774]
train/correction_patch_optimal_scalar: [-1.4915353059768677, -1.074393391609192, -0.835972249507904, -1.7279545068740845, -1.5493407249450684, -1.0590221881866455, -0.8363528251647949, 0.7639344334602356, 1.3755804300308228, 1.1624003648757935, 0.8491687178611755, 0.1437750607728958, -1.7054907083511353, -3.554856300354004, -5.123120307922363, -6.572917938232422, -7.8811140060424805, -9.263620376586914, -10.331779479980469, -11.93233585357666, -14.355984687805176]
[test]
test/correction_beneficial_ratio: 0.6920473575592041
test/correction_beneficial_ratio_far: 0.6954314708709717
test/correction_beneficial_ratio_middle: 0.7198452949523926
test/correction_beneficial_ratio_near: 0.6608653664588928
test/correction_cosine_far: 0.38117119669914246
test/correction_cosine_mean: 0.3075549602508545
test/correction_cosine_middle: 0.3270406723022461
test/correction_cosine_near: 0.214452862739563
test/correction_magnitude_ratio_far: 0.00974532961845398
test/correction_magnitude_ratio_mean: 0.016216358169913292
test/correction_magnitude_ratio_middle: 0.013455505482852459
test/correction_magnitude_ratio_near: 0.025448238477110863
test/correction_optimal_scalar_far: 62.58367919921875
test/correction_optimal_scalar_mean: 41.22300338745117
test/correction_optimal_scalar_middle: 43.80751037597656
test/correction_optimal_scalar_near: 17.277833938598633
test/correction_patch_beneficial_ratio: [0.576988160610199, 0.6142131686210632, 0.682741105556488, 0.6658206582069397, 0.6692047119140625, 0.703045666217804, 0.7140439748764038, 0.7191201448440552, 0.7470389008522034, 0.7461928725242615, 0.730118453502655, 0.7072758078575134, 0.6937394142150879, 0.6954314708709717, 0.6962774991989136, 0.6844331622123718, 0.6785110235214233, 0.6717427968978882, 0.682741105556488, 0.7182741165161133, 0.7360405921936035]
test/correction_patch_cosine: [0.1179717406630516, 0.18742738664150238, 0.2332943081855774, 0.21670997142791748, 0.22393746674060822, 0.24960167706012726, 0.272227019071579, 0.30058151483535767, 0.3201271593570709, 0.3270411491394043, 0.3296227753162384, 0.33346864581108093, 0.33418288826942444, 0.3442627489566803, 0.3611123263835907, 0.3710411489009857, 0.3767111003398895, 0.380037784576416, 0.38443273305892944, 0.3938833475112915, 0.4009796380996704]
test/correction_patch_magnitude_ratio: [0.048251163214445114, 0.03144741430878639, 0.024687454104423523, 0.02075367048382759, 0.018943319097161293, 0.017555927857756615, 0.016498668119311333, 0.01561320386826992, 0.014720997773110867, 0.013948808424174786, 0.013301036320626736, 0.012739641591906548, 0.012167055159807205, 0.011697791516780853, 0.011262183077633381, 0.010710191912949085, 0.010175107978284359, 0.009663849137723446, 0.009207373484969139, 0.008821681141853333, 0.008376945741474628]
test/correction_patch_optimal_scalar: [3.2143592834472656, 8.718350410461426, 14.15025520324707, 17.56304931640625, 21.971050262451172, 25.785871505737305, 29.541913986206055, 33.49281692504883, 37.28952407836914, 40.317752838134766, 43.85205841064453, 48.06406784057617, 50.82113265991211, 52.81496810913086, 55.540504455566406, 58.13872146606445, 60.650997161865234, 62.15018844604492, 63.83051681518555, 66.86561584472656, 70.90929412841797]
