[train]
train/correction_beneficial_ratio: 0.5893134474754333
train/correction_beneficial_ratio_far: 0.6379722952842712
train/correction_beneficial_ratio_middle: 0.5924089550971985
train/correction_beneficial_ratio_near: 0.5375590920448303
train/correction_cosine_far: 0.13738849759101868
train/correction_cosine_mean: 0.09855737537145615
train/correction_cosine_middle: 0.10333426296710968
train/correction_cosine_near: 0.05494924634695053
train/correction_magnitude_ratio_far: 0.03725263476371765
train/correction_magnitude_ratio_mean: 0.04185859113931656
train/correction_magnitude_ratio_middle: 0.04103013873100281
train/correction_magnitude_ratio_near: 0.047293003648519516
train/correction_optimal_scalar_far: 5.186221599578857
train/correction_optimal_scalar_mean: 3.5946202278137207
train/correction_optimal_scalar_middle: 3.6409683227539062
train/correction_optimal_scalar_near: 1.956668496131897
train/correction_patch_beneficial_ratio: [0.5223003029823303, 0.5199999809265137, 0.5147603750228882, 0.5228114724159241, 0.527667760848999, 0.5097763538360596, 0.5120766758918762, 0.526134192943573, 0.5382747650146484, 0.5345686674118042, 0.5478594303131104, 0.56370609998703, 0.5734185576438904, 0.5700958371162415, 0.5799360871315002, 0.5849201083183289, 0.569073498249054, 0.5727795362472534, 0.5773801803588867, 0.5890095829963684, 0.5911821126937866, 0.5844089388847351, 0.5869648456573486, 0.5927156805992126, 0.5985942482948303, 0.6020447015762329, 0.5956549644470215, 0.6123961806297302, 0.6191693544387817, 0.6098402738571167, 0.6007667779922485, 0.6029393076896667, 0.6056230068206787, 0.6116293668746948, 0.6240255832672119, 0.6190415620803833, 0.6256868839263916, 0.6444728374481201, 0.6495846509933472, 0.6661980748176575, 0.674504816532135, 0.663642168045044, 0.664536714553833, 0.661853015422821, 0.6550799012184143]
train/correction_patch_cosine: [0.042227573692798615, 0.05080913379788399, 0.03480938822031021, 0.04186663031578064, 0.03805937245488167, 0.03045227937400341, 0.03163639456033707, 0.04211807996034622, 0.049421072006225586, 0.05557304248213768, 0.06345417350530624, 0.0789041593670845, 0.08478593826293945, 0.08778093755245209, 0.09234089404344559, 0.09265811741352081, 0.0921468436717987, 0.086083322763443, 0.08588865399360657, 0.09344423562288284, 0.09637822955846786, 0.10080394893884659, 0.1036236584186554, 0.10706790536642075, 0.11320637911558151, 0.11253964155912399, 0.10808027535676956, 0.11955360323190689, 0.12307611107826233, 0.1154632568359375, 0.11224215477705002, 0.11370842903852463, 0.11161527782678604, 0.11544755101203918, 0.1253848373889923, 0.12632660567760468, 0.13418011367321014, 0.14348791539669037, 0.14598286151885986, 0.1556868851184845, 0.1610322892665863, 0.15108880400657654, 0.15232573449611664, 0.15706436336040497, 0.15525461733341217]
train/correction_patch_magnitude_ratio: [0.05941062420606613, 0.052689842879772186, 0.05089781433343887, 0.04728677123785019, 0.046930015087127686, 0.046244341880083084, 0.04567427188158035, 0.04553047567605972, 0.04495371878147125, 0.04546654224395752, 0.045392755419015884, 0.044562749564647675, 0.04492448642849922, 0.044928207993507385, 0.04450248181819916, 0.0436953641474247, 0.04350363090634346, 0.04283806309103966, 0.04227588325738907, 0.042204637080430984, 0.041459452360868454, 0.04112367331981659, 0.04119061306118965, 0.040775053203105927, 0.04051671177148819, 0.040219806134700775, 0.0396232008934021, 0.039106935262680054, 0.038761768490076065, 0.038157496601343155, 0.038426611572504044, 0.03853385150432587, 0.037945568561553955, 0.03768384829163551, 0.03805862367153168, 0.03752429410815239, 0.03751083463430405, 0.03745526447892189, 0.03741679713129997, 0.03718395158648491, 0.03710808977484703, 0.0363679900765419, 0.03598735108971596, 0.03608886897563934, 0.035497210919857025]
train/correction_patch_optimal_scalar: [1.088853120803833, 1.5087594985961914, 1.1721985340118408, 1.4551148414611816, 1.4057972431182861, 1.3053420782089233, 1.296963095664978, 1.609950065612793, 1.8886207342147827, 2.1111302375793457, 2.4812493324279785, 2.934948682785034, 2.9857139587402344, 3.0143415927886963, 3.0910558700561523, 3.1584384441375732, 3.113490343093872, 3.0012481212615967, 3.0929603576660156, 3.443376302719116, 3.4864187240600586, 3.4865779876708984, 3.447598934173584, 3.8193113803863525, 3.9619710445404053, 3.8298044204711914, 3.8817696571350098, 4.315514087677002, 4.315707683563232, 4.260335445404053, 4.288201332092285, 4.447854995727539, 4.507505416870117, 4.669112682342529, 4.887920379638672, 4.942471981048584, 4.982351303100586, 5.324159145355225, 5.322383403778076, 5.6172194480896, 5.805385589599609, 5.623392105102539, 5.751678466796875, 5.839310169219971, 5.784407138824463]
[test]
test/correction_beneficial_ratio: 0.5077381730079651
test/correction_beneficial_ratio_far: 0.4958815276622772
test/correction_beneficial_ratio_middle: 0.5317908525466919
test/correction_beneficial_ratio_near: 0.4955421984195709
test/correction_cosine_far: -0.014350716955959797
test/correction_cosine_mean: 0.004263682756572962
test/correction_cosine_middle: 0.02231721207499504
test/correction_cosine_near: 0.004824546631425619
test/correction_magnitude_ratio_far: 0.03945919871330261
test/correction_magnitude_ratio_mean: 0.042393773794174194
test/correction_magnitude_ratio_middle: 0.042517922818660736
test/correction_magnitude_ratio_near: 0.04520419239997864
test/correction_optimal_scalar_far: 0.4615766704082489
test/correction_optimal_scalar_mean: 0.8364807367324829
test/correction_optimal_scalar_middle: 1.0677893161773682
test/correction_optimal_scalar_near: 0.9800770282745361
test/correction_patch_beneficial_ratio: [0.48681166768074036, 0.5122628211975098, 0.508560836315155, 0.5048588514328003, 0.502082347869873, 0.4946783781051636, 0.5178158283233643, 0.5099490880966187, 0.5099490880966187, 0.49791762232780457, 0.4692271947860718, 0.4618232250213623, 0.47663119435310364, 0.4803331792354584, 0.5002313852310181, 0.5094863772392273, 0.5229060649871826, 0.513188362121582, 0.5145766139030457, 0.5002313852310181, 0.5252197980880737, 0.515039324760437, 0.5261452794075012, 0.5441924929618835, 0.5446552634239197, 0.551596462726593, 0.5603886842727661, 0.5552984476089478, 0.5664044618606567, 0.5275335311889648, 0.5312355160713196, 0.5252197980880737, 0.5233688354492188, 0.5053216218948364, 0.5002313852310181, 0.5062471032142639, 0.4937528967857361, 0.5094863772392273, 0.4715409576892853, 0.47987043857574463, 0.4858861565589905, 0.47755667567253113, 0.4905136525630951, 0.47431743144989014, 0.4636742174625397]
test/correction_patch_cosine: [0.0038572882767766714, 0.01620800979435444, 0.013365320861339569, 0.01581186056137085, 0.000446159829152748, 0.01003143098205328, 0.01912171021103859, 0.015127938240766525, 0.015979865565896034, 0.014210744760930538, -0.0021540126763284206, -0.022094888612627983, -0.014858448877930641, -0.00785833690315485, -0.0048264930956065655, 0.0016956462059170008, 0.015742070972919464, 0.01121516153216362, 0.010266898199915886, 0.014349245466291904, 0.012407534755766392, 0.008399651385843754, 0.012564319185912609, 0.01803211122751236, 0.020949851721525192, 0.03731725364923477, 0.04800001159310341, 0.03953057527542114, 0.05147773399949074, 0.03281059116125107, 0.023777911439538002, 0.016483847051858902, 0.0092318719252944, -0.0016603643307462335, -0.012052075006067753, -0.011653201654553413, -0.01915782503783703, -0.007612801156938076, -0.024112556129693985, -0.023787721991539, -0.019700907170772552, -0.03238239884376526, -0.02275364100933075, -0.032907165586948395, -0.05697421729564667]
test/correction_patch_magnitude_ratio: [0.053540896624326706, 0.04900865629315376, 0.04750780016183853, 0.045894790440797806, 0.04557737708091736, 0.045293115079402924, 0.04572143405675888, 0.0444718636572361, 0.04368522763252258, 0.04352559149265289, 0.04309830814599991, 0.04269018769264221, 0.04314444586634636, 0.042526084929704666, 0.042377371340990067, 0.04291122779250145, 0.042565394192934036, 0.043089885264635086, 0.0443892627954483, 0.04410141333937645, 0.04294480010867119, 0.04254306107759476, 0.04194655641913414, 0.04169277101755142, 0.04117497056722641, 0.040874745696783066, 0.04175286740064621, 0.04229214787483215, 0.04268074408173561, 0.042808715254068375, 0.043134305626153946, 0.04244578257203102, 0.04230201616883278, 0.041660040616989136, 0.040870215743780136, 0.04034997895359993, 0.03962215781211853, 0.038824476301670074, 0.03868257626891136, 0.03840798884630203, 0.03777129575610161, 0.03757142648100853, 0.03706728294491768, 0.03668753057718277, 0.03649096190929413]
test/correction_patch_optimal_scalar: [0.7484822273254395, 1.3886408805847168, 1.0661221742630005, 1.2145323753356934, 0.7315232157707214, 1.197109341621399, 1.362413763999939, 1.1478271484375, 1.5104975700378418, 1.3817036151885986, 0.8705581426620483, 0.5525392889976501, 0.5851500034332275, 0.4907199442386627, 0.45334887504577637, 0.4873117506504059, 0.588720440864563, 0.7997032403945923, 0.6737633943557739, 0.6819058060646057, 0.7308626770973206, 0.5043373107910156, 0.9820500612258911, 1.114941954612732, 1.139140248298645, 1.4955958127975464, 1.6971406936645508, 1.6118921041488647, 1.9076709747314453, 1.6018027067184448, 1.1374845504760742, 1.0106459856033325, 1.3059275150299072, 0.8631842136383057, 0.7565355896949768, 1.0166069269180298, 0.5881794095039368, 0.7120673656463623, 0.09214316308498383, -0.09712472558021545, 0.02911842241883278, 0.06020473316311836, 0.13189297914505005, -0.15795588493347168, -0.5252805352210999]
