[train]
train/correction_beneficial_ratio: 0.4195552170276642
train/correction_beneficial_ratio_far: 0.43612679839134216
train/correction_beneficial_ratio_middle: 0.4103129804134369
train/correction_beneficial_ratio_near: 0.4122258722782135
train/correction_cosine_far: -0.0564076229929924
train/correction_cosine_mean: -0.06470540165901184
train/correction_cosine_middle: -0.0768546313047409
train/correction_cosine_near: -0.06085391715168953
train/correction_magnitude_ratio_far: 0.02153063379228115
train/correction_magnitude_ratio_mean: 0.02889602817595005
train/correction_magnitude_ratio_middle: 0.02529114857316017
train/correction_magnitude_ratio_near: 0.039866335690021515
train/correction_optimal_scalar_far: -1.9598788022994995
train/correction_optimal_scalar_mean: -2.5421340465545654
train/correction_optimal_scalar_middle: -3.374190092086792
train/correction_optimal_scalar_near: -2.292330741882324
train/correction_patch_beneficial_ratio: [0.4041723906993866, 0.38940489292144775, 0.3960561454296112, 0.4110580384731293, 0.4301620423793793, 0.4377802014350891, 0.41694745421409607, 0.3900202214717865, 0.3898737132549286, 0.40950509905815125, 0.4235107898712158, 0.4301913380622864, 0.4186176061630249, 0.41047203540802, 0.4081279933452606, 0.4268803596496582, 0.4411497414112091, 0.44991064071655273, 0.44633597135543823, 0.43827828764915466, 0.4422045648097992]
train/correction_patch_cosine: [-0.052611444145441055, -0.08003386855125427, -0.07991749793291092, -0.06623057276010513, -0.04696013405919075, -0.04085936024785042, -0.05936465039849281, -0.08843615651130676, -0.09281964600086212, -0.0782627984881401, -0.06451952457427979, -0.06023012101650238, -0.07111120223999023, -0.08260303735733032, -0.08120192587375641, -0.062481287866830826, -0.049321915954351425, -0.04558718204498291, -0.04798237606883049, -0.0564049631357193, -0.051873788237571716]
train/correction_patch_magnitude_ratio: [0.06139564886689186, 0.04532921686768532, 0.03878874331712723, 0.03516257926821709, 0.033347275108098984, 0.03350294008851051, 0.031537819653749466, 0.028563357889652252, 0.02653101645410061, 0.025269964709877968, 0.024947451427578926, 0.02506737783551216, 0.024087518453598022, 0.022571267560124397, 0.021784130483865738, 0.021765805780887604, 0.022019054740667343, 0.02217513509094715, 0.021618280559778214, 0.020833753049373627, 0.020518267527222633]
train/correction_patch_optimal_scalar: [-1.6134412288665771, -2.7870428562164307, -3.3515243530273438, -2.615604877471924, -1.72420334815979, -1.4883487224578857, -2.466156482696533, -4.124542236328125, -4.4064741134643555, -3.30879282951355, -2.2239997386932373, -2.2426106929779053, -3.2772488594055176, -4.035679817199707, -4.061348915100098, -2.8216381072998047, -1.4545286893844604, -1.0614337921142578, -1.500957727432251, -1.7045326232910156, -1.1147029399871826]
[test]
test/correction_beneficial_ratio: 0.36949145793914795
test/correction_beneficial_ratio_far: 0.39835238456726074
test/correction_beneficial_ratio_middle: 0.3477233648300171
test/correction_beneficial_ratio_near: 0.362398624420166
test/correction_cosine_far: -0.09343716502189636
test/correction_cosine_mean: -0.11458201706409454
test/correction_cosine_middle: -0.14287810027599335
test/correction_cosine_near: -0.10743077844381332
test/correction_magnitude_ratio_far: 0.02468867041170597
test/correction_magnitude_ratio_mean: 0.0326494500041008
test/correction_magnitude_ratio_middle: 0.028660515323281288
test/correction_magnitude_ratio_near: 0.04459913820028305
test/correction_optimal_scalar_far: -1.5836076736450195
test/correction_optimal_scalar_mean: -2.384490966796875
test/correction_optimal_scalar_middle: -3.391003131866455
test/correction_optimal_scalar_near: -2.178863286972046
test/correction_patch_beneficial_ratio: [0.38497987389564514, 0.3611086308956146, 0.3518104553222656, 0.34832364320755005, 0.3586946725845337, 0.367277592420578, 0.3645954430103302, 0.3340187668800354, 0.33831024169921875, 0.35288333892822266, 0.3601251542568207, 0.35493963956832886, 0.3426910936832428, 0.3510952293872833, 0.3591417074203491, 0.3839964270591736, 0.3985695242881775, 0.41296377778053284, 0.4132319986820221, 0.41403666138648987, 0.4065265953540802]
test/correction_patch_cosine: [-0.06241178512573242, -0.1064850240945816, -0.12096142023801804, -0.11906938254833221, -0.11223143339157104, -0.11009576916694641, -0.1207607090473175, -0.15036356449127197, -0.1534721851348877, -0.14044633507728577, -0.1301809698343277, -0.13618342578411102, -0.1429987996816635, -0.14650127291679382, -0.14120697975158691, -0.11555486917495728, -0.09416046738624573, -0.07503104209899902, -0.071229487657547, -0.07899757474660873, -0.07787983119487762]
test/correction_patch_magnitude_ratio: [0.06466007977724075, 0.049406569451093674, 0.04353650286793709, 0.04041675105690956, 0.03892931342124939, 0.03925081714987755, 0.0359940268099308, 0.03177594766020775, 0.029772965237498283, 0.028649190440773964, 0.02841646783053875, 0.028794223442673683, 0.027637286111712456, 0.02557751163840294, 0.024726351723074913, 0.02486765757203102, 0.025500215590000153, 0.026037821546196938, 0.0249925684183836, 0.02359888143837452, 0.023097308352589607]
test/correction_patch_optimal_scalar: [-1.4153599739074707, -2.515232563018799, -2.9171016216278076, -2.5436930656433105, -2.107795476913452, -1.3949801921844482, -2.3578927516937256, -3.894737720489502, -3.743797540664673, -2.6285438537597656, -2.3790526390075684, -2.7153000831604004, -3.8503925800323486, -4.525177955627441, -4.110869884490967, -2.8494529724121094, -1.4128377437591553, -0.2420431524515152, -0.6310832500457764, -1.2460798025131226, -0.5928855538368225]
