[train]
train/correction_beneficial_ratio: 0.5105306506156921
train/correction_beneficial_ratio_far: 0.5051935911178589
train/correction_beneficial_ratio_middle: 0.5069807171821594
train/correction_beneficial_ratio_near: 0.5194176435470581
train/correction_cosine_far: 0.04731057211756706
train/correction_cosine_mean: 0.055059049278497696
train/correction_cosine_middle: 0.052297066897153854
train/correction_cosine_near: 0.0655694454908371
train/correction_magnitude_ratio_far: 0.09842608869075775
train/correction_magnitude_ratio_mean: 0.10472508519887924
train/correction_magnitude_ratio_middle: 0.10065307468175888
train/correction_magnitude_ratio_near: 0.11509597301483154
train/correction_optimal_scalar_far: 0.5861005783081055
train/correction_optimal_scalar_mean: 0.8302528858184814
train/correction_optimal_scalar_middle: 0.7711825370788574
train/correction_optimal_scalar_near: 1.1334737539291382
train/correction_patch_beneficial_ratio: [0.5127943158149719, 0.5189799666404724, 0.523356556892395, 0.5225396156311035, 0.5185131430625916, 0.5132903456687927, 0.5009482502937317, 0.49517112970352173, 0.5001896619796753, 0.5031074285507202, 0.5089720487594604, 0.5085052251815796]
train/correction_patch_cosine: [0.07241186499595642, 0.06691797077655792, 0.060300882905721664, 0.06264705210924149, 0.0633205994963646, 0.0584462508559227, 0.0447668582201004, 0.042654670774936676, 0.046369586139917374, 0.04683795943856239, 0.04994340240955353, 0.046091459691524506]
train/correction_patch_magnitude_ratio: [0.13999688625335693, 0.10968133807182312, 0.10587487369775772, 0.10483108460903168, 0.10274158418178558, 0.10027933865785599, 0.09882578998804092, 0.10076569765806198, 0.10201665759086609, 0.09980549663305283, 0.09597129374742508, 0.09591097384691238]
train/correction_patch_optimal_scalar: [0.7988717555999756, 1.0175305604934692, 1.34253990650177, 1.3749568462371826, 1.2510758638381958, 0.9553840756416321, 0.3490316867828369, 0.5292398929595947, 0.6967896819114685, 0.808226466178894, 0.5938481092453003, 0.24554069340229034]
[test]
test/correction_beneficial_ratio: 0.4683113992214203
test/correction_beneficial_ratio_far: 0.49768292903900146
test/correction_beneficial_ratio_middle: 0.46676671504974365
test/correction_beneficial_ratio_near: 0.44048458337783813
test/correction_cosine_far: 0.034174878150224686
test/correction_cosine_mean: 0.007006994914263487
test/correction_cosine_middle: 0.010399537160992622
test/correction_cosine_near: -0.0235533956438303
test/correction_magnitude_ratio_far: 0.11478643864393234
test/correction_magnitude_ratio_mean: 0.11192119866609573
test/correction_magnitude_ratio_middle: 0.10733259469270706
test/correction_magnitude_ratio_near: 0.11364468932151794
test/correction_optimal_scalar_far: 1.2749710083007812
test/correction_optimal_scalar_mean: 0.7006033062934875
test/correction_optimal_scalar_middle: 0.5082623958587646
test/correction_optimal_scalar_near: 0.3185777962207794
test/correction_patch_beneficial_ratio: [0.46376556158065796, 0.41689470410346985, 0.4356077313423157, 0.44567039608955383, 0.4571453928947449, 0.49227645993232727, 0.4674728512763977, 0.4501721262931824, 0.48097801208496094, 0.49527761340141296, 0.5122252702713013, 0.5022508502006531]
test/correction_patch_cosine: [0.020013688132166862, -0.04391145706176758, -0.04024365171790123, -0.030072225257754326, -0.004466651473194361, 0.03740508109331131, 0.01746218092739582, -0.008802474476397038, 0.022353041917085648, 0.035618800669908524, 0.04054070636630058, 0.03818691149353981]
test/correction_patch_magnitude_ratio: [0.13452720642089844, 0.10652647167444229, 0.1069796234369278, 0.10654519498348236, 0.10604224354028702, 0.10424823313951492, 0.10552440583705902, 0.11351555585861206, 0.11957912892103195, 0.11812488734722137, 0.11083818227052689, 0.11060324311256409]
test/correction_patch_optimal_scalar: [0.03479517251253128, -0.03135443851351738, 0.7087209224700928, 0.5621507167816162, 0.38112232089042664, 0.7545344829559326, 0.4140613377094269, 0.4833291471004486, 1.4953503608703613, 1.4167834520339966, 1.0773365497589111, 1.1104096174240112]
