[train]
train/correction_beneficial_ratio: 0.5308372974395752
train/correction_beneficial_ratio_far: 0.5208481550216675
train/correction_beneficial_ratio_middle: 0.5559015274047852
train/correction_beneficial_ratio_near: 0.5157621502876282
train/correction_cosine_far: 0.015066580846905708
train/correction_cosine_mean: 0.029990484938025475
train/correction_cosine_middle: 0.05115537345409393
train/correction_cosine_near: 0.02374945394694805
train/correction_magnitude_ratio_far: 0.006756007205694914
train/correction_magnitude_ratio_mean: 0.010650315321981907
train/correction_magnitude_ratio_middle: 0.008149819448590279
train/correction_magnitude_ratio_near: 0.017045114189386368
train/correction_optimal_scalar_far: 10.625811576843262
train/correction_optimal_scalar_mean: 9.480774879455566
train/correction_optimal_scalar_middle: 12.726018905639648
train/correction_optimal_scalar_near: 5.090515613555908
train/correction_patch_beneficial_ratio: [0.44684162735939026, 0.45440390706062317, 0.4744217097759247, 0.49555161595344543, 0.49822065234184265, 0.5060053467750549, 0.5235764980316162, 0.5362544655799866, 0.5335854291915894, 0.5291370153427124, 0.5324733257293701, 0.5424821972846985, 0.5495996475219727, 0.5576067566871643, 0.5562722682952881, 0.5602757930755615, 0.5642793774604797, 0.5716192126274109, 0.5604982376098633, 0.5589413046836853, 0.5576067566871643, 0.5507117509841919, 0.5473754405975342, 0.5527135133743286, 0.560943067073822, 0.5602757930755615, 0.5522686839103699, 0.5471529960632324, 0.5473754405975342, 0.5464857816696167, 0.5329181551933289, 0.5275800824165344, 0.5273576378822327, 0.5300266742706299, 0.5258007049560547, 0.5220195651054382, 0.5122330784797668, 0.5104537606239319, 0.5115658640861511, 0.5153470039367676, 0.5186832547187805, 0.5229092240333557, 0.5204626321792603, 0.5197953581809998, 0.5155693888664246]
train/correction_patch_cosine: [-0.027137620374560356, -0.04103663191199303, -0.01531981211155653, 0.001222414430230856, 0.004288413096219301, 0.007092235144227743, 0.028213508427143097, 0.04190852493047714, 0.04133716970682144, 0.04517454281449318, 0.04912981763482094, 0.05437633395195007, 0.05407392233610153, 0.056855857372283936, 0.056063320487737656, 0.05720914527773857, 0.05671929195523262, 0.05431046709418297, 0.05066473037004471, 0.048983119428157806, 0.04543943330645561, 0.045318398624658585, 0.04573957622051239, 0.05260322242975235, 0.056625500321388245, 0.05558089539408684, 0.053433094173669815, 0.052699312567710876, 0.049436189234256744, 0.04256812110543251, 0.036739178001880646, 0.03082997538149357, 0.025523152202367783, 0.021737104281783104, 0.014470950700342655, 0.01113781426101923, 0.007156836800277233, 0.007659058552235365, 0.007689279969781637, 0.006605055183172226, 0.008343959227204323, 0.009196240454912186, 0.01003322098404169, 0.012564743869006634, 0.016312826424837112]
train/correction_patch_magnitude_ratio: [0.04635850712656975, 0.028729120269417763, 0.023219119757413864, 0.0200710017234087, 0.017475798726081848, 0.015550528652966022, 0.01421522069722414, 0.013032009825110435, 0.012310865335166454, 0.011695674620568752, 0.011275390163064003, 0.011034219525754452, 0.010670418851077557, 0.010212794877588749, 0.00982605665922165, 0.009493999183177948, 0.009178970009088516, 0.008838663809001446, 0.008600630797445774, 0.008473060093820095, 0.008401961997151375, 0.008278945460915565, 0.008242924697697163, 0.008072495460510254, 0.007905058562755585, 0.007650219369679689, 0.007490684278309345, 0.007331473287194967, 0.007192111108452082, 0.007096130400896072, 0.007023239508271217, 0.006989516317844391, 0.007020074874162674, 0.00701140146702528, 0.006973495241254568, 0.006879271939396858, 0.006817097309976816, 0.006713271141052246, 0.006664142943918705, 0.0066155497916042805, 0.006505949888378382, 0.006480216979980469, 0.006512327119708061, 0.00655329879373312, 0.006581277120858431]
train/correction_patch_optimal_scalar: [-0.45200058817863464, -0.2917008101940155, 1.3979568481445312, 2.4042160511016846, 2.4160573482513428, 1.9946526288986206, 3.990072727203369, 5.363923072814941, 5.251041412353516, 6.482253551483154, 8.303726196289062, 9.603534698486328, 9.210536003112793, 10.263110160827637, 10.420365333557129, 10.676530838012695, 10.54847526550293, 10.536367416381836, 10.667440414428711, 11.109309196472168, 11.424124717712402, 12.9572114944458, 13.793110847473145, 14.466165542602539, 14.684538841247559, 15.3314208984375, 14.790148735046387, 14.19141960144043, 13.447463989257812, 12.266518592834473, 11.138405799865723, 10.339587211608887, 10.309401512145996, 10.4630708694458, 9.202306747436523, 9.14958667755127, 9.140362739562988, 9.783333778381348, 10.552120208740234, 10.624858856201172, 11.493758201599121, 11.517424583435059, 11.505342483520508, 11.707524299621582, 12.45980453491211]
[test]
test/correction_beneficial_ratio: 0.34642159938812256
test/correction_beneficial_ratio_far: 0.24962405860424042
test/correction_beneficial_ratio_middle: 0.37577277421951294
test/correction_beneficial_ratio_near: 0.4138680100440979
test/correction_cosine_far: -0.29469355940818787
test/correction_cosine_mean: -0.16261881589889526
test/correction_cosine_middle: -0.12059362977743149
test/correction_cosine_near: -0.0725691169500351
test/correction_magnitude_ratio_far: 0.004556343425065279
test/correction_magnitude_ratio_mean: 0.009064954705536366
test/correction_magnitude_ratio_middle: 0.006685394793748856
test/correction_magnitude_ratio_near: 0.01595313847064972
test/correction_optimal_scalar_far: -90.7091064453125
test/correction_optimal_scalar_mean: -47.83383560180664
test/correction_optimal_scalar_middle: -36.73982238769531
test/correction_optimal_scalar_near: -16.052600860595703
test/correction_patch_beneficial_ratio: [0.5162907242774963, 0.5701754093170166, 0.5626566410064697, 0.5551378726959229, 0.4761904776096344, 0.4135338366031647, 0.3922305703163147, 0.35087719559669495, 0.332080215215683, 0.3483709394931793, 0.3446115255355835, 0.3345864713191986, 0.33834585547447205, 0.32957392930984497, 0.3433583974838257, 0.3696741759777069, 0.37468671798706055, 0.4010024964809418, 0.40852129459381104, 0.41228070855140686, 0.4285714328289032, 0.4248120188713074, 0.4197995066642761, 0.4060150384902954, 0.38721805810928345, 0.36466166377067566, 0.3433583974838257, 0.3233082592487335, 0.29323309659957886, 0.27944862842559814, 0.27819550037384033, 0.27694234251976013, 0.2644110321998596, 0.27944862842559814, 0.27694234251976013, 0.26942354440689087, 0.2606516182422638, 0.2518796920776367, 0.2493734359741211, 0.23433583974838257, 0.22932331264019012, 0.21804511547088623, 0.22055137157440186, 0.21679197251796722, 0.21804511547088623]
test/correction_patch_cosine: [0.026308279484510422, 0.06660478562116623, 0.07571610063314438, 0.03946266323328018, -0.011514369398355484, -0.07297879457473755, -0.10139766335487366, -0.12396165728569031, -0.13713288307189941, -0.14635805785655975, -0.1472080498933792, -0.14556899666786194, -0.1394634246826172, -0.14098873734474182, -0.13005641102790833, -0.10164521634578705, -0.08365834504365921, -0.07216162234544754, -0.06082664802670479, -0.051675427705049515, -0.055890411138534546, -0.06761593371629715, -0.080812469124794, -0.10800492763519287, -0.1317802220582962, -0.15280288457870483, -0.17890025675296783, -0.20449692010879517, -0.22279301285743713, -0.23584114015102386, -0.2452124059200287, -0.256381630897522, -0.26547351479530334, -0.26657167077064514, -0.26887038350105286, -0.27321895956993103, -0.2827385663986206, -0.2939431667327881, -0.30023112893104553, -0.30689936876296997, -0.311044305562973, -0.3283816874027252, -0.34019848704338074, -0.3406875729560852, -0.34055161476135254]
test/correction_patch_magnitude_ratio: [0.04260549321770668, 0.027234813198447227, 0.022347362712025642, 0.01909344643354416, 0.01622428558766842, 0.014156175777316093, 0.012998657301068306, 0.012019926682114601, 0.01150441076606512, 0.011161201633512974, 0.010718249715864658, 0.010200001299381256, 0.009845990687608719, 0.009694457054138184, 0.00949253048747778, 0.008920309133827686, 0.008343972265720367, 0.007923981174826622, 0.007581272162497044, 0.007260608021169901, 0.006944288499653339, 0.006674622651189566, 0.006478932220488787, 0.006171325221657753, 0.005986223462969065, 0.005832619033753872, 0.005663577932864428, 0.005551871377974749, 0.00548921711742878, 0.0054580047726631165, 0.00534634618088603, 0.005181151442229748, 0.005114177707582712, 0.005040221381932497, 0.0048759072087705135, 0.004700145218521357, 0.004580991808325052, 0.0044558667577803135, 0.004369512666016817, 0.004281762987375259, 0.004168767016381025, 0.00410004798322916, 0.004056430421769619, 0.004058348014950752, 0.004015475977212191]
test/correction_patch_optimal_scalar: [1.004839301109314, 2.6792633533477783, 5.7854156494140625, 3.905142307281494, -3.741107940673828, -10.358282089233398, -14.647483825683594, -19.30652618408203, -23.50408172607422, -27.657215118408203, -30.388872146606445, -30.5723876953125, -30.289331436157227, -31.871013641357422, -31.827367782592773, -29.100008010864258, -26.561111450195312, -26.600204467773438, -25.03006362915039, -24.0019588470459, -25.319101333618164, -28.396726608276367, -29.720678329467773, -34.69110107421875, -39.33116912841797, -42.93195343017578, -46.30889129638672, -52.02099609375, -58.20109176635742, -62.881805419921875, -69.2010269165039, -76.10400390625, -80.0752944946289, -81.67578125, -82.8583755493164, -84.47822570800781, -86.31938934326172, -90.57101440429688, -92.79093933105469, -95.06266021728516, -97.53646087646484, -103.38655090332031, -108.13432312011719, -107.0528335571289, -105.38983154296875]
