[train]
train/correction_beneficial_ratio: 0.4888974130153656
train/correction_beneficial_ratio_far: 0.5101086497306824
train/correction_beneficial_ratio_middle: 0.48895421624183655
train/correction_beneficial_ratio_near: 0.46762940287590027
train/correction_cosine_far: 0.019914718344807625
train/correction_cosine_mean: 0.005047310143709183
train/correction_cosine_middle: 0.00890477653592825
train/correction_cosine_near: -0.013677570037543774
train/correction_magnitude_ratio_far: 0.011962665244936943
train/correction_magnitude_ratio_mean: 0.01338080782443285
train/correction_magnitude_ratio_middle: 0.01309309434145689
train/correction_magnitude_ratio_near: 0.015086664818227291
train/correction_optimal_scalar_far: 3.0841102600097656
train/correction_optimal_scalar_mean: 2.154101848602295
train/correction_optimal_scalar_middle: 2.872312545776367
train/correction_optimal_scalar_near: 0.5058918595314026
train/correction_patch_beneficial_ratio: [0.46172523498535156, 0.4672204554080963, 0.45814695954322815, 0.466070294380188, 0.4774440824985504, 0.4601916968822479, 0.4707987308502197, 0.4802556037902832, 0.458402544260025, 0.4538019299507141, 0.45916932821273804, 0.4676038324832916, 0.47859424352645874, 0.4802556037902832, 0.47476038336753845, 0.46952077746391296, 0.48702874779701233, 0.4788498282432556, 0.48140576481819153, 0.4760383367538452, 0.48319488763809204, 0.489329069852829, 0.4925239682197571, 0.5018530488014221, 0.4915015995502472, 0.49559104442596436, 0.4981469511985779, 0.485878586769104, 0.5008306503295898, 0.5026198029518127, 0.5031309723854065, 0.5013418793678284, 0.5064536929130554, 0.49635782837867737, 0.5023642182350159, 0.5068370699882507, 0.5035143494606018, 0.5078594088554382, 0.5252395868301392, 0.5136102437973022, 0.5130990147590637, 0.5180830955505371, 0.5147603750228882, 0.5205112099647522, 0.5184664726257324]
train/correction_patch_cosine: [-0.017260394990444183, -0.021226638928055763, -0.02684115618467331, -0.02174418792128563, -0.011251034215092659, -0.015962546691298485, -0.007687835022807121, -0.005117491818964481, -0.019180679693818092, -0.021492479369044304, -0.022064797580242157, -0.011667191982269287, -0.006097841076552868, 0.0017314630094915628, 0.0006993722054176033, -0.004246377851814032, 0.006031230092048645, 0.00406124209985137, 0.005576922558248043, 0.005452876910567284, 0.007202967535704374, 0.007439914625138044, 0.010985787957906723, 0.015286935493350029, 0.009477142244577408, 0.014941619709134102, 0.011776754632592201, 0.006821585353463888, 0.01611504517495632, 0.01664796471595764, 0.019195007160305977, 0.02086464874446392, 0.019920486956834793, 0.013248293660581112, 0.01604844070971012, 0.012529860250651836, 0.014516852796077728, 0.01586541160941124, 0.027651308104395866, 0.024344729259610176, 0.025898877531290054, 0.02415757067501545, 0.019596576690673828, 0.022884424775838852, 0.021998338401317596]
train/correction_patch_magnitude_ratio: [0.020187336951494217, 0.017061643302440643, 0.016318904235959053, 0.015051684342324734, 0.0151409562677145, 0.01492970623075962, 0.014582163654267788, 0.014671757817268372, 0.01431959681212902, 0.014102373272180557, 0.013835038058459759, 0.01393190212547779, 0.013928503729403019, 0.014092537574470043, 0.014145889319479465, 0.013778128661215305, 0.013771455734968185, 0.013638266362249851, 0.013398157432675362, 0.013368068262934685, 0.013380770571529865, 0.013144985772669315, 0.013148557394742966, 0.013185625895857811, 0.012815186753869057, 0.012814699672162533, 0.012689308263361454, 0.01245077233761549, 0.012519088573753834, 0.012293410487473011, 0.01229730062186718, 0.012294809333980083, 0.012272409163415432, 0.011954952031373978, 0.011922546662390232, 0.011894572526216507, 0.012002252973616123, 0.011928071267902851, 0.012200321070849895, 0.012026086449623108, 0.01202261820435524, 0.011829362250864506, 0.011578763835132122, 0.011690070852637291, 0.011525824666023254]
train/correction_patch_optimal_scalar: [0.243413046002388, -0.2789485454559326, -1.0223548412322998, -0.7557840943336487, 0.23047485947608948, -0.02964494377374649, 0.7613781690597534, 1.2294960021972656, 0.1808653622865677, 0.26008474826812744, -0.06255703419446945, 0.8633282780647278, 1.3792262077331543, 2.336186408996582, 2.2531955242156982, 1.799218773841858, 2.60917592048645, 2.4295780658721924, 2.538654327392578, 2.5660624504089355, 2.6200454235076904, 2.7151546478271484, 3.068800449371338, 3.639822244644165, 2.9808101654052734, 3.4555890560150146, 3.270139217376709, 2.700772762298584, 3.580432415008545, 3.1103932857513428, 3.320574998855591, 3.325472831726074, 3.053514242172241, 2.483844041824341, 2.73301100730896, 2.540586233139038, 2.809046745300293, 3.0101237297058105, 4.176037788391113, 3.6729698181152344, 3.7448291778564453, 3.18084979057312, 2.611504077911377, 2.962637186050415, 2.636584520339966]
[test]
test/correction_beneficial_ratio: 0.5704149603843689
test/correction_beneficial_ratio_far: 0.568471372127533
test/correction_beneficial_ratio_middle: 0.5568409562110901
test/correction_beneficial_ratio_near: 0.5859324336051941
test/correction_cosine_far: 0.0980142131447792
test/correction_cosine_mean: 0.09119223058223724
test/correction_cosine_middle: 0.08404084295034409
test/correction_cosine_near: 0.09152151644229889
test/correction_magnitude_ratio_far: 0.014522782526910305
test/correction_magnitude_ratio_mean: 0.01570524275302887
test/correction_magnitude_ratio_middle: 0.015486066229641438
test/correction_magnitude_ratio_near: 0.017106879502534866
test/correction_optimal_scalar_far: 7.831550598144531
test/correction_optimal_scalar_mean: 7.268836975097656
test/correction_optimal_scalar_middle: 6.675583362579346
test/correction_optimal_scalar_near: 7.299398422241211
test/correction_patch_beneficial_ratio: [0.4905136525630951, 0.5178158283233643, 0.5127255916595459, 0.515039324760437, 0.5867654085159302, 0.5969458818435669, 0.6163812875747681, 0.6362795233726501, 0.6029615998268127, 0.6052753329277039, 0.6210088133811951, 0.6196205615997314, 0.6020361185073853, 0.6344285011291504, 0.6311892867088318, 0.5844516158103943, 0.5724201798439026, 0.5664044618606567, 0.5613142251968384, 0.551596462726593, 0.5696436762809753, 0.5400277376174927, 0.5372512936592102, 0.5788986682891846, 0.577510416507721, 0.5761221647262573, 0.5631651878356934, 0.5113373398780823, 0.5233688354492188, 0.5391022562980652, 0.527996301651001, 0.5321610569953918, 0.5659416913986206, 0.5316982865333557, 0.5478944778442383, 0.5441924929618835, 0.5603886842727661, 0.5590004920959473, 0.6168440580368042, 0.5923183560371399, 0.5950948596000671, 0.5969458818435669, 0.5765849351882935, 0.5816751718521118, 0.5983341336250305]
test/correction_patch_cosine: [0.0109152402728796, 0.02204616367816925, 0.029599715024232864, 0.0315631739795208, 0.08536124229431152, 0.09216809272766113, 0.11855697631835938, 0.1389836221933365, 0.10871726274490356, 0.11621905863285065, 0.11262135207653046, 0.1136065125465393, 0.10972916334867477, 0.14673666656017303, 0.13599897921085358, 0.10073919594287872, 0.09502478688955307, 0.08999190479516983, 0.09033532440662384, 0.08560740947723389, 0.09382978826761246, 0.06969284266233444, 0.06518580764532089, 0.09780619293451309, 0.0928659588098526, 0.10723765939474106, 0.08863217383623123, 0.05390828475356102, 0.0675857663154602, 0.06217040866613388, 0.06802893429994583, 0.08080662786960602, 0.10154915601015091, 0.0795116201043129, 0.08417405933141708, 0.0757674127817154, 0.09659333527088165, 0.08800609409809113, 0.1300186961889267, 0.11873413622379303, 0.10998554527759552, 0.11239246279001236, 0.10126788914203644, 0.10857104510068893, 0.11480673402547836]
test/correction_patch_magnitude_ratio: [0.020922811701893806, 0.01845301128923893, 0.017460240051150322, 0.016800621524453163, 0.01740284450352192, 0.017045356333255768, 0.01736059971153736, 0.01751524582505226, 0.016768652945756912, 0.01641005650162697, 0.016113610938191414, 0.01608693040907383, 0.015911094844341278, 0.01626007817685604, 0.016092227771878242, 0.01574777439236641, 0.01607486605644226, 0.016036562621593475, 0.015976252034306526, 0.01580517552793026, 0.015541168861091137, 0.015202940441668034, 0.015102538280189037, 0.015247007831931114, 0.014883099123835564, 0.015299121849238873, 0.015447033569216728, 0.014984187670052052, 0.015574397519230843, 0.015368725173175335, 0.015546667389571667, 0.015591148287057877, 0.015523867681622505, 0.014944268390536308, 0.014840491116046906, 0.014565430581569672, 0.01454272959381342, 0.014313697814941406, 0.01476526539772749, 0.014301217161118984, 0.014291311614215374, 0.014188799075782299, 0.013488393276929855, 0.013593952171504498, 0.013344468548893929]
test/correction_patch_optimal_scalar: [1.8778961896896362, 2.149991035461426, 2.2633306980133057, 2.1764767169952393, 6.323793888092041, 6.261669635772705, 8.244160652160645, 10.408114433288574, 8.257883071899414, 9.222983360290527, 8.96214771270752, 9.694557189941406, 9.691102027893066, 12.616540908813477, 11.340328216552734, 8.471171379089355, 7.960341930389404, 7.615407943725586, 8.122420310974121, 7.996364116668701, 8.111307144165039, 6.079020023345947, 5.463530540466309, 6.742795944213867, 6.681881427764893, 7.243367671966553, 5.994096279144287, 3.955030679702759, 5.195228576660156, 4.5017991065979, 5.54536771774292, 6.300965785980225, 7.434737205505371, 5.58592414855957, 6.112934112548828, 5.565089702606201, 7.321649551391602, 6.3921027183532715, 9.606964111328125, 9.236282348632812, 8.818123817443848, 9.511587142944336, 9.066021919250488, 10.237051963806152, 10.738147735595703]
