[train]
train/correction_beneficial_ratio: 0.5504189729690552
train/correction_beneficial_ratio_far: 0.570083498954773
train/correction_beneficial_ratio_middle: 0.5664029121398926
train/correction_beneficial_ratio_near: 0.5147705674171448
train/correction_cosine_far: 0.10658223927021027
train/correction_cosine_mean: 0.09023968875408173
train/correction_cosine_middle: 0.1028234139084816
train/correction_cosine_near: 0.061313360929489136
train/correction_magnitude_ratio_far: 0.08930447697639465
train/correction_magnitude_ratio_mean: 0.09616709500551224
train/correction_magnitude_ratio_middle: 0.09175767004489899
train/correction_magnitude_ratio_near: 0.10743915289640427
train/correction_optimal_scalar_far: -0.9813401699066162
train/correction_optimal_scalar_mean: -1.6124588251113892
train/correction_optimal_scalar_middle: -1.9633034467697144
train/correction_optimal_scalar_near: -1.8927322626113892
train/correction_patch_beneficial_ratio: [0.42622610926628113, 0.48445695638656616, 0.50594162940979, 0.5243443250656128, 0.5188324451446533, 0.504311740398407, 0.5019114017486572, 0.5079567432403564, 0.5170543789863586, 0.5297080874443054, 0.5322566032409668, 0.5267743468284607, 0.5388354063034058, 0.5482293963432312, 0.5547192096710205, 0.5753445029258728, 0.5730330348014832, 0.5551933646202087, 0.5468661785125732, 0.5572677254676819, 0.5682916045188904, 0.5738924145698547, 0.574010968208313, 0.5623351335525513, 0.5626018643379211, 0.5633723735809326, 0.5604089498519897, 0.5733886361122131, 0.578337550163269, 0.5716995000839233, 0.5701881647109985, 0.5732701420783997, 0.5697733163833618, 0.578515350818634, 0.5834938287734985, 0.5739813446998596, 0.5720847249031067, 0.5722032785415649, 0.566098690032959, 0.5714328289031982, 0.5691213607788086, 0.5597866177558899, 0.5656837821006775, 0.5694177150726318, 0.5562009215354919]
train/correction_patch_cosine: [-0.005462664645165205, 0.033512718975543976, 0.05158529803156853, 0.06629683077335358, 0.06487856060266495, 0.05333396792411804, 0.051723044365644455, 0.057704053819179535, 0.06132470443844795, 0.06915898621082306, 0.07646547257900238, 0.07338827848434448, 0.07783109694719315, 0.09083076566457748, 0.0971294716000557, 0.11160562187433243, 0.11307283490896225, 0.09761521965265274, 0.08832379430532455, 0.09611707925796509, 0.10443531721830368, 0.10639126598834991, 0.10842002183198929, 0.09692199528217316, 0.09577235579490662, 0.098202645778656, 0.09775986522436142, 0.10939344763755798, 0.11385791748762131, 0.1044621616601944, 0.10205002129077911, 0.10999927669763565, 0.10891543328762054, 0.1147707924246788, 0.11765281856060028, 0.10959001630544662, 0.10293829441070557, 0.1120966449379921, 0.1059139296412468, 0.10463123023509979, 0.10539987683296204, 0.10033021867275238, 0.10031358897686005, 0.10554222762584686, 0.09858924895524979]
train/correction_patch_magnitude_ratio: [0.1563769429922104, 0.1180695965886116, 0.1119522824883461, 0.10879825055599213, 0.10563492029905319, 0.10516253113746643, 0.10268451273441315, 0.10518693923950195, 0.10579093545675278, 0.10188031941652298, 0.10219019651412964, 0.10157666355371475, 0.09532709419727325, 0.09527917951345444, 0.09567691385746002, 0.09379594773054123, 0.09196799993515015, 0.09100384265184402, 0.09122048318386078, 0.09374718368053436, 0.09447769075632095, 0.09172112494707108, 0.0915289893746376, 0.09213169664144516, 0.09043477475643158, 0.09175462275743484, 0.09172727912664413, 0.09030270576477051, 0.09048978984355927, 0.09006109088659286, 0.08832187950611115, 0.09068261086940765, 0.09082017838954926, 0.08908522129058838, 0.0891631469130516, 0.08963700383901596, 0.08951639384031296, 0.09150175750255585, 0.08931086957454681, 0.08768083155155182, 0.08855332434177399, 0.08924888074398041, 0.0885365679860115, 0.08914019912481308, 0.08836834132671356]
train/correction_patch_optimal_scalar: [0.5582123398780823, 1.292988657951355, -5.571873188018799, -5.806729316711426, -3.6009202003479004, -2.63275146484375, -2.9636240005493164, -2.1934494972229004, -2.097233533859253, -3.638805866241455, -2.212684154510498, -0.09066368639469147, 2.6971983909606934, 1.481724500656128, -3.612375497817993, -4.961643218994141, -1.9808109998703003, -1.8397465944290161, -3.0297205448150635, -2.232503890991211, -2.1950011253356934, -4.535070896148682, -2.066110610961914, -1.3304731845855713, 0.7887798547744751, 2.137136459350586, -0.4935353398323059, -3.04610276222229, -2.254762649536133, -2.4100098609924316, -0.5005387663841248, -0.013459039852023125, -0.7401182055473328, -2.4650917053222656, -1.9800026416778564, -1.9272745847702026, 0.44863855838775635, 1.430301547050476, -1.298290491104126, -3.293583393096924, -1.9764765501022339, -1.2900397777557373, -0.21914224326610565, 0.45752212405204773, -1.3525243997573853]
[test]
test/correction_beneficial_ratio: 0.5054079294204712
test/correction_beneficial_ratio_far: 0.5158843398094177
test/correction_beneficial_ratio_middle: 0.5162732005119324
test/correction_beneficial_ratio_near: 0.48406627774238586
test/correction_cosine_far: 0.05413902923464775
test/correction_cosine_mean: 0.04418549686670303
test/correction_cosine_middle: 0.05516216158866882
test/correction_cosine_near: 0.023255322128534317
test/correction_magnitude_ratio_far: 0.09193160384893417
test/correction_magnitude_ratio_mean: 0.09550652652978897
test/correction_magnitude_ratio_middle: 0.09353400021791458
test/correction_magnitude_ratio_near: 0.10105399042367935
test/correction_optimal_scalar_far: -3.5832607746124268
test/correction_optimal_scalar_mean: -4.8045125007629395
test/correction_optimal_scalar_middle: -5.360175132751465
test/correction_optimal_scalar_near: -5.470093250274658
test/correction_patch_beneficial_ratio: [0.4279233515262604, 0.449495404958725, 0.4475511610507965, 0.47680771350860596, 0.5121747851371765, 0.5266178846359253, 0.5156003832817078, 0.48189982771873474, 0.48939913511276245, 0.49560225009918213, 0.5129154920578003, 0.5058791041374207, 0.49152857065200806, 0.4681048095226288, 0.4594945013523102, 0.4960651695728302, 0.5214331746101379, 0.5265253186225891, 0.5161558985710144, 0.5050458312034607, 0.5158781409263611, 0.5314322710037231, 0.5333765149116516, 0.531339704990387, 0.5100453495979309, 0.49115821719169617, 0.49291732907295227, 0.513378381729126, 0.5293954014778137, 0.5299509167671204, 0.5131932497024536, 0.48764002323150635, 0.4928247332572937, 0.522451639175415, 0.5364317893981934, 0.5391167402267456, 0.5031015872955322, 0.4903249740600586, 0.4867141842842102, 0.524025559425354, 0.548375129699707, 0.5462456941604614, 0.5280992388725281, 0.5088417530059814, 0.5108786225318909]
test/correction_patch_cosine: [-0.010325554758310318, -0.01365517359226942, -0.013007372617721558, 0.008955826982855797, 0.03287971392273903, 0.0621458999812603, 0.052986420691013336, 0.024409202858805656, 0.033208977431058884, 0.042277224361896515, 0.0503515899181366, 0.047551702708005905, 0.032470811158418655, -0.0007890758570283651, -0.0006304983398877084, 0.03448718041181564, 0.05375386029481888, 0.0616057813167572, 0.049745529890060425, 0.0371980220079422, 0.05433261767029762, 0.07455258816480637, 0.07403377443552017, 0.06588613986968994, 0.04499005153775215, 0.026505403220653534, 0.03786139935255051, 0.06054307892918587, 0.07831904292106628, 0.07361786812543869, 0.047975074499845505, 0.02880166843533516, 0.03635580092668533, 0.06058589369058609, 0.07511008530855179, 0.07210085541009903, 0.04042544588446617, 0.023261094465851784, 0.02847696654498577, 0.06600353866815567, 0.08946746587753296, 0.08793525397777557, 0.0642448291182518, 0.04489642381668091, 0.04644487798213959]
test/correction_patch_magnitude_ratio: [0.1328836977481842, 0.10303410142660141, 0.10243640094995499, 0.09878336638212204, 0.0966508761048317, 0.09880883991718292, 0.09678710997104645, 0.09956648200750351, 0.10307811945676804, 0.09961210191249847, 0.10032961517572403, 0.09991854429244995, 0.0941111147403717, 0.0935821384191513, 0.09622770547866821, 0.09408724308013916, 0.09224606305360794, 0.09157165139913559, 0.09157074242830276, 0.09334300458431244, 0.09556872397661209, 0.09329450875520706, 0.09397406876087189, 0.0933598056435585, 0.0917477235198021, 0.093810074031353, 0.09546113014221191, 0.09492115676403046, 0.09447427839040756, 0.09357943385839462, 0.09053196758031845, 0.09294749051332474, 0.09460103511810303, 0.09193692356348038, 0.09220515936613083, 0.0924890860915184, 0.09062589704990387, 0.09232117980718613, 0.09259939938783646, 0.09182224422693253, 0.09274274110794067, 0.09356115013360977, 0.09000008553266525, 0.08906633406877518, 0.09152304381132126]
test/correction_patch_optimal_scalar: [3.1586804389953613, -2.418123483657837, -19.10834312438965, -19.627546310424805, -6.301575660705566, -3.0359973907470703, 1.7092821598052979, 1.3603135347366333, -7.913333415985107, -9.406159400939941, -3.4395737648010254, -2.6540348529815674, -1.5348182916641235, -3.0711135864257812, -9.76915168762207, -10.14431381225586, -1.814847469329834, -3.2489259243011475, -6.779685974121094, -5.171922206878662, -11.122413635253906, -13.145771980285645, -1.4114216566085815, -1.3816118240356445, -2.847417116165161, -2.697331428527832, -8.87336540222168, -11.367653846740723, -1.1356256008148193, 0.7396973371505737, -1.4092316627502441, -1.4576960802078247, -6.288595199584961, -7.559497356414795, -1.1262518167495728, -0.7623894214630127, -2.0267019271850586, -2.5806398391723633, -3.5667898654937744, -7.359227657318115, -0.8403216600418091, -0.08916519582271576, -3.303004026412964, -3.715348243713379, -11.664068222045898]
