[train]
train/correction_beneficial_ratio: 0.5133742690086365
train/correction_beneficial_ratio_far: 0.5177866220474243
train/correction_beneficial_ratio_middle: 0.526513397693634
train/correction_beneficial_ratio_near: 0.4958227574825287
train/correction_cosine_far: 0.03785030543804169
train/correction_cosine_mean: 0.036953095346689224
train/correction_cosine_middle: 0.045135047286748886
train/correction_cosine_near: 0.027873976156115532
train/correction_magnitude_ratio_far: 0.059921182692050934
train/correction_magnitude_ratio_mean: 0.06908754259347916
train/correction_magnitude_ratio_middle: 0.06325182318687439
train/correction_magnitude_ratio_near: 0.08408969640731812
train/correction_optimal_scalar_far: 0.7175607085227966
train/correction_optimal_scalar_mean: 0.7130587100982666
train/correction_optimal_scalar_middle: 0.9164720773696899
train/correction_optimal_scalar_near: 0.5051435828208923
train/correction_patch_beneficial_ratio: [0.4774796962738037, 0.5331906676292419, 0.545616626739502, 0.5422701239585876, 0.49075597524642944, 0.443493515253067, 0.43795260787010193, 0.4581961929798126, 0.49325212836265564, 0.5401031374931335, 0.5722514986991882, 0.5684935450553894, 0.5430381894111633, 0.5102589130401611, 0.4839806854724884, 0.4837612509727478, 0.49358129501342773, 0.5252633094787598, 0.5458635091781616, 0.5532696843147278, 0.5387864708900452]
train/correction_patch_cosine: [0.02872561290860176, 0.06271854788064957, 0.0700288861989975, 0.0619526244699955, 0.015512216836214066, -0.02159724198281765, -0.022222815081477165, -0.004105941858142614, 0.02416825294494629, 0.05580790340900421, 0.0758134201169014, 0.0754823163151741, 0.05788961425423622, 0.030889619141817093, 0.009582937695086002, 0.011396423913538456, 0.023517267778515816, 0.04348801076412201, 0.060688767582178116, 0.06387236714363098, 0.05240626260638237]
train/correction_patch_magnitude_ratio: [0.11039259284734726, 0.0792299285531044, 0.07442261278629303, 0.07621724158525467, 0.08059956878423691, 0.08494768291711807, 0.08281814306974411, 0.07379431277513504, 0.06394161283969879, 0.059008561074733734, 0.057370513677597046, 0.05910410359501839, 0.06213865056633949, 0.06740498542785645, 0.07073912769556046, 0.06865338236093521, 0.061476439237594604, 0.05513712018728256, 0.053015898913145065, 0.05366288125514984, 0.0567631833255291]
train/correction_patch_optimal_scalar: [0.11946247518062592, 0.6731073260307312, 0.9279624819755554, 0.9929093718528748, 0.4854259192943573, 0.14209237694740295, 0.1950436234474182, 0.31820765137672424, 0.5754609107971191, 0.9215530157089233, 1.2711975574493408, 1.3589909076690674, 1.1832776069641113, 0.7866166830062866, 0.4195120632648468, 0.3208526372909546, 0.4973822236061096, 0.8614533543586731, 1.068894863128662, 0.9997852444648743, 0.8550458550453186]
[test]
test/correction_beneficial_ratio: 0.5348182916641235
test/correction_beneficial_ratio_far: 0.5246542096138
test/correction_beneficial_ratio_middle: 0.5308002233505249
test/correction_beneficial_ratio_near: 0.5490003824234009
test/correction_cosine_far: 0.04404739290475845
test/correction_cosine_mean: 0.053618814796209335
test/correction_cosine_middle: 0.0455634668469429
test/correction_cosine_near: 0.07124555855989456
test/correction_magnitude_ratio_far: 0.04411592334508896
test/correction_magnitude_ratio_mean: 0.050721101462841034
test/correction_magnitude_ratio_middle: 0.045900147408246994
test/correction_magnitude_ratio_near: 0.06214716657996178
test/correction_optimal_scalar_far: 1.0438271760940552
test/correction_optimal_scalar_mean: 1.0946885347366333
test/correction_optimal_scalar_middle: 1.0448389053344727
test/correction_optimal_scalar_near: 1.1954002380371094
test/correction_patch_beneficial_ratio: [0.48814189434051514, 0.5376322865486145, 0.5806546211242676, 0.5870246887207031, 0.5667385458946228, 0.5494903922080994, 0.5333202481269836, 0.5263622403144836, 0.5279302000999451, 0.49411994218826294, 0.5099960565567017, 0.5416503548622131, 0.5633084774017334, 0.552234411239624, 0.5280282497406006, 0.5137200951576233, 0.5272442102432251, 0.545668363571167, 0.5304782390594482, 0.5135241150856018, 0.5139161348342896]
test/correction_patch_cosine: [0.029663437977433205, 0.06751930713653564, 0.09721805900335312, 0.10470705479383469, 0.08413060009479523, 0.06906042993068695, 0.046419885009527206, 0.04467450827360153, 0.04254430532455444, 0.020691275596618652, 0.028751421719789505, 0.05283631756901741, 0.06883635371923447, 0.06061030179262161, 0.04797402024269104, 0.038029689341783524, 0.04491372033953667, 0.06045304983854294, 0.04439534619450569, 0.02791811339557171, 0.04464788734912872]
test/correction_patch_magnitude_ratio: [0.0977698415517807, 0.06277716904878616, 0.05490832030773163, 0.05399247258901596, 0.0544261634349823, 0.05599315091967583, 0.055163245648145676, 0.05214618518948555, 0.04891826584935188, 0.044876955449581146, 0.0422808974981308, 0.042738672345876694, 0.04441569000482559, 0.0459245890378952, 0.047076307237148285, 0.0470200814306736, 0.045198455452919006, 0.04381658136844635, 0.04220728203654289, 0.04107602313160896, 0.04241679608821869]
test/correction_patch_optimal_scalar: [-0.22551418840885162, 0.2978130877017975, 1.2722262144088745, 2.0132784843444824, 1.9910190105438232, 1.7873318195343018, 1.2316467761993408, 1.0479451417922974, 0.8804172277450562, 0.35708194971084595, 0.45346736907958984, 1.2107610702514648, 1.7201955318450928, 1.6440027952194214, 1.3977577686309814, 1.0909637212753296, 1.1376343965530396, 1.3615223169326782, 0.8419240713119507, 0.4677489399909973, 1.00923752784729]
