[train]
train/correction_beneficial_ratio: 0.41546326875686646
train/correction_beneficial_ratio_far: 0.4119190573692322
train/correction_beneficial_ratio_middle: 0.4150713384151459
train/correction_beneficial_ratio_near: 0.41939935088157654
train/correction_cosine_far: -0.0925879031419754
train/correction_cosine_mean: -0.07781396061182022
train/correction_cosine_middle: -0.07259583473205566
train/correction_cosine_near: -0.06825827062129974
train/correction_magnitude_ratio_far: 0.03476737067103386
train/correction_magnitude_ratio_mean: 0.041733890771865845
train/correction_magnitude_ratio_middle: 0.04106777533888817
train/correction_magnitude_ratio_near: 0.04936652258038521
train/correction_optimal_scalar_far: -1.4268653392791748
train/correction_optimal_scalar_mean: -0.44167643785476685
train/correction_optimal_scalar_middle: -0.06128314882516861
train/correction_optimal_scalar_near: 0.16312213242053986
train/correction_patch_beneficial_ratio: [0.508370578289032, 0.437827467918396, 0.4173801839351654, 0.41367411613464355, 0.42146965861320496, 0.4268370568752289, 0.40984025597572327, 0.3835143744945526, 0.3651118278503418, 0.3715015947818756, 0.3933546245098114, 0.4135463237762451, 0.4315654933452606, 0.4520127773284912, 0.4449840188026428, 0.4486900866031647, 0.43514376878738403, 0.4176357686519623, 0.4212140440940857, 0.4241533577442169, 0.40626198053359985, 0.4011501669883728, 0.4106070399284363, 0.4021725356578827, 0.42146965861320496, 0.41686901450157166, 0.4057508111000061, 0.40843451023101807, 0.40766772627830505, 0.39884984493255615, 0.4035782814025879, 0.4092012643814087, 0.4131629467010498, 0.41392970085144043, 0.40805110335350037, 0.4213418662548065, 0.42849841713905334, 0.4166134297847748, 0.413801908493042, 0.4053674042224884, 0.40063896775245667, 0.410351425409317, 0.4063897728919983, 0.41507986187934875, 0.4127795398235321]
train/correction_patch_cosine: [0.034284807741642, -0.031348615884780884, -0.05526094511151314, -0.060293640941381454, -0.059444360435009, -0.05897027626633644, -0.08463951200246811, -0.12165633589029312, -0.1376233696937561, -0.13229037821292877, -0.10220026969909668, -0.0722476914525032, -0.06069675832986832, -0.038561269640922546, -0.04292510077357292, -0.037143461406230927, -0.054193999618291855, -0.07659774273633957, -0.06693135201931, -0.06644021719694138, -0.08334039151668549, -0.08454772084951401, -0.08142200857400894, -0.0886097401380539, -0.065289206802845, -0.06949818134307861, -0.08050820976495743, -0.0758717879652977, -0.07472918182611465, -0.0838136225938797, -0.08549893647432327, -0.08206532895565033, -0.07581000030040741, -0.0709705576300621, -0.08827538788318634, -0.08503861725330353, -0.0846681222319603, -0.0933433324098587, -0.0952056422829628, -0.10266049206256866, -0.10565754771232605, -0.10168229043483734, -0.10914136469364166, -0.10160841047763824, -0.10719216614961624]
train/correction_patch_magnitude_ratio: [0.06864845007658005, 0.05950424447655678, 0.0553281307220459, 0.05263319984078407, 0.051134467124938965, 0.049906663596630096, 0.04782648757100105, 0.046151306480169296, 0.04507768899202347, 0.04455319046974182, 0.04463869705796242, 0.04430107772350311, 0.04381106421351433, 0.04362349212169647, 0.043359555304050446, 0.04319387301802635, 0.04295879974961281, 0.0424373485147953, 0.04261936619877815, 0.042170435190200806, 0.04163714498281479, 0.041547711938619614, 0.04123297333717346, 0.04073341190814972, 0.0408039465546608, 0.0400637648999691, 0.039582252502441406, 0.03957941383123398, 0.038954734802246094, 0.03850151598453522, 0.038241080939769745, 0.03764984756708145, 0.03716757148504257, 0.03661804646253586, 0.03567766025662422, 0.035528361797332764, 0.034895431250333786, 0.03438501060009003, 0.034176893532276154, 0.033629897981882095, 0.03313688561320305, 0.0330873504281044, 0.032807089388370514, 0.032508306205272675, 0.03200114518404007]
train/correction_patch_optimal_scalar: [1.2442560195922852, 0.8450270295143127, 0.7945992946624756, 0.9742763042449951, 0.8556058406829834, 0.8564215302467346, -0.014929269440472126, -1.3257770538330078, -1.6928232908248901, -1.3385292291641235, -0.49100545048713684, 0.15693609416484833, 0.26759853959083557, 0.707104504108429, 0.6080820560455322, 0.7597178220748901, 0.3107183873653412, -0.36419379711151123, 0.052834153175354004, 0.07372229546308517, -0.5357243418693542, -0.4567880630493164, -0.31302547454833984, -0.7511265873908997, 0.3035317361354828, 0.25497153401374817, -0.06983987987041473, 0.13030950725078583, 0.07390837371349335, -0.38825979828834534, -0.5809117555618286, -0.761040210723877, -0.7316668033599854, -0.5660775899887085, -1.3280872106552124, -1.450831651687622, -1.4256007671356201, -1.5690734386444092, -1.3986027240753174, -1.6780564785003662, -1.92274808883667, -1.7740848064422607, -2.0677173137664795, -1.8869686126708984, -2.261566400527954]
[test]
test/correction_beneficial_ratio: 0.3256002962589264
test/correction_beneficial_ratio_far: 0.2981952726840973
test/correction_beneficial_ratio_middle: 0.3084683120250702
test/correction_beneficial_ratio_near: 0.3701372742652893
test/correction_cosine_far: -0.192615807056427
test/correction_cosine_mean: -0.1622844636440277
test/correction_cosine_middle: -0.1749219447374344
test/correction_cosine_near: -0.11931551992893219
test/correction_magnitude_ratio_far: 0.03391321748495102
test/correction_magnitude_ratio_mean: 0.04020744562149048
test/correction_magnitude_ratio_middle: 0.03996676579117775
test/correction_magnitude_ratio_near: 0.04674229770898819
test/correction_optimal_scalar_far: -7.62640905380249
test/correction_optimal_scalar_mean: -6.068706035614014
test/correction_optimal_scalar_middle: -6.248736381530762
test/correction_optimal_scalar_near: -4.330983638763428
test/correction_patch_beneficial_ratio: [0.5099490880966187, 0.4493290185928345, 0.4062933921813965, 0.400740385055542, 0.38824617862701416, 0.37390097975730896, 0.36372050642967224, 0.3035631775856018, 0.2910689413547516, 0.31281813979148865, 0.31929662823677063, 0.34937527775764465, 0.36279499530792236, 0.367422491312027, 0.3535400331020355, 0.35168904066085815, 0.3267005980014801, 0.31420639157295227, 0.3155946433544159, 0.31189262866973877, 0.3044886589050293, 0.3109671473503113, 0.2980101704597473, 0.29615917801856995, 0.3188338875770569, 0.2892179489135742, 0.27302175760269165, 0.2892179489135742, 0.3132808804512024, 0.3137436509132385, 0.33040258288383484, 0.31420639157295227, 0.3123553991317749, 0.2970846891403198, 0.2947709262371063, 0.2887552082538605, 0.2878296971321106, 0.2804257273674011, 0.2845904529094696, 0.2901434600353241, 0.2892179489135742, 0.29523369669914246, 0.28829246759414673, 0.30078667402267456, 0.3188338875770569]
test/correction_patch_cosine: [0.04160686209797859, -0.019937878474593163, -0.06038912013173103, -0.08035936951637268, -0.11232569813728333, -0.1307680308818817, -0.14019775390625, -0.1824904978275299, -0.19733759760856628, -0.19176186621189117, -0.17350944876670837, -0.15393805503845215, -0.1381188929080963, -0.12225119024515152, -0.12795495986938477, -0.12235162407159805, -0.14349405467510223, -0.1634306162595749, -0.1594998985528946, -0.1617145538330078, -0.1776455044746399, -0.18170411884784698, -0.19045628607273102, -0.20357368886470795, -0.18253467977046967, -0.19035929441452026, -0.21253319084644318, -0.19288866221904755, -0.17502669990062714, -0.16661785542964935, -0.15315477550029755, -0.1583024561405182, -0.16354437172412872, -0.16275063157081604, -0.19050894677639008, -0.19263316690921783, -0.19450311362743378, -0.20747490227222443, -0.20937083661556244, -0.2173476666212082, -0.22107549011707306, -0.21432247757911682, -0.21288886666297913, -0.1973625272512436, -0.19399598240852356]
test/correction_patch_magnitude_ratio: [0.06361076235771179, 0.05614951252937317, 0.05195196345448494, 0.05044160783290863, 0.04958208650350571, 0.048465296626091, 0.046536702662706375, 0.044936854392290115, 0.04266396164894104, 0.041454017162323, 0.04127141088247299, 0.04046357423067093, 0.04101578891277313, 0.04141095653176308, 0.04117979109287262, 0.041304025799036026, 0.04054904356598854, 0.03941638767719269, 0.03884048014879227, 0.03944913297891617, 0.039381347596645355, 0.03917921334505081, 0.03907997906208038, 0.03937556594610214, 0.040221452713012695, 0.04051506891846657, 0.04003196954727173, 0.040896330028772354, 0.04092856124043465, 0.040333449840545654, 0.039874956011772156, 0.039389532059431076, 0.03968416154384613, 0.038705483078956604, 0.03725774958729744, 0.035850297659635544, 0.034590065479278564, 0.033064574003219604, 0.031934771686792374, 0.031158069148659706, 0.030329808592796326, 0.029781237244606018, 0.02941572293639183, 0.029175153002142906, 0.02848733402788639]
test/correction_patch_optimal_scalar: [1.109209418296814, -0.405571848154068, -1.5494736433029175, -2.0237388610839844, -3.019056797027588, -3.7716119289398193, -4.713226795196533, -6.518489837646484, -7.525308609008789, -7.372220993041992, -6.468991756439209, -5.856227874755859, -5.748273849487305, -5.342953205108643, -5.758799076080322, -5.403961181640625, -6.0761637687683105, -7.033021926879883, -6.511068344116211, -6.634527683258057, -7.171261787414551, -6.917980670928955, -6.708807468414307, -6.917598247528076, -5.804768085479736, -6.062242031097412, -6.859053611755371, -5.940997123718262, -5.100257873535156, -4.589263439178467, -4.561147689819336, -4.989633560180664, -5.458675861358643, -5.548045635223389, -6.875260353088379, -7.403941631317139, -7.581791877746582, -8.412066459655762, -8.80189323425293, -8.965160369873047, -9.171201705932617, -9.187748908996582, -9.124085426330566, -8.799666404724121, -9.515735626220703]
