[train]
train/correction_beneficial_ratio: 0.5003122687339783
train/correction_beneficial_ratio_far: 0.49771663546562195
train/correction_beneficial_ratio_middle: 0.49598947167396545
train/correction_beneficial_ratio_near: 0.5072306990623474
train/correction_cosine_far: -0.05153072997927666
train/correction_cosine_mean: -0.021914536133408546
train/correction_cosine_middle: -0.02343483455479145
train/correction_cosine_near: 0.009221951477229595
train/correction_magnitude_ratio_far: 0.010735444724559784
train/correction_magnitude_ratio_mean: 0.01567293144762516
train/correction_magnitude_ratio_middle: 0.013760454952716827
train/correction_magnitude_ratio_near: 0.022522902116179466
train/correction_optimal_scalar_far: -4.60722541809082
train/correction_optimal_scalar_mean: -0.5711650848388672
train/correction_optimal_scalar_middle: 1.6147129535675049
train/correction_optimal_scalar_near: 1.2790155410766602
train/correction_patch_beneficial_ratio: [0.49405738711357117, 0.5227459073066711, 0.5262295007705688, 0.5188524723052979, 0.49774590134620667, 0.4938524663448334, 0.4971311390399933, 0.5149590373039246, 0.5100409984588623, 0.5053278803825378, 0.48483607172966003, 0.48422130942344666, 0.48463115096092224, 0.48790982365608215, 0.49836066365242004, 0.5038934350013733, 0.5032786726951599, 0.5, 0.4997950792312622, 0.49077868461608887, 0.48790982365608215]
train/correction_patch_cosine: [-0.003450473304837942, 0.020574040710926056, 0.03471418470144272, 0.02137928642332554, 0.004561002366244793, -0.0031273066997528076, -0.010097173973917961, 0.004528842866420746, 0.0016986581031233072, -0.008419743739068508, -0.022766757756471634, -0.03687656670808792, -0.052615776658058167, -0.049593035131692886, -0.04801563918590546, -0.046176664531230927, -0.047779183834791183, -0.04922544211149216, -0.050966471433639526, -0.05692535266280174, -0.06162574514746666]
train/correction_patch_magnitude_ratio: [0.03949585556983948, 0.026328405365347862, 0.02208864502608776, 0.019571688026189804, 0.01784336194396019, 0.016616404056549072, 0.01571596786379814, 0.015425670892000198, 0.014955234713852406, 0.014329373836517334, 0.013753187842667103, 0.013198324479162693, 0.012523327954113483, 0.012138046324253082, 0.011709338054060936, 0.011421442031860352, 0.011007044464349747, 0.010676512494683266, 0.010410204529762268, 0.010127522982656956, 0.009796010330319405]
train/correction_patch_optimal_scalar: [0.1653764545917511, 0.9932644963264465, 2.1017754077911377, 1.547149896621704, 1.248801589012146, 1.5165969133377075, 1.380152940750122, 3.1593360900878906, 3.603020191192627, 3.3888792991638184, 2.271432399749756, 1.0516061782836914, -0.6650351881980896, -1.506234049797058, -2.5529417991638184, -2.850738525390625, -3.4835124015808105, -4.196608066558838, -4.997124671936035, -6.241194725036621, -7.928442001342773]
[test]
test/correction_beneficial_ratio: 0.7185561060905457
test/correction_beneficial_ratio_far: 0.7239545583724976
test/correction_beneficial_ratio_middle: 0.732052206993103
test/correction_beneficial_ratio_near: 0.6996616125106812
test/correction_cosine_far: 0.4064768850803375
test/correction_cosine_mean: 0.33883216977119446
test/correction_cosine_middle: 0.34440934658050537
test/correction_cosine_near: 0.2656106650829315
test/correction_magnitude_ratio_far: 0.008822892792522907
test/correction_magnitude_ratio_mean: 0.013201280497014523
test/correction_magnitude_ratio_middle: 0.011464046314358711
test/correction_magnitude_ratio_near: 0.0193169005215168
test/correction_optimal_scalar_far: 74.81951141357422
test/correction_optimal_scalar_mean: 52.96765899658203
test/correction_optimal_scalar_middle: 56.2354621887207
test/correction_optimal_scalar_near: 27.848039627075195
test/correction_patch_beneficial_ratio: [0.6607444882392883, 0.6505922079086304, 0.7064297795295715, 0.6996616125106812, 0.7115059494972229, 0.7292724251747131, 0.7394247055053711, 0.7394247055053711, 0.7631133794784546, 0.7580372095108032, 0.7360405921936035, 0.7148900032043457, 0.703045666217804, 0.7098138928413391, 0.720812201499939, 0.7182741165161133, 0.692893385887146, 0.6996616125106812, 0.7250422835350037, 0.749576985836029, 0.7614213228225708]
test/correction_patch_cosine: [0.20075052976608276, 0.24579957127571106, 0.2830001711845398, 0.26968783140182495, 0.26767194271087646, 0.2886345386505127, 0.3037289083003998, 0.3237749934196472, 0.3426436185836792, 0.3515370786190033, 0.34480854868888855, 0.34415918588638306, 0.34350529313087463, 0.3604368567466736, 0.3783825933933258, 0.3948555290699005, 0.40183836221694946, 0.4060622453689575, 0.4116978347301483, 0.42127689719200134, 0.4312223494052887]
test/correction_patch_magnitude_ratio: [0.03447766974568367, 0.02291417308151722, 0.018885914236307144, 0.016287004575133324, 0.01503661833703518, 0.014103741385042667, 0.013513139449059963, 0.013032468035817146, 0.012562500312924385, 0.011908229440450668, 0.011293016374111176, 0.010813592001795769, 0.010383836925029755, 0.010254694148898125, 0.009972643107175827, 0.009644686244428158, 0.00914100743830204, 0.00876496359705925, 0.008431815542280674, 0.00808653049170971, 0.007718648761510849]
test/correction_patch_optimal_scalar: [8.469021797180176, 17.261688232421875, 25.504491806030273, 30.45241355895996, 34.121707916259766, 37.744972229003906, 41.38200759887695, 45.22740936279297, 49.71814727783203, 53.59126281738281, 56.81624221801758, 60.55368423461914, 63.042076110839844, 64.6991958618164, 66.85221862792969, 69.66830444335938, 72.61026763916016, 74.07770538330078, 76.38906860351562, 79.9679946899414, 84.17095184326172]
