[train]
train/correction_beneficial_ratio: 0.3769690990447998
train/correction_beneficial_ratio_far: 0.39551934599876404
train/correction_beneficial_ratio_middle: 0.3636212646961212
train/correction_beneficial_ratio_near: 0.37176668643951416
train/correction_cosine_far: -0.09224172681570053
train/correction_cosine_mean: -0.10497429966926575
train/correction_cosine_middle: -0.12476044148206711
train/correction_cosine_near: -0.09792069345712662
train/correction_magnitude_ratio_far: 0.09633579850196838
train/correction_magnitude_ratio_mean: 0.1059221550822258
train/correction_magnitude_ratio_middle: 0.10222464054822922
train/correction_magnitude_ratio_near: 0.1192060336470604
train/correction_optimal_scalar_far: -0.09301933646202087
train/correction_optimal_scalar_mean: -0.46509531140327454
train/correction_optimal_scalar_middle: -0.6701873540878296
train/correction_optimal_scalar_near: -0.6320792436599731
train/correction_patch_beneficial_ratio: [0.4011557400226593, 0.39238405227661133, 0.38379019498825073, 0.3717587888240814, 0.3730330467224121, 0.36627647280693054, 0.36894354224205017, 0.3684694170951843, 0.36686915159225464, 0.3572973906993866, 0.3669877052307129, 0.3655652701854706, 0.3642021119594574, 0.36903244256973267, 0.3607349097728729, 0.35516372323036194, 0.3521707057952881, 0.34882205724716187, 0.34944435954093933, 0.34840717911720276, 0.35228922963142395, 0.3603200614452362, 0.36518001556396484, 0.3669877052307129, 0.36778780817985535, 0.36992147564888, 0.3709290325641632, 0.37712255120277405, 0.38361239433288574, 0.3861609101295471, 0.3877611458301544, 0.3908134400844574, 0.3961179554462433, 0.3983997702598572, 0.39632537961006165, 0.39851829409599304, 0.4001481831073761, 0.3983108699321747, 0.39540672302246094, 0.39599940180778503, 0.3993184268474579, 0.3955252766609192, 0.39116907119750977, 0.39353978633880615, 0.3954363465309143]
train/correction_patch_cosine: [-0.030399013310670853, -0.0631418228149414, -0.07730509340763092, -0.09337913990020752, -0.09158359467983246, -0.09542503207921982, -0.09565844386816025, -0.10376490652561188, -0.1161041334271431, -0.12259995192289352, -0.1113995686173439, -0.1117391288280487, -0.1140497624874115, -0.11470933258533478, -0.12755151093006134, -0.13524700701236725, -0.1355486661195755, -0.13862565159797668, -0.143882155418396, -0.1429917961359024, -0.13881583511829376, -0.13071893155574799, -0.12460607290267944, -0.11887700855731964, -0.11774781346321106, -0.11951818317174911, -0.11719130724668503, -0.11016795039176941, -0.10142983496189117, -0.0960388109087944, -0.0953567773103714, -0.09368128329515457, -0.08276447653770447, -0.07960668206214905, -0.08328592032194138, -0.08166144788265228, -0.08440149575471878, -0.09210149198770523, -0.09725210815668106, -0.09280635416507721, -0.08860841393470764, -0.09667288511991501, -0.1051214188337326, -0.10567064583301544, -0.1046348288655281]
train/correction_patch_magnitude_ratio: [0.1646769791841507, 0.13066042959690094, 0.11904613673686981, 0.11816474050283432, 0.12062708288431168, 0.12597939372062683, 0.12205397337675095, 0.11261720955371857, 0.10831927508115768, 0.10965806990861893, 0.11229948699474335, 0.11662587523460388, 0.1150306686758995, 0.10827301442623138, 0.10405806452035904, 0.10450273752212524, 0.10616250336170197, 0.10972396284341812, 0.10948995500802994, 0.10431832075119019, 0.09994137287139893, 0.09946610778570175, 0.10109508782625198, 0.1044674962759018, 0.1040014773607254, 0.09999732673168182, 0.09643694758415222, 0.09610003978013992, 0.09715117514133453, 0.10051513463258743, 0.10064786672592163, 0.09663788974285126, 0.09245704859495163, 0.09272542595863342, 0.09611068665981293, 0.09957978129386902, 0.09941902756690979, 0.09572198241949081, 0.09384918212890625, 0.09449900686740875, 0.0962647944688797, 0.09870119392871857, 0.09925328940153122, 0.0958748385310173, 0.09329491853713989]
train/correction_patch_optimal_scalar: [-0.3153723478317261, -0.6822359561920166, -0.7172651886940002, -0.686620831489563, -0.542163074016571, -0.5013386011123657, -0.7250493168830872, -0.7366854548454285, -0.7065640687942505, -0.6616500616073608, -0.5090329647064209, -0.4988362193107605, -0.754249632358551, -0.7107434868812561, -0.7333806753158569, -0.7144017219543457, -0.6595880389213562, -0.7528414726257324, -1.0465891361236572, -1.0595214366912842, -0.8944611549377441, -0.6891182661056519, -0.6483466029167175, -0.5681667327880859, -0.7065714597702026, -0.7251924872398376, -0.6471744775772095, -0.4686580300331116, -0.3297816216945648, -0.14240115880966187, -0.29647567868232727, -0.2509799003601074, -0.05751297250390053, 0.00015371562039945275, 0.01914825849235058, 0.09062977135181427, -0.016314780339598656, -0.09476738423109055, -0.12418332695960999, -0.036021266132593155, 0.11944786459207535, 0.1343427300453186, -0.15491081774234772, -0.30985990166664124, -0.41798368096351624]
[test]
test/correction_beneficial_ratio: 0.31234145164489746
test/correction_beneficial_ratio_far: 0.31847667694091797
test/correction_beneficial_ratio_middle: 0.2890781760215759
test/correction_beneficial_ratio_near: 0.3294695019721985
test/correction_cosine_far: -0.16565100848674774
test/correction_cosine_mean: -0.17099131643772125
test/correction_cosine_middle: -0.2061103731393814
test/correction_cosine_near: -0.14121247828006744
test/correction_magnitude_ratio_far: 0.08332568407058716
test/correction_magnitude_ratio_mean: 0.09382675588130951
test/correction_magnitude_ratio_middle: 0.09300611913204193
test/correction_magnitude_ratio_near: 0.10514849424362183
test/correction_optimal_scalar_far: -2.0094406604766846
test/correction_optimal_scalar_mean: -1.6353626251220703
test/correction_optimal_scalar_middle: -1.8660191297531128
test/correction_optimal_scalar_near: -1.030626654624939
test/correction_patch_beneficial_ratio: [0.3609851002693176, 0.3629293441772461, 0.34256088733673096, 0.3298768699169159, 0.3347838222980499, 0.34404221177101135, 0.35589298605918884, 0.3413572907447815, 0.3158966898918152, 0.31598925590515137, 0.3083973824977875, 0.31756317615509033, 0.31534117460250854, 0.30312007665634155, 0.2933061718940735, 0.29450976848602295, 0.2953430116176605, 0.3054346740245819, 0.3111748993396759, 0.30062031745910645, 0.2871030569076538, 0.283584862947464, 0.27682623267173767, 0.28006666898727417, 0.28043699264526367, 0.2707156836986542, 0.27553004026412964, 0.27830755710601807, 0.28488102555274963, 0.311637818813324, 0.3144153356552124, 0.30737894773483276, 0.3112674653530121, 0.3170076906681061, 0.3125636577606201, 0.31385982036590576, 0.320155531167984, 0.3219146430492401, 0.32247012853622437, 0.32321080565452576, 0.3179335296154022, 0.31598925590515137, 0.32506248354911804, 0.32459956407546997, 0.32932135462760925]
test/correction_patch_cosine: [-0.07057704031467438, -0.10025038570165634, -0.1184137836098671, -0.1285267323255539, -0.1167043149471283, -0.10923923552036285, -0.11252298206090927, -0.13661199808120728, -0.16259512305259705, -0.16168004274368286, -0.17100466787815094, -0.16254889965057373, -0.17114649713039398, -0.18820378184318542, -0.20816083252429962, -0.2031153291463852, -0.2005331665277481, -0.18452465534210205, -0.1838269829750061, -0.20197102427482605, -0.21530866622924805, -0.2149319052696228, -0.2197638601064682, -0.2185743898153305, -0.21406245231628418, -0.22348175942897797, -0.2220596969127655, -0.21190272271633148, -0.198378324508667, -0.17922253906726837, -0.17504838109016418, -0.17892126739025116, -0.17703619599342346, -0.1677563637495041, -0.16537806391716003, -0.158949077129364, -0.15763738751411438, -0.16625933349132538, -0.17239175736904144, -0.1635742038488388, -0.1608426570892334, -0.1589871644973755, -0.1575928032398224, -0.16252143681049347, -0.1618693321943283]
test/correction_patch_magnitude_ratio: [0.14635951817035675, 0.11525630205869675, 0.10613948851823807, 0.10704844444990158, 0.10877499729394913, 0.11266174167394638, 0.10715671628713608, 0.09702908992767334, 0.09361302852630615, 0.09581250697374344, 0.09909036755561829, 0.10352539271116257, 0.10119517892599106, 0.09345441311597824, 0.09011007100343704, 0.0920293852686882, 0.0956089049577713, 0.10001174360513687, 0.09831487387418747, 0.0920991599559784, 0.0887148380279541, 0.09022710472345352, 0.09341782331466675, 0.09612137079238892, 0.09597866982221603, 0.09143316000699997, 0.08843804895877838, 0.08857247233390808, 0.09073855727910995, 0.09338564425706863, 0.09108129888772964, 0.08586031198501587, 0.08258786797523499, 0.08403540402650833, 0.0876355990767479, 0.0890655592083931, 0.08622748404741287, 0.08188965171575546, 0.08037262409925461, 0.08021232485771179, 0.08097813278436661, 0.08334968984127045, 0.08201354742050171, 0.07820317894220352, 0.07637260854244232]
test/correction_patch_optimal_scalar: [-0.5330519676208496, -0.6743266582489014, -0.754564642906189, -0.6683619618415833, -0.592398464679718, -0.41096067428588867, -0.8962301015853882, -1.081799864768982, -1.234810471534729, -1.0836750268936157, -1.235432505607605, -1.05111563205719, -1.4733846187591553, -1.8276447057724, -1.9416463375091553, -1.8729699850082397, -1.7285659313201904, -1.4781116247177124, -1.7922158241271973, -2.1173195838928223, -2.0490970611572266, -1.7258023023605347, -1.8164265155792236, -1.9657561779022217, -2.1970317363739014, -2.377666473388672, -2.255964994430542, -1.7056666612625122, -1.5012187957763672, -1.406498670578003, -1.6600040197372437, -2.064329147338867, -2.2778849601745605, -2.1008827686309814, -1.9978615045547485, -1.8411847352981567, -1.9589245319366455, -2.1496379375457764, -1.9620188474655151, -1.7755813598632812, -1.8269044160842896, -1.7624260187149048, -2.0839622020721436, -2.3833203315734863, -2.2966721057891846]
