[train]
train/correction_beneficial_ratio: 0.5592701435089111
train/correction_beneficial_ratio_far: 0.6002981662750244
train/correction_beneficial_ratio_middle: 0.5604941248893738
train/correction_beneficial_ratio_near: 0.5170180797576904
train/correction_cosine_far: 0.10110136866569519
train/correction_cosine_mean: 0.06857918947935104
train/correction_cosine_middle: 0.07196172326803207
train/correction_cosine_near: 0.03267444297671318
train/correction_magnitude_ratio_far: 0.027541784569621086
train/correction_magnitude_ratio_mean: 0.03034830465912819
train/correction_magnitude_ratio_middle: 0.029589692130684853
train/correction_magnitude_ratio_near: 0.03391342982649803
train/correction_optimal_scalar_far: 5.291468620300293
train/correction_optimal_scalar_mean: 3.716085433959961
train/correction_optimal_scalar_middle: 3.8234477043151855
train/correction_optimal_scalar_near: 2.0333356857299805
train/correction_patch_beneficial_ratio: [0.5078594088554382, 0.5116932988166809, 0.5105431079864502, 0.518338680267334, 0.5196166038513184, 0.5064536929130554, 0.49418529868125916, 0.5081149935722351, 0.5206390023231506, 0.5067092776298523, 0.5175718665122986, 0.5272843241691589, 0.5290734767913818, 0.5334185361862183, 0.5437699556350708, 0.5533546209335327, 0.5464536547660828, 0.5377635955810547, 0.5413418412208557, 0.5596166253089905, 0.5623003244400024, 0.5539935827255249, 0.5470926761627197, 0.5625559091567993, 0.5643450617790222, 0.5711182355880737, 0.5635782480239868, 0.5805751085281372, 0.5801916718482971, 0.5831310153007507, 0.5727795362472534, 0.5743131041526794, 0.5736741423606873, 0.5785303711891174, 0.5902875661849976, 0.5842811465263367, 0.5907987356185913, 0.5979552865028381, 0.6076677441596985, 0.6246645450592041, 0.6339936256408691, 0.6199361085891724, 0.6157188415527344, 0.6204472780227661, 0.6194249391555786]
train/correction_patch_cosine: [0.02877364493906498, 0.03343967720866203, 0.027391040697693825, 0.0312124602496624, 0.028929516673088074, 0.0199460219591856, 0.012866189703345299, 0.018551211804151535, 0.023730406537652016, 0.02607196383178234, 0.029295964166522026, 0.04468834027647972, 0.05101162567734718, 0.05419454351067543, 0.060013722628355026, 0.06199038028717041, 0.06061207130551338, 0.051419757306575775, 0.05567114055156708, 0.06249381601810455, 0.0677914097905159, 0.0701172947883606, 0.06963284313678741, 0.07470536231994629, 0.08016340434551239, 0.07995017617940903, 0.07264930754899979, 0.09006348252296448, 0.09471431374549866, 0.0874517634510994, 0.08474161475896835, 0.08090514689683914, 0.08166670054197311, 0.08194614946842194, 0.0875437930226326, 0.0899467021226883, 0.09607348591089249, 0.10308700054883957, 0.10621631890535355, 0.12038911879062653, 0.1227869763970375, 0.11279616504907608, 0.11728272587060928, 0.11591988056898117, 0.11521902680397034]
train/correction_patch_magnitude_ratio: [0.043590255081653595, 0.03783264011144638, 0.0367577038705349, 0.03386617451906204, 0.033168260008096695, 0.03309204429388046, 0.03259234502911568, 0.03223911672830582, 0.03228394314646721, 0.03261185437440872, 0.032123398035764694, 0.03219948709011078, 0.032263778150081635, 0.031912703067064285, 0.0321677140891552, 0.03148417919874191, 0.030930640175938606, 0.03086901642382145, 0.03037433885037899, 0.02988453581929207, 0.029914984479546547, 0.02951979450881481, 0.029285261407494545, 0.029578140005469322, 0.02942250669002533, 0.028903299942612648, 0.028896363452076912, 0.028623662889003754, 0.028109125792980194, 0.028049444779753685, 0.028254328295588493, 0.028099162504076958, 0.028068261221051216, 0.027799304574728012, 0.027724485844373703, 0.02758193202316761, 0.02756568416953087, 0.02733808010816574, 0.027873726561665535, 0.02769000455737114, 0.027492331340909004, 0.027327394112944603, 0.026818739250302315, 0.02677634358406067, 0.026717163622379303]
train/correction_patch_optimal_scalar: [1.2182472944259644, 1.6558152437210083, 1.5352600812911987, 1.8696686029434204, 1.9361884593963623, 1.67022705078125, 1.2705035209655762, 1.5358291864395142, 1.6983996629714966, 1.9732792377471924, 2.1064510345458984, 2.772366762161255, 2.9935576915740967, 2.961360216140747, 3.3028814792633057, 3.399561643600464, 3.2535719871520996, 3.0719194412231445, 3.2608988285064697, 3.5967442989349365, 3.7398500442504883, 3.563819169998169, 3.417774200439453, 3.9227466583251953, 4.000101566314697, 3.9924495220184326, 3.9493730068206787, 4.692262649536133, 4.791436672210693, 4.69923210144043, 4.556180000305176, 4.5608954429626465, 4.785594463348389, 4.766438961029053, 4.863621234893799, 5.091361999511719, 5.015932083129883, 5.3498945236206055, 5.3466691970825195, 6.030949592590332, 6.032169342041016, 5.720199108123779, 5.884910583496094, 5.658871650695801, 5.708396911621094]
[test]
test/correction_beneficial_ratio: 0.6065298914909363
test/correction_beneficial_ratio_far: 0.6006786823272705
test/correction_beneficial_ratio_middle: 0.6490513682365417
test/correction_beneficial_ratio_near: 0.5698596239089966
test/correction_cosine_far: 0.09156117588281631
test/correction_cosine_mean: 0.0962473452091217
test/correction_cosine_middle: 0.12573446333408356
test/correction_cosine_near: 0.07144638150930405
test/correction_magnitude_ratio_far: 0.02591838873922825
test/correction_magnitude_ratio_mean: 0.027661588042974472
test/correction_magnitude_ratio_middle: 0.027715487405657768
test/correction_magnitude_ratio_near: 0.02935093082487583
test/correction_optimal_scalar_far: 5.381494045257568
test/correction_optimal_scalar_mean: 5.430469989776611
test/correction_optimal_scalar_middle: 6.45058536529541
test/correction_optimal_scalar_near: 4.459319114685059
test/correction_patch_beneficial_ratio: [0.45025449991226196, 0.5256825685501099, 0.5391022562980652, 0.5576122403144836, 0.5687181949615479, 0.5816751718521118, 0.5839889049530029, 0.5830634236335754, 0.6131420731544495, 0.6159185767173767, 0.5770476460456848, 0.5525220036506653, 0.5835261344909668, 0.5895418524742126, 0.6260990500450134, 0.629338264465332, 0.6455344557762146, 0.6353539824485779, 0.6316519975662231, 0.6288754940032959, 0.6464599967002869, 0.6534011960029602, 0.6311892867088318, 0.6381304860115051, 0.6598796844482422, 0.648773729801178, 0.6973623037338257, 0.6672836542129517, 0.6830171346664429, 0.6395187377929688, 0.627487301826477, 0.6048125624656677, 0.6015733480453491, 0.5969458818435669, 0.5960203409194946, 0.5802869200706482, 0.6085145473480225, 0.6149930357933044, 0.6126793026924133, 0.6131420731544495, 0.601110577583313, 0.5890791416168213, 0.6001850962638855, 0.5839889049530029, 0.5793613791465759]
test/correction_patch_cosine: [-0.02968856878578663, 0.014223117381334305, 0.038007788360118866, 0.05978494510054588, 0.05603284761309624, 0.07363876700401306, 0.08215711265802383, 0.08422564715147018, 0.09911873936653137, 0.11085245013237, 0.09195324778556824, 0.07800933718681335, 0.09660108387470245, 0.09960286319255829, 0.11717686057090759, 0.11798093467950821, 0.11685604602098465, 0.11561951786279678, 0.11992042511701584, 0.12220082432031631, 0.11711686849594116, 0.11529500782489777, 0.11281230300664902, 0.10951254516839981, 0.128677099943161, 0.13731254637241364, 0.15417397022247314, 0.140731543302536, 0.156668558716774, 0.12113745510578156, 0.11110836267471313, 0.09966998547315598, 0.09544879198074341, 0.09202589839696884, 0.08414384722709656, 0.08976074308156967, 0.10523907095193863, 0.10919304192066193, 0.1028285101056099, 0.10522577911615372, 0.09793984889984131, 0.0779510885477066, 0.0876181572675705, 0.06593073904514313, 0.04933502525091171]
test/correction_patch_magnitude_ratio: [0.03499855846166611, 0.031880300492048264, 0.031524043530225754, 0.02971331775188446, 0.029462337493896484, 0.029861651360988617, 0.029265282675623894, 0.028844306245446205, 0.028662707656621933, 0.027963081374764442, 0.027634847909212112, 0.027854882180690765, 0.02747809886932373, 0.02736172080039978, 0.027758272364735603, 0.027299195528030396, 0.02738266997039318, 0.0282753836363554, 0.028320783749222755, 0.028280159458518028, 0.02818242833018303, 0.027519499883055687, 0.02721710130572319, 0.027662592008709908, 0.02682729810476303, 0.026829766109585762, 0.028060726821422577, 0.027742844074964523, 0.027700316160917282, 0.028431911021471024, 0.028455566614866257, 0.027892693877220154, 0.028199318796396255, 0.0271627064794302, 0.026579586789011955, 0.026676354929804802, 0.02562445029616356, 0.025257956236600876, 0.025578439235687256, 0.02498175948858261, 0.024775367230176926, 0.02496313862502575, 0.024306314066052437, 0.024073457345366478, 0.024248335510492325]
test/correction_patch_optimal_scalar: [-0.000490597274620086, 1.9379385709762573, 2.9088568687438965, 3.907526731491089, 4.1130781173706055, 4.744227409362793, 5.0146613121032715, 5.264453411102295, 5.705005645751953, 6.014779567718506, 5.609320640563965, 4.764709949493408, 5.32515811920166, 5.674454689025879, 5.906116485595703, 6.077075481414795, 5.671315670013428, 5.571362018585205, 6.060020923614502, 6.378045558929443, 5.805331230163574, 5.491962432861328, 5.892191410064697, 5.818581581115723, 6.664529800415039, 7.120281219482422, 7.696022987365723, 7.547234535217285, 8.10792064666748, 6.857054233551025, 5.918004989624023, 5.570608139038086, 5.665742874145508, 5.4495625495910645, 5.3355207443237305, 5.814101219177246, 6.320010662078857, 6.218042373657227, 5.776888370513916, 5.61998987197876, 5.600295066833496, 4.756714344024658, 4.798812389373779, 4.069456100463867, 3.8086659908294678]
