[train]
train/correction_beneficial_ratio: 0.4337266683578491
train/correction_beneficial_ratio_far: 0.4459552764892578
train/correction_beneficial_ratio_middle: 0.42664963006973267
train/correction_beneficial_ratio_near: 0.4285750687122345
train/correction_cosine_far: -0.07536035031080246
train/correction_cosine_mean: -0.06447414308786392
train/correction_cosine_middle: -0.06266681849956512
train/correction_cosine_near: -0.05539526790380478
train/correction_magnitude_ratio_far: 0.026408791542053223
train/correction_magnitude_ratio_mean: 0.03320034593343735
train/correction_magnitude_ratio_middle: 0.0320771187543869
train/correction_magnitude_ratio_near: 0.04111514240503311
train/correction_optimal_scalar_far: -0.26548004150390625
train/correction_optimal_scalar_mean: 0.05628310143947601
train/correction_optimal_scalar_middle: 0.40550485253334045
train/correction_optimal_scalar_near: 0.02882208488881588
train/correction_patch_beneficial_ratio: [0.5187220573425293, 0.47757187485694885, 0.4392332136631012, 0.43552714586257935, 0.4187859296798706, 0.41329073905944824, 0.3879872262477875, 0.3837699592113495, 0.38581469655036926, 0.40702876448631287, 0.4166134297847748, 0.42466452717781067, 0.4361661374568939, 0.4444728493690491, 0.4389776289463043, 0.4449840188026428, 0.42747604846954346, 0.4134185314178467, 0.4208306670188904, 0.42926517128944397, 0.4297763705253601, 0.4269648492336273, 0.42632588744163513, 0.41929712891578674, 0.4272204339504242, 0.422364205121994, 0.4181469678878784, 0.42594248056411743, 0.4336102306842804, 0.43412140011787415, 0.44051119685173035, 0.4526517689228058, 0.4610862731933594, 0.4548242688179016, 0.442044734954834, 0.44690096378326416, 0.4561022222042084, 0.4480511248111725, 0.44651758670806885, 0.44753992557525635, 0.4446006417274475, 0.4417891502380371, 0.4417891502380371, 0.4389776289463043, 0.42594248056411743]
train/correction_patch_cosine: [0.04129348695278168, 0.005724676419049501, -0.033790331333875656, -0.04615241289138794, -0.0576348677277565, -0.07156545668840408, -0.08903562277555466, -0.10102448612451553, -0.10273204743862152, -0.0880880057811737, -0.07639022171497345, -0.06338261067867279, -0.05907623469829559, -0.048900142312049866, -0.04017457738518715, -0.03332051634788513, -0.051128413528203964, -0.06609563529491425, -0.06602593511343002, -0.06118767708539963, -0.0638824924826622, -0.06859558820724487, -0.06990960240364075, -0.07227075845003128, -0.06405630707740784, -0.06734833866357803, -0.06674066931009293, -0.06320255994796753, -0.06350842863321304, -0.06272934377193451, -0.06243329867720604, -0.05278439447283745, -0.04487831890583038, -0.054255977272987366, -0.07730041444301605, -0.07949896156787872, -0.07254478335380554, -0.07819602638483047, -0.0813700258731842, -0.08246345818042755, -0.08753371983766556, -0.0840512365102768, -0.0862487182021141, -0.0909525528550148, -0.09589358419179916]
train/correction_patch_magnitude_ratio: [0.060653749853372574, 0.05029749125242233, 0.04649503156542778, 0.04392721503973007, 0.04295136779546738, 0.04196727275848389, 0.03931122645735741, 0.03788795694708824, 0.03687717765569687, 0.03658431023359299, 0.036705467849969864, 0.03636101633310318, 0.035896167159080505, 0.035690177232027054, 0.03512150049209595, 0.035217128694057465, 0.03461423143744469, 0.033862367272377014, 0.03440820798277855, 0.03339598700404167, 0.03264227509498596, 0.03255291283130646, 0.03207169100642204, 0.031605709344148636, 0.03187182918190956, 0.030804598703980446, 0.030073948204517365, 0.029865460470318794, 0.029347142204642296, 0.028823260217905045, 0.028632523491978645, 0.02859739400446415, 0.02849755622446537, 0.027456412091851234, 0.026117760688066483, 0.026150884106755257, 0.026093563064932823, 0.02612772211432457, 0.026569193229079247, 0.026297621428966522, 0.025865256786346436, 0.025807635858654976, 0.02515086717903614, 0.024769719690084457, 0.023997755721211433]
train/correction_patch_optimal_scalar: [0.981718897819519, 0.9970186352729797, 0.3430606722831726, 0.24874307215213776, -0.010893258266150951, -0.39406588673591614, -0.985204815864563, -1.5809937715530396, -1.2974094152450562, -0.4870132803916931, -0.1978163719177246, 0.28039947152137756, 0.3285840153694153, 0.8067581653594971, 1.3994452953338623, 1.4530751705169678, 0.46098753809928894, -0.23026308417320251, -0.1696619838476181, -0.09685079008340836, -0.01167744118720293, 0.3056749105453491, 0.5504193305969238, 0.5209158062934875, 0.8941412568092346, 0.6610978841781616, 0.4735964834690094, 0.4428199827671051, 0.41991862654685974, 0.4083578884601593, 0.5282729864120483, 1.0955595970153809, 1.5178096294403076, 1.00648033618927, -0.41552460193634033, -0.9736089706420898, -0.4912082552909851, -0.38860681653022766, -0.08734922856092453, -0.01733504608273506, -0.4531649053096771, -0.5377219915390015, -1.0959160327911377, -1.5086634159088135, -2.1611685752868652]
[test]
test/correction_beneficial_ratio: 0.3602447509765625
test/correction_beneficial_ratio_far: 0.32534319162368774
test/correction_beneficial_ratio_middle: 0.3192349076271057
test/correction_beneficial_ratio_near: 0.43615609407424927
test/correction_cosine_far: -0.17113734781742096
test/correction_cosine_mean: -0.1325179487466812
test/correction_cosine_middle: -0.17055347561836243
test/correction_cosine_near: -0.05586303398013115
test/correction_magnitude_ratio_far: 0.026959164068102837
test/correction_magnitude_ratio_mean: 0.03326466679573059
test/correction_magnitude_ratio_middle: 0.03299406170845032
test/correction_magnitude_ratio_near: 0.039840783923864365
test/correction_optimal_scalar_far: -7.655124664306641
test/correction_optimal_scalar_mean: -6.030944347381592
test/correction_optimal_scalar_middle: -7.489477157592773
test/correction_optimal_scalar_near: -2.9482250213623047
test/correction_patch_beneficial_ratio: [0.5372512936592102, 0.5201295614242554, 0.4969921410083771, 0.5141138434410095, 0.48125869035720825, 0.4220268428325653, 0.40814438462257385, 0.3933364152908325, 0.38732069730758667, 0.3887089192867279, 0.3799166977405548, 0.39935216307640076, 0.4086071252822876, 0.40259140729904175, 0.40259140729904175, 0.3845441937446594, 0.3465988039970398, 0.33595559000968933, 0.32947710156440735, 0.32855159044265747, 0.33040258288383484, 0.32716333866119385, 0.3003239333629608, 0.28181397914886475, 0.2915317118167877, 0.30171218514442444, 0.2855159640312195, 0.2910689413547516, 0.317908376455307, 0.33595559000968933, 0.36140674352645874, 0.351226270198822, 0.34937527775764465, 0.33734381198883057, 0.3077279031276703, 0.31189262866973877, 0.31698286533355713, 0.2998611629009247, 0.3054141700267792, 0.2989356815814972, 0.311429888010025, 0.31929662823677063, 0.3188338875770569, 0.34150856733322144, 0.3489125370979309]
test/correction_patch_cosine: [0.05749969929456711, 0.039348676800727844, 0.004242265596985817, -0.003692957106977701, -0.04278896003961563, -0.09231344610452652, -0.101133331656456, -0.10132104903459549, -0.09817815572023392, -0.08607597649097443, -0.08652908354997635, -0.08111974596977234, -0.07251466065645218, -0.08067525178194046, -0.09269234538078308, -0.10446509718894958, -0.13124842941761017, -0.1426292061805725, -0.14954911172389984, -0.15343773365020752, -0.15826298296451569, -0.17574743926525116, -0.1978076547384262, -0.21266765892505646, -0.20810560882091522, -0.19940334558486938, -0.2105327993631363, -0.19115059077739716, -0.1704200804233551, -0.1528758853673935, -0.1320025473833084, -0.12923046946525574, -0.12935428321361542, -0.14220887422561646, -0.18464764952659607, -0.18855330348014832, -0.18432781100273132, -0.18756680190563202, -0.18590520322322845, -0.19097861647605896, -0.1941344141960144, -0.1889386922121048, -0.18359807133674622, -0.17536088824272156, -0.1702525019645691]
test/correction_patch_magnitude_ratio: [0.05790606141090393, 0.049314405769109726, 0.04403571039438248, 0.04261043295264244, 0.041953474283218384, 0.040529586374759674, 0.038449984043836594, 0.037387073040008545, 0.035861868411302567, 0.03502245619893074, 0.03510640561580658, 0.034424684941768646, 0.03498789668083191, 0.03518868237733841, 0.034833136945962906, 0.0349167101085186, 0.03387178108096123, 0.032765667885541916, 0.03261306509375572, 0.03279085084795952, 0.032608743757009506, 0.032686907798051834, 0.03255513310432434, 0.03258788585662842, 0.033454425632953644, 0.033129218965768814, 0.03234029561281204, 0.033182624727487564, 0.03302369266748428, 0.0323840007185936, 0.03212697058916092, 0.032010436058044434, 0.032360922545194626, 0.030978554859757423, 0.028794193640351295, 0.027637312188744545, 0.026968112215399742, 0.02596670389175415, 0.02545350231230259, 0.02492646500468254, 0.024187272414565086, 0.023999759927392006, 0.02354791760444641, 0.023158075287938118, 0.02227097563445568]
test/correction_patch_optimal_scalar: [1.304930567741394, 1.1023125648498535, 0.19148902595043182, 0.20162101089954376, -1.194927453994751, -2.727294445037842, -3.979658842086792, -4.986875057220459, -5.232873916625977, -4.850351810455322, -4.659173011779785, -4.480320453643799, -4.691564559936523, -5.0231218338012695, -5.197641372680664, -5.425688743591309, -6.7285542488098145, -7.287165641784668, -6.588425159454346, -7.086940288543701, -7.564572334289551, -8.221121788024902, -8.70099925994873, -9.384673118591309, -8.863676071166992, -8.571311950683594, -8.63295841217041, -7.403428077697754, -6.299975395202637, -5.58273983001709, -5.006463527679443, -4.494935989379883, -4.613983631134033, -5.4351725578308105, -7.725501537322998, -8.27882194519043, -8.203498840332031, -8.880141258239746, -8.630146026611328, -8.693999290466309, -8.984004974365234, -8.852341651916504, -8.875415802001953, -8.673565864562988, -9.47883129119873]
