[train]
train/correction_beneficial_ratio: 0.5559015274047852
train/correction_beneficial_ratio_far: 0.5571470856666565
train/correction_beneficial_ratio_middle: 0.5843564867973328
train/correction_beneficial_ratio_near: 0.526201069355011
train/correction_cosine_far: 0.09855858236551285
train/correction_cosine_mean: 0.0826517641544342
train/correction_cosine_middle: 0.10217347741127014
train/correction_cosine_near: 0.047223176807165146
train/correction_magnitude_ratio_far: 0.01198149099946022
train/correction_magnitude_ratio_mean: 0.02172766625881195
train/correction_magnitude_ratio_middle: 0.016426637768745422
train/correction_magnitude_ratio_near: 0.03677487373352051
train/correction_optimal_scalar_far: 13.248350143432617
train/correction_optimal_scalar_mean: 9.123902320861816
train/correction_optimal_scalar_middle: 10.417364120483398
train/correction_optimal_scalar_near: 3.7059926986694336
train/correction_patch_beneficial_ratio: [0.4819839894771576, 0.4797597825527191, 0.4908807873725891, 0.4866548180580139, 0.48309609293937683, 0.4951067566871643, 0.5246886014938354, 0.5329181551933289, 0.5395907759666443, 0.5469306111335754, 0.5511565804481506, 0.5618327260017395, 0.5693950057029724, 0.5720640420913696, 0.5769572854042053, 0.5771797299385071, 0.5809608697891235, 0.5914145708084106, 0.6029804348945618, 0.6036477088928223, 0.601201057434082, 0.5974199175834656, 0.5883007049560547, 0.5800711512565613, 0.5785142183303833, 0.5691726207733154, 0.563834547996521, 0.5754003524780273, 0.5782918334007263, 0.5769572854042053, 0.560943067073822, 0.5682829022407532, 0.5749555230140686, 0.5760676264762878, 0.5662811398506165, 0.5622775554656982, 0.5500444769859314, 0.5382562279701233, 0.5422598123550415, 0.5551601648330688, 0.5540480613708496, 0.5495996475219727, 0.5482650995254517, 0.5516014099121094, 0.5591636896133423]
train/correction_patch_cosine: [0.011343956924974918, 0.0014302231138572097, -0.002495821099728346, 0.0027591893449425697, 0.007699440233409405, 0.015473890118300915, 0.041313353925943375, 0.050651099532842636, 0.05585944652557373, 0.0685654804110527, 0.0783960223197937, 0.08491125702857971, 0.09540868550539017, 0.09777206182479858, 0.09925951063632965, 0.10165958851575851, 0.10429661720991135, 0.1051856204867363, 0.10823538899421692, 0.10992313176393509, 0.10794749110937119, 0.1039683148264885, 0.09874079376459122, 0.09623014181852341, 0.09638466686010361, 0.09232970327138901, 0.09464885294437408, 0.10413593798875809, 0.10586227476596832, 0.10305383056402206, 0.10074841976165771, 0.10618142038583755, 0.10742542892694473, 0.1046004369854927, 0.10374612361192703, 0.100359246134758, 0.09844805300235748, 0.09688568860292435, 0.09647512435913086, 0.09642110019922256, 0.09398197382688522, 0.09223064035177231, 0.09124231338500977, 0.09466296434402466, 0.09497058391571045]
train/correction_patch_magnitude_ratio: [0.09046176820993423, 0.061972640454769135, 0.05056174099445343, 0.044251903891563416, 0.03984462469816208, 0.03579071909189224, 0.03248990699648857, 0.029720181599259377, 0.02768677845597267, 0.026131005957722664, 0.024755733087658882, 0.02363293617963791, 0.02248605154454708, 0.021341342478990555, 0.020495712757110596, 0.0198071226477623, 0.019217152148485184, 0.018495073541998863, 0.01794845424592495, 0.017452942207455635, 0.017209414392709732, 0.016706125810742378, 0.016274739056825638, 0.01578143611550331, 0.015354587696492672, 0.014945405535399914, 0.01470040064305067, 0.014469988644123077, 0.01418653130531311, 0.01385023258626461, 0.013535121455788612, 0.013287044130265713, 0.013082760386168957, 0.01280726958066225, 0.012543909251689911, 0.012412907555699348, 0.012285430915653706, 0.012099064886569977, 0.011809579096734524, 0.011526035144925117, 0.011245498433709145, 0.011025833897292614, 0.01080825924873352, 0.010684306733310223, 0.010569320060312748]
train/correction_patch_optimal_scalar: [0.416099488735199, 0.6331517696380615, 0.598626434803009, 0.6037712693214417, 1.182889699935913, 1.8985222578048706, 2.8034563064575195, 3.453598976135254, 4.0644731521606445, 4.511984825134277, 5.69298791885376, 6.639660358428955, 7.507788181304932, 7.69355583190918, 7.889355659484863, 8.222371101379395, 8.586990356445312, 9.014890670776367, 9.351997375488281, 9.674531936645508, 10.0448579788208, 10.135476112365723, 10.696920394897461, 11.000649452209473, 10.93842601776123, 10.9323091506958, 11.57965087890625, 12.219675064086914, 12.031331062316895, 11.83036994934082, 11.857514381408691, 12.798474311828613, 13.037635803222656, 13.161541938781738, 13.109702110290527, 12.857660293579102, 12.396708488464355, 12.27331256866455, 12.76406478881836, 13.368610382080078, 13.49082088470459, 14.027478218078613, 14.340068817138672, 14.604042053222656, 14.637594223022461]
[test]
test/correction_beneficial_ratio: 0.3174046277999878
test/correction_beneficial_ratio_far: 0.23283207416534424
test/correction_beneficial_ratio_middle: 0.32715120911598206
test/correction_beneficial_ratio_near: 0.3922305703163147
test/correction_cosine_far: -0.34078261256217957
test/correction_cosine_mean: -0.23248395323753357
test/correction_cosine_middle: -0.229053795337677
test/correction_cosine_near: -0.12761564552783966
test/correction_magnitude_ratio_far: 0.007064370438456535
test/correction_magnitude_ratio_mean: 0.015831615775823593
test/correction_magnitude_ratio_middle: 0.011440393514931202
test/correction_magnitude_ratio_near: 0.02899008058011532
test/correction_optimal_scalar_far: -57.165931701660156
test/correction_optimal_scalar_mean: -30.832740783691406
test/correction_optimal_scalar_middle: -28.58274269104004
test/correction_optimal_scalar_near: -6.749582290649414
test/correction_patch_beneficial_ratio: [0.38847118616104126, 0.4611528813838959, 0.4172932207584381, 0.3796992599964142, 0.3947368562221527, 0.3959899842739105, 0.3959899842739105, 0.3834586441516876, 0.36591479182243347, 0.3709273040294647, 0.37593984603881836, 0.3671679198741913, 0.3709273040294647, 0.39849624037742615, 0.4172932207584381, 0.4135338366031647, 0.38721805810928345, 0.3947368562221527, 0.38596490025520325, 0.3897243142127991, 0.36591479182243347, 0.32832080125808716, 0.3070175349712372, 0.29323309659957886, 0.2857142984867096, 0.28070175647735596, 0.27944862842559814, 0.27819550037384033, 0.26817041635513306, 0.2493734359741211, 0.23182956874370575, 0.23308271169662476, 0.239348366856575, 0.2506265640258789, 0.239348366856575, 0.24060150980949402, 0.24436090886592865, 0.24185463786125183, 0.239348366856575, 0.2243107706308365, 0.22180451452732086, 0.2130325883626938, 0.2142857164144516, 0.2243107706308365, 0.23433583974838257]
test/correction_patch_cosine: [-0.05636563524603844, -0.06397296488285065, -0.08680262416601181, -0.1392463594675064, -0.13418927788734436, -0.11928251385688782, -0.12401662766933441, -0.1341419517993927, -0.14671877026557922, -0.1518704742193222, -0.1534983068704605, -0.1652715653181076, -0.16104602813720703, -0.14856067299842834, -0.12924939393997192, -0.12725043296813965, -0.142258882522583, -0.1523059755563736, -0.16989217698574066, -0.17973662912845612, -0.18974898755550385, -0.21346288919448853, -0.23903347551822662, -0.2588231861591339, -0.27033451199531555, -0.2779143452644348, -0.29228293895721436, -0.30308759212493896, -0.3075501024723053, -0.31212350726127625, -0.32125231623649597, -0.3333982825279236, -0.33134719729423523, -0.3286063075065613, -0.3278365731239319, -0.3287137746810913, -0.32791295647621155, -0.33730313181877136, -0.3399277925491333, -0.3453359305858612, -0.3508284389972687, -0.3591909408569336, -0.3656410872936249, -0.360464870929718, -0.3539796471595764]
test/correction_patch_magnitude_ratio: [0.08003386110067368, 0.052872929722070694, 0.03997151553630829, 0.03284768760204315, 0.029095415025949478, 0.02569519355893135, 0.023647164925932884, 0.022049903869628906, 0.02113775536417961, 0.02031136490404606, 0.019437963142991066, 0.01816922053694725, 0.017149610444903374, 0.016460014507174492, 0.015971563756465912, 0.015361281111836433, 0.014640496112406254, 0.01379700843244791, 0.013022092171013355, 0.012437093071639538, 0.012045800685882568, 0.011540373787283897, 0.011034945957362652, 0.010567907243967056, 0.01014025416225195, 0.009817863814532757, 0.009564070031046867, 0.009354870766401291, 0.009240826591849327, 0.009041126817464828, 0.008718786761164665, 0.008372258394956589, 0.00813260581344366, 0.007909916341304779, 0.007653072010725737, 0.0074110087007284164, 0.007188600022345781, 0.0069556827656924725, 0.0067405495792627335, 0.006532514933496714, 0.006356026045978069, 0.006185197737067938, 0.006040741689503193, 0.005936380010098219, 0.005832221359014511]
test/correction_patch_optimal_scalar: [-0.8108561038970947, -1.5677679777145386, -1.5677615404129028, -3.8394436836242676, -5.1775803565979, -5.202287197113037, -5.120301723480225, -5.476329803466797, -7.524839878082275, -8.135785102844238, -9.967495918273926, -10.721415519714355, -11.955490112304688, -12.010595321655273, -12.16580867767334, -14.021687507629395, -16.789560317993164, -17.20028305053711, -19.087200164794922, -21.11258888244629, -23.15035057067871, -25.439096450805664, -28.79120635986328, -32.14186096191406, -32.64128875732422, -34.34720230102539, -37.756290435791016, -40.43628692626953, -41.820274353027344, -44.00582504272461, -47.82520294189453, -50.158721923828125, -49.905113220214844, -51.65704345703125, -52.554203033447266, -53.328372955322266, -53.812747955322266, -56.413700103759766, -57.95968246459961, -59.57632827758789, -61.7264404296875, -64.58373260498047, -66.67594146728516, -66.15766143798828, -65.15384674072266]
