[train]
train/correction_beneficial_ratio: 0.5417693853378296
train/correction_beneficial_ratio_far: 0.5524585247039795
train/correction_beneficial_ratio_middle: 0.5416926741600037
train/correction_beneficial_ratio_near: 0.5311570167541504
train/correction_cosine_far: 0.07047037780284882
train/correction_cosine_mean: 0.05807410180568695
train/correction_cosine_middle: 0.05796243995428085
train/correction_cosine_near: 0.0457894466817379
train/correction_magnitude_ratio_far: 0.026393599808216095
train/correction_magnitude_ratio_mean: 0.03111189603805542
train/correction_magnitude_ratio_middle: 0.029876792803406715
train/correction_magnitude_ratio_near: 0.037065289914608
train/correction_optimal_scalar_far: 5.383577823638916
train/correction_optimal_scalar_mean: 4.3262038230896
train/correction_optimal_scalar_middle: 4.718060493469238
train/correction_optimal_scalar_near: 2.87697696685791
train/correction_patch_beneficial_ratio: [0.5098889470100403, 0.4992821216583252, 0.5358492732048035, 0.5561838746070862, 0.5527557134628296, 0.5355855822563171, 0.5285534262657166, 0.5450789928436279, 0.5513492822647095, 0.5556857585906982, 0.5400978922843933, 0.5236016511917114, 0.529784083366394, 0.5462509989738464, 0.5546895861625671, 0.5522283315658569, 0.5455184578895569, 0.5455184578895569, 0.5516422986984253, 0.5582349300384521, 0.5593776702880859]
train/correction_patch_cosine: [0.031714532524347305, 0.013223359361290932, 0.04649769142270088, 0.06783220916986465, 0.06411495059728622, 0.052381716668605804, 0.044761478900909424, 0.05495845898985863, 0.063328817486763, 0.06716172397136688, 0.06140098348259926, 0.04750801622867584, 0.048451829701662064, 0.06292740255594254, 0.07044395804405212, 0.06884521245956421, 0.06715845316648483, 0.07047553360462189, 0.07142974436283112, 0.07136877626180649, 0.07357125729322433]
train/correction_patch_magnitude_ratio: [0.052642662078142166, 0.03888249397277832, 0.03446890041232109, 0.03287697210907936, 0.03279968351125717, 0.034582000225782394, 0.03320419788360596, 0.02977885864675045, 0.02861945517361164, 0.02926604636013508, 0.03063129633665085, 0.032129544764757156, 0.031140072271227837, 0.02757236175239086, 0.025989370420575142, 0.02710101008415222, 0.028447991237044334, 0.028662534430623055, 0.027120154350996017, 0.02432725764811039, 0.023106899112462997]
train/correction_patch_optimal_scalar: [1.5168377161026, 1.6130151748657227, 2.6629176139831543, 3.3959054946899414, 4.196584224700928, 3.773383140563965, 2.9802095890045166, 3.473798990249634, 4.453705787658691, 5.825710773468018, 5.902952671051025, 5.143611431121826, 3.891934871673584, 4.334690570831299, 5.022994518280029, 6.326237201690674, 6.433060646057129, 5.253683090209961, 4.320369720458984, 4.64656400680542, 5.682112216949463]
[test]
test/correction_beneficial_ratio: 0.5199224948883057
test/correction_beneficial_ratio_far: 0.550597071647644
test/correction_beneficial_ratio_middle: 0.5154479742050171
test/correction_beneficial_ratio_near: 0.49372246861457825
test/correction_cosine_far: 0.06704086810350418
test/correction_cosine_mean: 0.03443062677979469
test/correction_cosine_middle: 0.028047658503055573
test/correction_cosine_near: 0.008203348144888878
test/correction_magnitude_ratio_far: 0.025172891095280647
test/correction_magnitude_ratio_mean: 0.029090918600559235
test/correction_magnitude_ratio_middle: 0.027509000152349472
test/correction_magnitude_ratio_near: 0.03459089994430542
test/correction_optimal_scalar_far: 7.278065204620361
test/correction_optimal_scalar_mean: 5.145263671875
test/correction_optimal_scalar_middle: 5.046266555786133
test/correction_optimal_scalar_near: 3.1114587783813477
test/correction_patch_beneficial_ratio: [0.4529280364513397, 0.46401429176330566, 0.51604825258255, 0.5156012773513794, 0.5003129243850708, 0.5126508474349976, 0.4945015609264374, 0.4891372323036194, 0.5156906843185425, 0.5218596458435059, 0.5249888300895691, 0.5233795046806335, 0.515154242515564, 0.5179257988929749, 0.5376843810081482, 0.5374161601066589, 0.5429593324661255, 0.5705856084823608, 0.5575324296951294, 0.5543138384819031, 0.5536879897117615]
test/correction_patch_cosine: [-0.01168118603527546, -0.030643470585346222, 0.020962370559573174, 0.02554040215909481, 0.015431643463671207, 0.0241844542324543, 0.013629297725856304, 0.0044424692168831825, 0.02678191475570202, 0.03535887598991394, 0.029536664485931396, 0.03201698511838913, 0.0299855824559927, 0.038211263716220856, 0.056514572352170944, 0.05848298594355583, 0.059763360768556595, 0.08290930837392807, 0.07865739613771439, 0.06635762006044388, 0.06660059094429016]
test/correction_patch_magnitude_ratio: [0.05034571886062622, 0.036779966205358505, 0.03267372027039528, 0.030863797292113304, 0.029627960175275803, 0.03139527142047882, 0.030449727550148964, 0.0269645843654871, 0.0260444488376379, 0.02659287303686142, 0.027694933116436005, 0.029643232002854347, 0.029403049498796463, 0.026219764724373817, 0.024706408381462097, 0.02535698376595974, 0.026661450043320656, 0.027331357821822166, 0.026234852150082588, 0.02342931553721428, 0.02248988300561905]
test/correction_patch_optimal_scalar: [1.1566526889801025, 1.2371541261672974, 3.3073770999908447, 4.439355850219727, 3.720672845840454, 5.006556510925293, 2.9124364852905273, 2.3609766960144043, 5.2257304191589355, 6.974912166595459, 6.215534210205078, 6.324893951416016, 4.20013952255249, 4.0216803550720215, 7.213160991668701, 6.198513507843018, 6.925173759460449, 8.241738319396973, 6.861618995666504, 6.7736287117004395, 8.732617378234863]
