[train]
train/correction_beneficial_ratio: 0.5578687191009521
train/correction_beneficial_ratio_far: 0.5561535954475403
train/correction_beneficial_ratio_middle: 0.5846530199050903
train/correction_beneficial_ratio_near: 0.5327995419502258
train/correction_cosine_far: 0.0629219114780426
train/correction_cosine_mean: 0.061975251883268356
train/correction_cosine_middle: 0.08438694477081299
train/correction_cosine_near: 0.03861680254340172
train/correction_magnitude_ratio_far: 0.003768644528463483
train/correction_magnitude_ratio_mean: 0.0055141570046544075
train/correction_magnitude_ratio_middle: 0.004838833585381508
train/correction_magnitude_ratio_near: 0.007934991270303726
train/correction_optimal_scalar_far: 29.781435012817383
train/correction_optimal_scalar_mean: 25.0150089263916
train/correction_optimal_scalar_middle: 31.249858856201172
train/correction_optimal_scalar_near: 14.013736724853516
train/correction_patch_beneficial_ratio: [0.5346975326538086, 0.5024465918540955, 0.49977758526802063, 0.5120106935501099, 0.5169039368629456, 0.5102313160896301, 0.5291370153427124, 0.5309163928031921, 0.5229092240333557, 0.5398131608963013, 0.541592538356781, 0.5647242069244385, 0.564056932926178, 0.5620551705360413, 0.5607206225395203, 0.5711743831634521, 0.583185076713562, 0.5860764980316162, 0.5794039368629456, 0.5805160403251648, 0.583407461643219, 0.5845195651054382, 0.5936387777328491, 0.5905249118804932, 0.5963078141212463, 0.5927491188049316, 0.5871886014938354, 0.5838522911071777, 0.5827401876449585, 0.5745106935501099, 0.5691726207733154, 0.5658363103866577, 0.559608519077301, 0.5622775554656982, 0.5536032319068909, 0.5433719158172607, 0.5424821972846985, 0.5480427145957947, 0.5516014099121094, 0.5556049942970276, 0.5560498237609863, 0.5589413046836853, 0.5558273792266846, 0.559386134147644, 0.5604982376098633]
train/correction_patch_cosine: [0.06033632531762123, 0.0018288164865225554, 0.01332736574113369, 0.017525644972920418, 0.01404673233628273, 0.007014849688857794, 0.02264195866882801, 0.03127061948180199, 0.03657739609479904, 0.05056508630514145, 0.06160906329751015, 0.07215091586112976, 0.06359270215034485, 0.06702630966901779, 0.059738416224718094, 0.06541557610034943, 0.07364543527364731, 0.07654279470443726, 0.07625429332256317, 0.07591983675956726, 0.07513292878866196, 0.08175570517778397, 0.08724555373191833, 0.09255687147378922, 0.09533791989088058, 0.09695636481046677, 0.0944354385137558, 0.09394105523824692, 0.09270630031824112, 0.0879581943154335, 0.08643072843551636, 0.07940606027841568, 0.07135698944330215, 0.06995376199483871, 0.06485677510499954, 0.0600486695766449, 0.05627024546265602, 0.05806988850235939, 0.05778653547167778, 0.05603183060884476, 0.05452753230929375, 0.054999079555273056, 0.05639326199889183, 0.05815256014466286, 0.05954578146338463]
train/correction_patch_magnitude_ratio: [0.017611145973205566, 0.011920791119337082, 0.009874993935227394, 0.008688111789524555, 0.00794123113155365, 0.007461629342287779, 0.006924008950591087, 0.0065024737268686295, 0.0063041821122169495, 0.0061218999326229095, 0.006001636385917664, 0.005939497146755457, 0.005974129773676395, 0.005884905345737934, 0.005874235183000565, 0.005758416373282671, 0.005543854553252459, 0.00531044602394104, 0.005135631654411554, 0.0050877854228019714, 0.0050428519025444984, 0.004914078861474991, 0.004875390324741602, 0.004791299346834421, 0.004681127145886421, 0.0045137666165828705, 0.004408595152199268, 0.004277772270143032, 0.0041557676158845425, 0.004085724242031574, 0.0040514194406569, 0.004039529711008072, 0.004053408745676279, 0.003994153346866369, 0.003911285195499659, 0.00382476975210011, 0.00377597170881927, 0.0037234139163047075, 0.003681943053379655, 0.0036542373709380627, 0.0035872829612344503, 0.003536412725225091, 0.0035409240517765284, 0.00356745976023376, 0.0035874652676284313]
train/correction_patch_optimal_scalar: [4.441296100616455, 4.4227776527404785, 8.33683967590332, 9.866606712341309, 9.512989044189453, 8.344121932983398, 10.299773216247559, 12.245126724243164, 12.604262351989746, 16.251264572143555, 20.75318717956543, 23.8713436126709, 22.465003967285156, 24.123546600341797, 22.667795181274414, 23.770057678222656, 24.68023109436035, 25.627967834472656, 27.972326278686523, 28.3272762298584, 28.047409057617188, 31.90958023071289, 34.89891815185547, 35.237518310546875, 35.54502487182617, 36.594200134277344, 34.6768684387207, 34.27751541137695, 34.13047790527344, 33.0527458190918, 32.67512130737305, 30.605009078979492, 28.77115821838379, 29.36009407043457, 28.374568939208984, 27.336585998535156, 26.089725494384766, 27.297842025756836, 28.97452163696289, 29.147676467895508, 28.840438842773438, 30.245576858520508, 31.981081008911133, 33.381046295166016, 33.640995025634766]
[test]
test/correction_beneficial_ratio: 0.42670565843582153
test/correction_beneficial_ratio_far: 0.3663325011730194
test/correction_beneficial_ratio_middle: 0.4287385046482086
test/correction_beneficial_ratio_near: 0.4850459396839142
test/correction_cosine_far: -0.17916421592235565
test/correction_cosine_mean: -0.09854578971862793
test/correction_cosine_middle: -0.09730026870965958
test/correction_cosine_near: -0.019172662869095802
test/correction_magnitude_ratio_far: 0.0026862695813179016
test/correction_magnitude_ratio_mean: 0.004716590978205204
test/correction_magnitude_ratio_middle: 0.004034760873764753
test/correction_magnitude_ratio_near: 0.007428744807839394
test/correction_optimal_scalar_far: -121.39417266845703
test/correction_optimal_scalar_mean: -62.491004943847656
test/correction_optimal_scalar_middle: -55.66112518310547
test/correction_optimal_scalar_near: -10.417649269104004
test/correction_patch_beneficial_ratio: [0.6052631735801697, 0.5827067494392395, 0.6265664100646973, 0.5952380895614624, 0.5839598774909973, 0.523809552192688, 0.4862155318260193, 0.42355889081954956, 0.3796992599964142, 0.38471177220344543, 0.39849624037742615, 0.429824560880661, 0.41102758049964905, 0.4197995066642761, 0.4248120188713074, 0.4135338366031647, 0.4273183047771454, 0.4260651767253876, 0.4498746991157532, 0.4398496150970459, 0.44611528515815735, 0.47117793560028076, 0.4661654233932495, 0.43358394503593445, 0.4260651767253876, 0.4160400927066803, 0.4310776889324188, 0.41102758049964905, 0.38721805810928345, 0.38596490025520325, 0.38721805810928345, 0.3822055160999298, 0.3897243142127991, 0.3934836983680725, 0.38471177220344543, 0.3709273040294647, 0.3696741759777069, 0.3709273040294647, 0.36466166377067566, 0.3483709394931793, 0.3583959937095642, 0.34962406754493713, 0.3433583974838257, 0.3433583974838257, 0.33834585547447205]
test/correction_patch_cosine: [0.08812854439020157, 0.09337791055440903, 0.12355774641036987, 0.12528227269649506, 0.0910203754901886, 0.03265193849802017, -0.023115428164601326, -0.06704163551330566, -0.09133005887269974, -0.09649907797574997, -0.0998838022351265, -0.10030508041381836, -0.11941062659025192, -0.1239013746380806, -0.12012168765068054, -0.09729605168104172, -0.07940547168254852, -0.07030288875102997, -0.06079133227467537, -0.05920080468058586, -0.07042881846427917, -0.07108999788761139, -0.0836019292473793, -0.10763415694236755, -0.11661842465400696, -0.12118986248970032, -0.11528822034597397, -0.12188775092363358, -0.13920053839683533, -0.1455688327550888, -0.1453143209218979, -0.15053030848503113, -0.16015005111694336, -0.16155464947223663, -0.16405154764652252, -0.1677725613117218, -0.17479880154132843, -0.18218816816806793, -0.18414558470249176, -0.1917141228914261, -0.19095510244369507, -0.1989615261554718, -0.20340727269649506, -0.20586130023002625, -0.20606021583080292]
test/correction_patch_magnitude_ratio: [0.016157975420355797, 0.0108328927308321, 0.00905575044453144, 0.008074942976236343, 0.007280961610376835, 0.006707286927849054, 0.0063478825613856316, 0.006039620842784643, 0.0059548052959144115, 0.0060286251828074455, 0.0059381527826189995, 0.005766722839325666, 0.005799405742436647, 0.005714958067983389, 0.005731160752475262, 0.00547211105003953, 0.005102948751300573, 0.004919616971164942, 0.0047225733287632465, 0.00451096473261714, 0.004225459415465593, 0.004007951356470585, 0.003870388027280569, 0.0036981552839279175, 0.0035831956192851067, 0.0034466455690562725, 0.003357930574566126, 0.003264249302446842, 0.0031739072874188423, 0.0031653090845793486, 0.003130081109702587, 0.003091648919507861, 0.003079562447965145, 0.002993391826748848, 0.002915784018114209, 0.0028310592751950026, 0.0027505685575306416, 0.002626630710437894, 0.002551201032474637, 0.002471273299306631, 0.002391505055129528, 0.0023334743455052376, 0.0023457964416593313, 0.00238491827622056, 0.00239716493524611]
test/correction_patch_optimal_scalar: [6.782924175262451, 13.403799057006836, 23.186382293701172, 23.991037368774414, 16.816619873046875, 8.987001419067383, 1.485925555229187, -8.35910415649414, -16.86237144470215, -26.442176818847656, -31.132509231567383, -35.3560676574707, -41.633724212646484, -45.249088287353516, -45.883262634277344, -43.721378326416016, -43.91059494018555, -46.6673698425293, -46.58930206298828, -42.72804260253906, -45.350589752197266, -44.689430236816406, -49.24235916137695, -57.61893844604492, -58.51206588745117, -58.97378158569336, -60.337799072265625, -66.42546844482422, -80.79285430908203, -89.35718536376953, -97.87406921386719, -104.28608703613281, -113.20458221435547, -117.72638702392578, -120.63395690917969, -120.33972930908203, -119.33828735351562, -123.80786895751953, -123.35453796386719, -125.94147491455078, -125.83711242675781, -132.92001342773438, -136.8736114501953, -132.9084014892578, -125.86750793457031]
