[train]
train/correction_beneficial_ratio: 0.528218150138855
train/correction_beneficial_ratio_far: 0.5411308407783508
train/correction_beneficial_ratio_middle: 0.5298539996147156
train/correction_beneficial_ratio_near: 0.5136696696281433
train/correction_cosine_far: 0.04242485389113426
train/correction_cosine_mean: 0.03220608830451965
train/correction_cosine_middle: 0.03503289818763733
train/correction_cosine_near: 0.01916053704917431
train/correction_magnitude_ratio_far: 0.012541742995381355
train/correction_magnitude_ratio_mean: 0.014714968390762806
train/correction_magnitude_ratio_middle: 0.013950438238680363
train/correction_magnitude_ratio_near: 0.01765270158648491
train/correction_optimal_scalar_far: 6.351950168609619
train/correction_optimal_scalar_mean: 4.6525115966796875
train/correction_optimal_scalar_middle: 5.235215663909912
train/correction_optimal_scalar_near: 2.370368003845215
train/correction_patch_beneficial_ratio: [0.49738091230392456, 0.5100499391555786, 0.514435350894928, 0.5105372071266174, 0.5202826261520386, 0.5241807699203491, 0.5188208222389221, 0.5240589380264282, 0.5323425531387329, 0.5295407772064209, 0.5323425531387329, 0.5308807492256165, 0.5232062339782715, 0.5366061925888062, 0.5396515727043152, 0.5437933802604675, 0.555122435092926, 0.5419661402702332, 0.5389207005500793, 0.534778892993927, 0.5336825251579285]
train/correction_patch_cosine: [0.009814949706196785, 0.014611559920012951, 0.015508430078625679, 0.01670149154961109, 0.02319890819489956, 0.026209017261862755, 0.0280793197453022, 0.028121139854192734, 0.03828948736190796, 0.03728192299604416, 0.033748824149370193, 0.038180749863386154, 0.03304142504930496, 0.03656648471951485, 0.037515196949243546, 0.040574997663497925, 0.05337074398994446, 0.04769052192568779, 0.038498569279909134, 0.0393218994140625, 0.04000220075249672]
train/correction_patch_magnitude_ratio: [0.02204776555299759, 0.019099120050668716, 0.018034858629107475, 0.016835477203130722, 0.016371972858905792, 0.015931133180856705, 0.015248684212565422, 0.014903975650668144, 0.014525986276566982, 0.014073777943849564, 0.013877328485250473, 0.013651151210069656, 0.013375124894082546, 0.013245703652501106, 0.0132005475461483, 0.012872114777565002, 0.012810434214770794, 0.012598306871950626, 0.012195221148431301, 0.012113294564187527, 0.012002360075712204]
train/correction_patch_optimal_scalar: [0.5618917942047119, 1.2317677736282349, 1.9590668678283691, 2.3894317150115967, 3.113279342651367, 3.509364366531372, 3.8277628421783447, 4.079102516174316, 5.199375152587891, 5.338142395019531, 5.251308441162109, 5.483481407165527, 5.399654865264893, 5.8954668045043945, 5.798336982727051, 5.7924275398254395, 6.977986812591553, 6.678221225738525, 6.301262855529785, 6.488577842712402, 6.4268317222595215]
[test]
test/correction_beneficial_ratio: 0.5221442580223083
test/correction_beneficial_ratio_far: 0.5414538383483887
test/correction_beneficial_ratio_middle: 0.5459444522857666
test/correction_beneficial_ratio_near: 0.47903451323509216
test/correction_cosine_far: 0.06533672660589218
test/correction_cosine_mean: 0.04084615409374237
test/correction_cosine_middle: 0.06121252849698067
test/correction_cosine_near: -0.004010696895420551
test/correction_magnitude_ratio_far: 0.011988787911832333
test/correction_magnitude_ratio_mean: 0.01335617434233427
test/correction_magnitude_ratio_middle: 0.01284659281373024
test/correction_magnitude_ratio_near: 0.015233165584504604
test/correction_optimal_scalar_far: 6.984835624694824
test/correction_optimal_scalar_mean: 4.6346755027771
test/correction_optimal_scalar_middle: 6.077259540557861
test/correction_optimal_scalar_near: 0.841928243637085
test/correction_patch_beneficial_ratio: [0.4550098180770874, 0.4306483268737793, 0.4565815329551697, 0.48526522517204285, 0.5088408589363098, 0.5104125738143921, 0.5064833164215088, 0.5328094363212585, 0.519842803478241, 0.5426326394081116, 0.5563850402832031, 0.5532416701316833, 0.5579567551612854, 0.5587426424026489, 0.5520628690719604, 0.5838899612426758, 0.5752455592155457, 0.5304518938064575, 0.5194498896598816, 0.5155206322669983, 0.5135560035705566]
test/correction_patch_cosine: [-0.03191163018345833, -0.04445149004459381, -0.03020968660712242, -0.00591137632727623, 0.02167019248008728, 0.03356394171714783, 0.0291751641780138, 0.042892955243587494, 0.05257229134440422, 0.055218882858753204, 0.061810560524463654, 0.07338908314704895, 0.06900237500667572, 0.07360150665044785, 0.07935383170843124, 0.08880254626274109, 0.08172857016324997, 0.06527653336524963, 0.044255658984184265, 0.045277103781700134, 0.052662212401628494]
test/correction_patch_magnitude_ratio: [0.01807980239391327, 0.016377044841647148, 0.01541849784553051, 0.014606183394789696, 0.014312921091914177, 0.014050113037228584, 0.013787591829895973, 0.013609595596790314, 0.013434023596346378, 0.012941957451403141, 0.012787860818207264, 0.01267107855528593, 0.012261851690709591, 0.012219701893627644, 0.012342424131929874, 0.01193288154900074, 0.012149064801633358, 0.012107604183256626, 0.011799712665379047, 0.011885310523211956, 0.011704451404511929]
test/correction_patch_optimal_scalar: [-0.9596332311630249, -2.1791656017303467, -1.931911587715149, 0.43818968534469604, 2.9392127990722656, 3.8104746341705322, 3.7763283252716064, 5.098598957061768, 5.458487033843994, 5.467207431793213, 5.691575050354004, 6.837233066558838, 6.380343914031982, 7.607391357421875, 8.053619384765625, 9.01956844329834, 8.898930549621582, 7.243616580963135, 5.881252288818359, 4.915073394775391, 4.881789207458496]
