[train]
train/correction_beneficial_ratio: 0.44985342025756836
train/correction_beneficial_ratio_far: 0.4607769548892975
train/correction_beneficial_ratio_middle: 0.44492533802986145
train/correction_beneficial_ratio_near: 0.44385796785354614
train/correction_cosine_far: -0.03264699503779411
train/correction_cosine_mean: -0.040957722812891006
train/correction_cosine_middle: -0.04754391312599182
train/correction_cosine_near: -0.04268229007720947
train/correction_magnitude_ratio_far: 0.011124707758426666
train/correction_magnitude_ratio_mean: 0.01723881997168064
train/correction_magnitude_ratio_middle: 0.01374539639800787
train/correction_magnitude_ratio_near: 0.026846347376704216
train/correction_optimal_scalar_far: 5.7349934577941895
train/correction_optimal_scalar_mean: 2.3181400299072266
train/correction_optimal_scalar_middle: 2.109255075454712
train/correction_optimal_scalar_near: -0.8898433446884155
train/correction_patch_beneficial_ratio: [0.4587887227535248, 0.4291072189807892, 0.45102405548095703, 0.4662896692752838, 0.4396554231643677, 0.42406749725341797, 0.43807318806648254, 0.43675467371940613, 0.43335580825805664, 0.43584635853767395, 0.4528699815273285, 0.44909021258354187, 0.45629817247390747, 0.45026224851608276, 0.4435817003250122, 0.4474200904369354, 0.4670514762401581, 0.4722670018672943, 0.47871312499046326, 0.46819421648979187, 0.4482111930847168]
train/correction_patch_cosine: [-0.015078507363796234, -0.054123394191265106, -0.03614461421966553, -0.02482866309583187, -0.04930579662322998, -0.0678204745054245, -0.05147453397512436, -0.05200836434960365, -0.056557852774858475, -0.05488671734929085, -0.04469475895166397, -0.04600733891129494, -0.03787480294704437, -0.04077742248773575, -0.04623284563422203, -0.04062536731362343, -0.025398848578333855, -0.019292177632451057, -0.014581931754946709, -0.03146875277161598, -0.05092904716730118]
train/correction_patch_magnitude_ratio: [0.043978288769721985, 0.03114268369972706, 0.02570541389286518, 0.024669282138347626, 0.023096688091754913, 0.021168947219848633, 0.018163178116083145, 0.01602056249976158, 0.014983929693698883, 0.014292128384113312, 0.013762145303189754, 0.01316796988248825, 0.012339916080236435, 0.011651106178760529, 0.011433672159910202, 0.011586065404117107, 0.011728274635970592, 0.011337030678987503, 0.010792422108352184, 0.01045891921967268, 0.010536571964621544]
train/correction_patch_optimal_scalar: [-0.16411814093589783, -1.452224612236023, -1.4561773538589478, -0.3947295546531677, -1.4848976135253906, -1.4155880212783813, 0.1388319730758667, 0.728147029876709, 1.7545489072799683, 0.715827226638794, 1.5468192100524902, 2.4948906898498535, 2.951409339904785, 4.573167324066162, 4.600517749786377, 6.704928398132324, 7.558633804321289, 7.204024314880371, 6.969568252563477, 5.099996089935303, 2.0073626041412354]
[test]
test/correction_beneficial_ratio: 0.3652127683162689
test/correction_beneficial_ratio_far: 0.3686697781085968
test/correction_beneficial_ratio_middle: 0.3541094660758972
test/correction_beneficial_ratio_near: 0.37285906076431274
test/correction_cosine_far: -0.13302256166934967
test/correction_cosine_mean: -0.13184954226016998
test/correction_cosine_middle: -0.14493371546268463
test/correction_cosine_near: -0.11759231984615326
test/correction_magnitude_ratio_far: 0.010717952623963356
test/correction_magnitude_ratio_mean: 0.016600213944911957
test/correction_magnitude_ratio_middle: 0.012963153421878815
test/correction_magnitude_ratio_near: 0.02611951343715191
test/correction_optimal_scalar_far: -15.329997062683105
test/correction_optimal_scalar_mean: -10.85244083404541
test/correction_optimal_scalar_middle: -11.984362602233887
test/correction_optimal_scalar_near: -5.242967128753662
test/correction_patch_beneficial_ratio: [0.4059901535511017, 0.37961554527282715, 0.37291014194488525, 0.3667411804199219, 0.36352258920669556, 0.3566383421421051, 0.3645954430103302, 0.3591417074203491, 0.3404559791088104, 0.3392936885356903, 0.35753241181373596, 0.3512740135192871, 0.36477425694465637, 0.36629414558410645, 0.3566383421421051, 0.35377737879753113, 0.3694233298301697, 0.38292354345321655, 0.39141708612442017, 0.3746088445186615, 0.3518998622894287]
test/correction_patch_cosine: [-0.0670928955078125, -0.10581458359956741, -0.11564300954341888, -0.12970085442066193, -0.13237793743610382, -0.1396268755197525, -0.13288989663124084, -0.1403794139623642, -0.15531127154827118, -0.16165447235107422, -0.14553169906139374, -0.1468329280614853, -0.13351145386695862, -0.13131460547447205, -0.14699941873550415, -0.15100103616714478, -0.13227690756320953, -0.11747802048921585, -0.10838045924901962, -0.12281937897205353, -0.15220335125923157]
test/correction_patch_magnitude_ratio: [0.042325329035520554, 0.030950237065553665, 0.02527056820690632, 0.024256909266114235, 0.022591814398765564, 0.020494623109698296, 0.016947301104664803, 0.014837964437901974, 0.013702398166060448, 0.01327455136924982, 0.013040896505117416, 0.012880888767540455, 0.011828282848000526, 0.01117708720266819, 0.011016322299838066, 0.011130006052553654, 0.011299766600131989, 0.011114104650914669, 0.010407758876681328, 0.01002543419599533, 0.010032234713435173]
test/correction_patch_optimal_scalar: [-2.345654249191284, -4.261226177215576, -4.991668701171875, -5.523016452789307, -5.328285217285156, -6.092917442321777, -8.157989501953125, -9.36884880065918, -11.340983390808105, -12.649574279785156, -11.722543716430664, -12.784276962280273, -12.575834274291992, -13.448453903198242, -15.012913703918457, -14.62499713897705, -13.817708015441895, -13.172194480895996, -12.499212265014648, -16.418546676635742, -21.764415740966797]
