[train]
train/correction_beneficial_ratio: 0.5190292596817017
train/correction_beneficial_ratio_far: 0.5216933488845825
train/correction_beneficial_ratio_middle: 0.5415628552436829
train/correction_beneficial_ratio_near: 0.4938315451145172
train/correction_cosine_far: 0.01788131333887577
train/correction_cosine_mean: 0.021766413003206253
train/correction_cosine_middle: 0.04202001169323921
train/correction_cosine_near: 0.005397895351052284
train/correction_magnitude_ratio_far: 0.010199036449193954
train/correction_magnitude_ratio_mean: 0.013966942206025124
train/correction_magnitude_ratio_middle: 0.011586502194404602
train/correction_magnitude_ratio_near: 0.020115289837121964
train/correction_optimal_scalar_far: 7.789276599884033
train/correction_optimal_scalar_mean: 5.284090995788574
train/correction_optimal_scalar_middle: 7.384675025939941
train/correction_optimal_scalar_near: 0.6783372163772583
train/correction_patch_beneficial_ratio: [0.4483985900878906, 0.4397242069244385, 0.4290480315685272, 0.41903916001319885, 0.4421708285808563, 0.47464412450790405, 0.49421706795692444, 0.5100088715553284, 0.5189056992530823, 0.5286921858787537, 0.5271352529525757, 0.5395907759666443, 0.5471529960632324, 0.5435943007469177, 0.5451512336730957, 0.5407028198242188, 0.5427046418190002, 0.5513790249824524, 0.5582740306854248, 0.5567170977592468, 0.5527135133743286, 0.538701057434082, 0.5369216799736023, 0.54025799036026, 0.5393683314323425, 0.5391458868980408, 0.5300266742706299, 0.5320284962654114, 0.5286921858787537, 0.5358096361160278, 0.5300266742706299, 0.5217971801757812, 0.5186832547187805, 0.5242437720298767, 0.5217971801757812, 0.5124555230140686, 0.504448413848877, 0.5180160403251648, 0.52224200963974, 0.523798942565918, 0.5280249118804932, 0.5311387777328491, 0.5249110460281372, 0.5246886014938354, 0.5191280841827393]
train/correction_patch_cosine: [-0.026183977723121643, -0.043950024992227554, -0.048370953649282455, -0.050600580871105194, -0.03659422695636749, -0.011948665603995323, 0.0070398543030023575, 0.0215043555945158, 0.027103735134005547, 0.034405097365379333, 0.03592389449477196, 0.038220200687646866, 0.04491793364286423, 0.04550466686487198, 0.043997056782245636, 0.04145444557070732, 0.04124860838055611, 0.04639996215701103, 0.04828721284866333, 0.04573192819952965, 0.046640265733003616, 0.04290955886244774, 0.038482122123241425, 0.039728421717882156, 0.04359365999698639, 0.04116654023528099, 0.03861846402287483, 0.03906860575079918, 0.03901330381631851, 0.037957534193992615, 0.0345507450401783, 0.028889799490571022, 0.02329854480922222, 0.01946815475821495, 0.01611238345503807, 0.013523980975151062, 0.011881621554493904, 0.012903952971100807, 0.013207483105361462, 0.01154572144150734, 0.01247736718505621, 0.015200375579297543, 0.017520135268568993, 0.018915949389338493, 0.018723485991358757]
train/correction_patch_magnitude_ratio: [0.04967781901359558, 0.03129545599222183, 0.025473060086369514, 0.022094251587986946, 0.01999053917825222, 0.01866341196000576, 0.01739785633981228, 0.01634674146771431, 0.015682848170399666, 0.014996316283941269, 0.014648552983999252, 0.014511676505208015, 0.014031704515218735, 0.013588926754891872, 0.013330214656889439, 0.013152176514267921, 0.01279809232801199, 0.012310738675296307, 0.011965502984821796, 0.011779000982642174, 0.01166667602956295, 0.01158259715884924, 0.011607838794589043, 0.011518183164298534, 0.011238746345043182, 0.011096034198999405, 0.011044754646718502, 0.010831453837454319, 0.01065091323107481, 0.010554865933954716, 0.010483773425221443, 0.010455179959535599, 0.010494512505829334, 0.010507429018616676, 0.010443598963320255, 0.010377880185842514, 0.010341720655560493, 0.010238077491521835, 0.010144314728677273, 0.010072245262563229, 0.009931650944054127, 0.009855284355580807, 0.009842791594564915, 0.009866060689091682, 0.009931000880897045]
train/correction_patch_optimal_scalar: [-0.6006888151168823, -1.7128896713256836, -1.8737579584121704, -2.5042030811309814, -2.013148307800293, -0.6026694178581238, 0.49427780508995056, 1.5903098583221436, 1.1299588680267334, 1.7696595191955566, 2.2056238651275635, 2.680293083190918, 2.792721748352051, 2.8437325954437256, 3.9757778644561768, 4.345870018005371, 4.445945739746094, 5.4479289054870605, 6.4797258377075195, 7.200875759124756, 7.968675136566162, 8.25747299194336, 8.056196212768555, 7.940795421600342, 8.627959251403809, 9.009157180786133, 8.515395164489746, 8.009535789489746, 8.126141548156738, 8.338482856750488, 8.021081924438477, 7.32255220413208, 7.080678462982178, 7.295670986175537, 7.360620021820068, 7.401716232299805, 6.94607400894165, 7.034807205200195, 7.483038902282715, 7.406641006469727, 7.904750347137451, 8.492767333984375, 8.799561500549316, 9.071734428405762, 9.217238426208496]
[test]
test/correction_beneficial_ratio: 0.26719576120376587
test/correction_beneficial_ratio_far: 0.1747702658176422
test/correction_beneficial_ratio_middle: 0.27360066771507263
test/correction_beneficial_ratio_near: 0.35321637988090515
test/correction_cosine_far: -0.40363091230392456
test/correction_cosine_mean: -0.2753218114376068
test/correction_cosine_middle: -0.2719416320323944
test/correction_cosine_near: -0.15039308369159698
test/correction_magnitude_ratio_far: 0.007028590887784958
test/correction_magnitude_ratio_mean: 0.01104944758117199
test/correction_magnitude_ratio_middle: 0.009350547567009926
test/correction_magnitude_ratio_near: 0.016769180074334145
test/correction_optimal_scalar_far: -77.43596649169922
test/correction_optimal_scalar_mean: -46.315982818603516
test/correction_optimal_scalar_middle: -44.950439453125
test/correction_optimal_scalar_near: -16.561548233032227
test/correction_patch_beneficial_ratio: [0.38471177220344543, 0.4423559010028839, 0.4248120188713074, 0.4423559010028839, 0.42355889081954956, 0.42355889081954956, 0.4185463786125183, 0.37593984603881836, 0.35213032364845276, 0.3208020031452179, 0.2744360864162445, 0.2506265640258789, 0.25689223408699036, 0.2506265640258789, 0.25689223408699036, 0.261904776096344, 0.26566416025161743, 0.2719298303127289, 0.2969924807548523, 0.29323309659957886, 0.2969924807548523, 0.2882205545902252, 0.30075186491012573, 0.2756892144680023, 0.28070175647735596, 0.2731829583644867, 0.26817041635513306, 0.2631579041481018, 0.24310776591300964, 0.2243107706308365, 0.20551379024982452, 0.20802004635334015, 0.20676691830158234, 0.19548872113227844, 0.18421052396297455, 0.16917292773723602, 0.16290727257728577, 0.15789473056793213, 0.1553884744644165, 0.1666666716337204, 0.16416040062904358, 0.1541353315114975, 0.15664160251617432, 0.16416040062904358, 0.17042607069015503]
test/correction_patch_cosine: [-0.06922021508216858, -0.05910300090909004, -0.07397490739822388, -0.07795749604701996, -0.10441707074642181, -0.11927653849124908, -0.11561127752065659, -0.12391705811023712, -0.15045882761478424, -0.18105101585388184, -0.2111068069934845, -0.23532462120056152, -0.2381148636341095, -0.2492501586675644, -0.24711278080940247, -0.24444007873535156, -0.24432945251464844, -0.243839830160141, -0.2319699078798294, -0.23004764318466187, -0.24427911639213562, -0.2506347894668579, -0.2555505931377411, -0.2753520905971527, -0.2845223844051361, -0.29450711607933044, -0.29855841398239136, -0.3097156286239624, -0.3276006281375885, -0.34377944469451904, -0.36021921038627625, -0.3632700741291046, -0.36996346712112427, -0.3787613809108734, -0.3832770586013794, -0.3901967704296112, -0.40157565474510193, -0.4212521016597748, -0.42209696769714355, -0.4201163649559021, -0.41899949312210083, -0.4265758991241455, -0.4351629316806793, -0.43425554037094116, -0.42873552441596985]
test/correction_patch_magnitude_ratio: [0.03851117193698883, 0.025758573785424232, 0.021434566006064415, 0.018521610647439957, 0.016668809577822685, 0.015663981437683105, 0.014237351715564728, 0.01314086839556694, 0.012875654734671116, 0.012840778566896915, 0.012587366625666618, 0.012484399601817131, 0.012423647567629814, 0.012249103747308254, 0.012139983475208282, 0.011807331815361977, 0.01113084889948368, 0.010477525182068348, 0.010117224417626858, 0.009696412831544876, 0.009324980899691582, 0.009225132875144482, 0.009158171713352203, 0.00899166613817215, 0.008738734759390354, 0.008534419350326061, 0.008479312993586063, 0.008316878229379654, 0.008158429525792599, 0.008101324550807476, 0.00796183105558157, 0.007745519280433655, 0.007596300449222326, 0.007544178050011396, 0.007462603505700827, 0.007396824657917023, 0.00725571671500802, 0.006991768721491098, 0.006835905369371176, 0.00668333051726222, 0.006453508045524359, 0.006360834464430809, 0.006336682941764593, 0.006379694677889347, 0.006424203980714083]
test/correction_patch_optimal_scalar: [-2.391068696975708, -3.4317874908447266, -1.74851393699646, -2.6058428287506104, -8.74787425994873, -10.783747673034668, -11.934064865112305, -13.687536239624023, -17.688461303710938, -22.57768440246582, -26.766565322875977, -29.652698516845703, -29.942909240722656, -32.812191009521484, -33.652313232421875, -34.25830841064453, -35.252166748046875, -37.075340270996094, -37.282386779785156, -38.92918395996094, -41.66566848754883, -42.734031677246094, -43.88993835449219, -47.528404235839844, -48.60519027709961, -48.815853118896484, -48.476043701171875, -51.91465377807617, -56.91445541381836, -60.91474914550781, -65.68451690673828, -67.83180236816406, -70.27161407470703, -72.04363250732422, -74.0946273803711, -75.30703735351562, -76.58168029785156, -80.36674499511719, -81.23543548583984, -81.80303192138672, -81.18743133544922, -83.21464538574219, -85.5286636352539, -84.68659210205078, -81.70225524902344]
