[train]
train/correction_beneficial_ratio: 0.4815363883972168
train/correction_beneficial_ratio_far: 0.5004047155380249
train/correction_beneficial_ratio_middle: 0.4840894639492035
train/correction_beneficial_ratio_near: 0.4601150155067444
train/correction_cosine_far: 0.005397050641477108
train/correction_cosine_mean: -0.004509816411882639
train/correction_cosine_middle: 0.0007301619625650346
train/correction_cosine_near: -0.01965668797492981
train/correction_magnitude_ratio_far: 0.01434607058763504
train/correction_magnitude_ratio_mean: 0.017609428614377975
train/correction_magnitude_ratio_middle: 0.01673099771142006
train/correction_magnitude_ratio_near: 0.021751217544078827
train/correction_optimal_scalar_far: 1.4213752746582031
train/correction_optimal_scalar_mean: 0.9612817764282227
train/correction_optimal_scalar_middle: 1.3858083486557007
train/correction_optimal_scalar_near: 0.07666157186031342
train/correction_patch_beneficial_ratio: [0.44255590438842773, 0.453290730714798, 0.4417891502380371, 0.44996803998947144, 0.4608306586742401, 0.45495209097862244, 0.4728434383869171, 0.4713099002838135, 0.4508626163005829, 0.4552076756954193, 0.46236422657966614, 0.4615974426269531, 0.47015973925590515, 0.47654950618743896, 0.4774440824985504, 0.46594250202178955, 0.4794888198375702, 0.4788498282432556, 0.4802556037902832, 0.4727156460285187, 0.47897765040397644, 0.4764217138290405, 0.48255589604377747, 0.4880511164665222, 0.49776357412338257, 0.5026198029518127, 0.48920127749443054, 0.4865175783634186, 0.4950798749923706, 0.4869009554386139, 0.49201276898384094, 0.4964856207370758, 0.48741215467453003, 0.4908626079559326, 0.4861341714859009, 0.5033865571022034, 0.5037699937820435, 0.5015974640846252, 0.5050479173660278, 0.4972524046897888, 0.5104153156280518, 0.5175718665122986, 0.49916931986808777, 0.5068370699882507, 0.5081149935722351]
train/correction_patch_cosine: [-0.02678932063281536, -0.024745890870690346, -0.036456942558288574, -0.032490357756614685, -0.020168369635939598, -0.023656273260712624, -0.013222696259617805, -0.008405521512031555, -0.021073561161756516, -0.020715257152915, -0.020256392657756805, -0.02114085853099823, -0.011692600324749947, -0.0023387945257127285, -0.011697155423462391, -0.015141225419938564, -0.006040025968104601, -0.004158555064350367, -0.00170903408434242, -0.0029404412489384413, -0.0030272887088358402, -0.002493648324161768, 0.003618442453444004, 0.010519435629248619, 0.007443669252097607, 0.011562429368495941, 0.0048641636967659, -0.0027369880117475986, 0.007176094222813845, 0.004015486687421799, 0.00010948205454042181, 0.0063042244873940945, 0.0059529566206038, 0.002508261241018772, -0.000982073717750609, 0.0040695988573133945, 0.003415190614759922, 0.0030945383477956057, 0.00988829042762518, 0.0050111198797822, 0.010342172347009182, 0.013766488991677761, 0.003908058162778616, 0.008465642109513283, 0.005101809278130531]
train/correction_patch_magnitude_ratio: [0.031329404562711716, 0.026126159355044365, 0.02471346966922283, 0.022843871265649796, 0.022725751623511314, 0.022232890129089355, 0.02156471461057663, 0.021103695034980774, 0.020300177857279778, 0.019733594730496407, 0.01916096732020378, 0.018806077539920807, 0.01858503744006157, 0.018663909286260605, 0.01837848126888275, 0.01803939789533615, 0.01797034963965416, 0.01788453198969364, 0.01767159253358841, 0.017357945442199707, 0.017066432163119316, 0.016866205260157585, 0.01665109395980835, 0.016698934137821198, 0.016391359269618988, 0.016161596402525902, 0.01593850739300251, 0.015469391830265522, 0.015492717735469341, 0.015304896980524063, 0.015299025923013687, 0.015332608483731747, 0.015129105187952518, 0.014841631054878235, 0.014640972018241882, 0.014472690410912037, 0.014451929368078709, 0.014122565276920795, 0.014286651276051998, 0.014055090956389904, 0.013994750566780567, 0.013913626782596111, 0.013592453673481941, 0.013605575077235699, 0.013452388346195221]
train/correction_patch_optimal_scalar: [-0.43095719814300537, -0.4223896861076355, -0.5984383821487427, -0.5523271560668945, 0.06513528525829315, -0.06599141657352448, 0.6747424602508545, 0.8547419309616089, 0.24876092374324799, 0.07722100615501404, -0.12316038459539413, -0.4074081778526306, 0.3656601905822754, 1.0775896310806274, 0.3867328464984894, 0.055730581283569336, 0.7258225679397583, 0.8889189958572388, 1.1498080492019653, 1.0760061740875244, 1.0021891593933105, 1.1571310758590698, 1.6963814496994019, 2.303593158721924, 2.0897042751312256, 2.267935037612915, 1.8050909042358398, 1.043421745300293, 1.8316142559051514, 1.693781852722168, 1.29193913936615, 1.7083089351654053, 1.479993224143982, 1.0927737951278687, 0.7548263072967529, 1.1551036834716797, 1.1793283224105835, 1.193533182144165, 2.009185791015625, 1.5344605445861816, 1.8794538974761963, 2.1695425510406494, 1.2909759283065796, 1.5448803901672363, 1.0363373756408691]
[test]
test/correction_beneficial_ratio: 0.43098360300064087
test/correction_beneficial_ratio_far: 0.452629953622818
test/correction_beneficial_ratio_middle: 0.3755977153778076
test/correction_beneficial_ratio_near: 0.4647231101989746
test/correction_cosine_far: -0.03891563415527344
test/correction_cosine_mean: -0.049747955054044724
test/correction_cosine_middle: -0.09426329284906387
test/correction_cosine_near: -0.016064899042248726
test/correction_magnitude_ratio_far: 0.015471991151571274
test/correction_magnitude_ratio_mean: 0.018114572390913963
test/correction_magnitude_ratio_middle: 0.017487501725554466
test/correction_magnitude_ratio_near: 0.021384242922067642
test/correction_optimal_scalar_far: -2.4469523429870605
test/correction_optimal_scalar_mean: -2.5014853477478027
test/correction_optimal_scalar_middle: -5.046935558319092
test/correction_optimal_scalar_near: -0.01056944951415062
test/correction_patch_beneficial_ratio: [0.4396112859249115, 0.41369736194610596, 0.4317445755004883, 0.4164738655090332, 0.46228596568107605, 0.4604349732398987, 0.48542341589927673, 0.5187413096427917, 0.49421563744544983, 0.49236464500427246, 0.49236464500427246, 0.47246643900871277, 0.4604349732398987, 0.4632114768028259, 0.4673762023448944, 0.44238778948783875, 0.41832485795021057, 0.39796391129493713, 0.3743637204170227, 0.3586302697658539, 0.3442850410938263, 0.3280888497829437, 0.3234613537788391, 0.35030078887939453, 0.38917168974876404, 0.4062933921813965, 0.403979629278183, 0.37390097975730896, 0.36464598774909973, 0.35816752910614014, 0.367422491312027, 0.4030541479587555, 0.4238778352737427, 0.4127718508243561, 0.4261915683746338, 0.44470152258872986, 0.48218417167663574, 0.48912540078163147, 0.5229060649871826, 0.4928273856639862, 0.46136048436164856, 0.4516427516937256, 0.4571957290172577, 0.4706154465675354, 0.48357242345809937]
test/correction_patch_cosine: [-0.034841105341911316, -0.04431373253464699, -0.05325924977660179, -0.057051364332437515, -0.012026441283524036, -0.008073954842984676, 0.006510184146463871, 0.02846834994852543, 0.012304292991757393, 0.010587012395262718, -0.0020399915520101786, -0.017657022923231125, -0.02410493604838848, -0.01879771612584591, -0.026677638292312622, -0.046868305653333664, -0.05711060389876366, -0.06936953216791153, -0.09914705902338028, -0.10948622226715088, -0.11054320633411407, -0.13609032332897186, -0.13308019936084747, -0.11050869524478912, -0.09522151201963425, -0.07112523168325424, -0.07684224098920822, -0.10071412473917007, -0.09474655240774155, -0.10309615731239319, -0.10101000964641571, -0.08048781752586365, -0.05642180144786835, -0.06855448335409164, -0.054329268634319305, -0.04133947566151619, -0.014327116310596466, -0.010275570675730705, 0.016249990090727806, -0.014060388319194317, -0.0345933698117733, -0.031118178740143776, -0.042691197246313095, -0.035270728170871735, -0.015505305491387844]
test/correction_patch_magnitude_ratio: [0.027341822162270546, 0.023990191519260406, 0.022641392424702644, 0.021687515079975128, 0.02217116579413414, 0.02179095707833767, 0.021942423656582832, 0.0217449888586998, 0.02070622332394123, 0.020297585055232048, 0.01973624713718891, 0.019376123324036598, 0.01922999508678913, 0.01927926391363144, 0.018827375024557114, 0.018551001325249672, 0.018735719844698906, 0.018649263307452202, 0.018491022288799286, 0.01815531961619854, 0.01746334508061409, 0.017301658168435097, 0.016990315169095993, 0.01692163199186325, 0.016842041164636612, 0.01688130758702755, 0.017022384330630302, 0.01656974107027054, 0.01696844957768917, 0.01676958054304123, 0.01697465591132641, 0.017013557255268097, 0.01674562320113182, 0.01610814966261387, 0.015877338126301765, 0.015565108507871628, 0.015565384179353714, 0.015171575360000134, 0.015494583174586296, 0.015038447454571724, 0.014858243986964226, 0.014773784205317497, 0.0143995750695467, 0.014407681301236153, 0.01408605370670557]
test/correction_patch_optimal_scalar: [-0.7340384721755981, -1.4562424421310425, -2.291504144668579, -2.6335628032684326, -0.19500859081745148, 0.3519957661628723, 1.0127164125442505, 2.180539846420288, 1.4354605674743652, 0.9824244976043701, 0.5414386987686157, 0.12548144161701202, 0.030382007360458374, 0.5134207010269165, -0.022045185789465904, -1.9315818548202515, -1.927481770515442, -2.783541202545166, -4.643489837646484, -5.518963813781738, -6.365345001220703, -7.819138526916504, -8.10289478302002, -6.566649913787842, -5.515560150146484, -4.2432026863098145, -4.098931312561035, -5.747196674346924, -4.972856044769287, -5.467164993286133, -5.501443386077881, -4.402857780456543, -3.0933001041412354, -4.043689250946045, -3.2137463092803955, -2.4459736347198486, -0.4625776708126068, -0.5165577530860901, 0.748687207698822, -1.2828670740127563, -2.916893243789673, -2.6336722373962402, -3.1856207847595215, -2.8987278938293457, -0.8550652265548706]
