[train]
train/correction_beneficial_ratio: 0.4124714434146881
train/correction_beneficial_ratio_far: 0.4234396517276764
train/correction_beneficial_ratio_middle: 0.3975546658039093
train/correction_beneficial_ratio_near: 0.416420042514801
train/correction_cosine_far: -0.07509588450193405
train/correction_cosine_mean: -0.07724924385547638
train/correction_cosine_middle: -0.09332383424043655
train/correction_cosine_near: -0.06332802027463913
train/correction_magnitude_ratio_far: 0.01676139421761036
train/correction_magnitude_ratio_mean: 0.021431775763630867
train/correction_magnitude_ratio_middle: 0.019328009337186813
train/correction_magnitude_ratio_near: 0.028205938637256622
train/correction_optimal_scalar_far: 2.9319064617156982
train/correction_optimal_scalar_mean: 0.9083046317100525
train/correction_optimal_scalar_middle: -0.4963359236717224
train/correction_optimal_scalar_near: 0.2893439829349518
train/correction_patch_beneficial_ratio: [0.44982272386550903, 0.42731988430023193, 0.41814878582954407, 0.40478771924972534, 0.4045533239841461, 0.4065164625644684, 0.40379148721694946, 0.3957338333129883, 0.38949280977249146, 0.3855079114437103, 0.39658355712890625, 0.3997480273246765, 0.4064578413963318, 0.4093586206436157, 0.4044654071331024, 0.4079521894454956, 0.4098567068576813, 0.42280757427215576, 0.4398019313812256, 0.44044655561447144, 0.4387471079826355]
train/correction_patch_cosine: [-0.019092407077550888, -0.053542360663414, -0.06595971435308456, -0.07746534049510956, -0.07923751324415207, -0.07397634536027908, -0.07402244955301285, -0.0868552178144455, -0.09849487990140915, -0.10526779294013977, -0.09961789101362228, -0.0920674279332161, -0.0855603814125061, -0.08540324866771698, -0.09209607541561127, -0.09215296059846878, -0.08997505903244019, -0.07410570979118347, -0.05935320258140564, -0.058550331741571426, -0.059437718242406845]
train/correction_patch_magnitude_ratio: [0.04181631654500961, 0.031443092972040176, 0.02752622216939926, 0.025199120864272118, 0.024227099493145943, 0.02430279366672039, 0.022926900535821915, 0.0212489515542984, 0.020112138241529465, 0.019338542595505714, 0.019228992983698845, 0.019184350967407227, 0.018558721989393234, 0.0176243893802166, 0.017100686207413673, 0.01706838607788086, 0.01710416190326214, 0.017166083678603172, 0.01673724316060543, 0.01622966304421425, 0.01592341810464859]
train/correction_patch_optimal_scalar: [2.2336373329162598, 1.543789029121399, 1.2798545360565186, -0.8863835334777832, -2.072049379348755, -0.957209050655365, 0.8837717175483704, 0.5207397937774658, -0.9723162055015564, -3.950032949447632, -3.444568157196045, -0.7875080704689026, 1.569311499595642, 3.590055465698242, 2.5063040256500244, 0.5197580456733704, 0.2680099308490753, 2.42685604095459, 6.125848770141602, 5.514449596405029, 3.162081241607666]
[test]
test/correction_beneficial_ratio: 0.3499840199947357
test/correction_beneficial_ratio_far: 0.38274475932121277
test/correction_beneficial_ratio_middle: 0.3259595036506653
test/correction_beneficial_ratio_near: 0.3412478566169739
test/correction_cosine_far: -0.11726322025060654
test/correction_cosine_mean: -0.14376726746559143
test/correction_cosine_middle: -0.17635482549667358
test/correction_cosine_near: -0.13768361508846283
test/correction_magnitude_ratio_far: 0.017990365624427795
test/correction_magnitude_ratio_mean: 0.023266827687621117
test/correction_magnitude_ratio_middle: 0.020457018166780472
test/correction_magnitude_ratio_near: 0.03135305643081665
test/correction_optimal_scalar_far: -8.2623872756958
test/correction_optimal_scalar_mean: -7.855987071990967
test/correction_optimal_scalar_middle: -9.82224178314209
test/correction_optimal_scalar_near: -5.483341217041016
test/correction_patch_beneficial_ratio: [0.39472508430480957, 0.35279393196105957, 0.32579347491264343, 0.3126508593559265, 0.31703174114227295, 0.3379526138305664, 0.34778720140457153, 0.3308001756668091, 0.3205185532569885, 0.31631648540496826, 0.3172105550765991, 0.32507821917533875, 0.33428698778152466, 0.337505578994751, 0.3445686101913452, 0.3567277491092682, 0.37746983766555786, 0.40545374155044556, 0.4130531847476959, 0.39892712235450745, 0.38301295042037964]
test/correction_patch_cosine: [-0.06464773416519165, -0.12491906434297562, -0.1512305587530136, -0.1685895174741745, -0.161900132894516, -0.14713093638420105, -0.14536671340465546, -0.17279571294784546, -0.18574711680412292, -0.19352936744689941, -0.18304093182086945, -0.17545440793037415, -0.16280584037303925, -0.16111144423484802, -0.1611364334821701, -0.15054181218147278, -0.12671345472335815, -0.09446100890636444, -0.0820637196302414, -0.0964006558060646, -0.10952574014663696]
test/correction_patch_magnitude_ratio: [0.045992180705070496, 0.0346648134291172, 0.030635766685009003, 0.02825264446437359, 0.02736693061888218, 0.027441086247563362, 0.025118166580796242, 0.02236510068178177, 0.021134281530976295, 0.02048376016318798, 0.02061556465923786, 0.020778989419341087, 0.019666042178869247, 0.0181552954018116, 0.01752442866563797, 0.017790265381336212, 0.018467502668499947, 0.01912233978509903, 0.018418392166495323, 0.017515312880277634, 0.017094485461711884]
test/correction_patch_optimal_scalar: [-0.0726669430732727, -3.4443986415863037, -5.34164571762085, -8.838882446289062, -8.677325248718262, -8.149370193481445, -3.859079122543335, -6.398695468902588, -9.684931755065918, -13.033417701721191, -13.617594718933105, -12.04764461517334, -7.39162015914917, -6.581751346588135, -9.623745918273926, -10.162155151367188, -11.037466049194336, -8.016081809997559, -3.9987294673919678, -5.394349098205566, -9.6041841506958]
