[train]
train/correction_beneficial_ratio: 0.6295892596244812
train/correction_beneficial_ratio_far: 0.6262557506561279
train/correction_beneficial_ratio_middle: 0.6297387480735779
train/correction_beneficial_ratio_near: 0.6327732801437378
train/correction_cosine_far: 0.1638866811990738
train/correction_cosine_mean: 0.16733261942863464
train/correction_cosine_middle: 0.16511641442775726
train/correction_cosine_near: 0.1729947328567505
train/correction_magnitude_ratio_far: 0.0847051665186882
train/correction_magnitude_ratio_mean: 0.09041088074445724
train/correction_magnitude_ratio_middle: 0.08786901831626892
train/correction_magnitude_ratio_near: 0.09865846484899521
train/correction_optimal_scalar_far: 2.8962109088897705
train/correction_optimal_scalar_mean: 2.6750309467315674
train/correction_optimal_scalar_middle: 2.759168863296509
train/correction_optimal_scalar_near: 2.369713068008423
train/correction_patch_beneficial_ratio: [0.6356201171875, 0.6443324685096741, 0.6371610760688782, 0.6314120888710022, 0.6365683674812317, 0.6502593159675598, 0.6416654586791992, 0.6189954280853271, 0.6058971881866455, 0.6015706062316895, 0.6112609505653381, 0.6387612819671631, 0.650733470916748, 0.6471773386001587, 0.6401837468147278, 0.6325974464416504, 0.6435916423797607, 0.6563935279846191, 0.6496073603630066, 0.6302266716957092, 0.6193214058876038, 0.6123277544975281, 0.6169803142547607, 0.6347310543060303, 0.6370425224304199, 0.6294265985488892, 0.6166247129440308, 0.6078826785087585, 0.6196770071983337, 0.6396503448486328, 0.6418728828430176, 0.6282708644866943, 0.6153504252433777, 0.6104608178138733, 0.6191436052322388, 0.635442316532135, 0.6398577690124512, 0.6285672187805176, 0.6158838272094727, 0.6084160804748535, 0.6162394285202026, 0.630760133266449, 0.6380500793457031, 0.6344050765037537, 0.631115734577179]
train/correction_patch_cosine: [0.1799432784318924, 0.19336211681365967, 0.18166033923625946, 0.1753254383802414, 0.18157151341438293, 0.19831523299217224, 0.18404307961463928, 0.15435908734798431, 0.1414177417755127, 0.13470572233200073, 0.1411125212907791, 0.17327706515789032, 0.19030514359474182, 0.18725256621837616, 0.17827050387859344, 0.1713447868824005, 0.17745807766914368, 0.1932472139596939, 0.18337596952915192, 0.16057556867599487, 0.14947864413261414, 0.1422826498746872, 0.14833270013332367, 0.1729406863451004, 0.17806224524974823, 0.1691083163022995, 0.15487593412399292, 0.14652401208877563, 0.15574683248996735, 0.17339257895946503, 0.1754869669675827, 0.16193757951259613, 0.15474864840507507, 0.1464339643716812, 0.1534605175256729, 0.1733483523130417, 0.17700548470020294, 0.16473077237606049, 0.1541709154844284, 0.1470339000225067, 0.15630298852920532, 0.17515765130519867, 0.18022550642490387, 0.17362838983535767, 0.16462871432304382]
train/correction_patch_magnitude_ratio: [0.11430045962333679, 0.10571698099374771, 0.10374868661165237, 0.10203739255666733, 0.09954153001308441, 0.0986715778708458, 0.09865295141935349, 0.09875915199518204, 0.09798774123191833, 0.09715285897254944, 0.09606782346963882, 0.09416209906339645, 0.09176424145698547, 0.09087925404310226, 0.09043396264314651, 0.09002866595983505, 0.0894886776804924, 0.08905014395713806, 0.08933476358652115, 0.08967918902635574, 0.08948421478271484, 0.0890081599354744, 0.08819036930799484, 0.08760519325733185, 0.08673222362995148, 0.08658136427402496, 0.08614921569824219, 0.08603736758232117, 0.08545354008674622, 0.08521222323179245, 0.085066057741642, 0.08518592268228531, 0.08543622493743896, 0.08552788943052292, 0.08519624173641205, 0.08470983058214188, 0.08433780074119568, 0.08490849286317825, 0.08490252494812012, 0.0847172737121582, 0.08463206142187119, 0.08438119292259216, 0.08389783650636673, 0.08392301201820374, 0.08375529199838638]
train/correction_patch_optimal_scalar: [2.0890486240386963, 2.459744930267334, 2.0398974418640137, 1.9575263261795044, 1.980546236038208, 2.3338873386383057, 2.645465612411499, 2.347717761993408, 2.2272775173187256, 1.9683563709259033, 1.838132619857788, 2.517301082611084, 3.294008255004883, 3.116133213043213, 2.7306458950042725, 2.5907018184661865, 2.629391670227051, 3.0126912593841553, 3.3297181129455566, 2.9342260360717773, 2.641237497329712, 2.308485984802246, 2.190721273422241, 2.690068483352661, 3.3327908515930176, 3.280717611312866, 2.8656058311462402, 2.5353786945343018, 2.334860324859619, 2.7109484672546387, 3.254288673400879, 2.9107818603515625, 2.6994924545288086, 2.342236280441284, 2.113306760787964, 2.653940439224243, 3.352297067642212, 3.298983097076416, 2.8875629901885986, 2.5131165981292725, 2.444967269897461, 2.999432325363159, 3.6262946128845215, 3.431835651397705, 2.9146265983581543]
[test]
test/correction_beneficial_ratio: 0.6056784987449646
test/correction_beneficial_ratio_far: 0.6126222610473633
test/correction_beneficial_ratio_middle: 0.6097151637077332
test/correction_beneficial_ratio_near: 0.5946980118751526
test/correction_cosine_far: 0.16061247885227203
test/correction_cosine_mean: 0.14629380404949188
test/correction_cosine_middle: 0.15191589295864105
test/correction_cosine_near: 0.12635299563407898
test/correction_magnitude_ratio_far: 0.1020975187420845
test/correction_magnitude_ratio_mean: 0.10536804795265198
test/correction_magnitude_ratio_middle: 0.10479762405157089
test/correction_magnitude_ratio_near: 0.10920897871255875
test/correction_optimal_scalar_far: 0.8156187534332275
test/correction_optimal_scalar_mean: 0.564449667930603
test/correction_optimal_scalar_middle: 0.4865371882915497
test/correction_optimal_scalar_near: 0.3911912441253662
test/correction_patch_beneficial_ratio: [0.5966114401817322, 0.5758726000785828, 0.5496713519096375, 0.5428200960159302, 0.5784649848937988, 0.6117026209831238, 0.6189242005348206, 0.6061475872993469, 0.5921673774719238, 0.5900379419326782, 0.6099435091018677, 0.6274418830871582, 0.6272567510604858, 0.6071659922599792, 0.5862420201301575, 0.5896676182746887, 0.6120729446411133, 0.6328117847442627, 0.6426256895065308, 0.6288306713104248, 0.607906699180603, 0.5977224111557007, 0.6123507022857666, 0.6299416422843933, 0.6234607696533203, 0.5967965722084045, 0.5765206813812256, 0.5750393271446228, 0.5997592806816101, 0.6202203631401062, 0.6234607696533203, 0.6101287007331848, 0.5925377011299133, 0.5846680998802185, 0.6013332009315491, 0.6194796562194824, 0.622442364692688, 0.6050365567207336, 0.5867975354194641, 0.5821683406829834, 0.604573667049408, 0.6455883979797363, 0.6562355160713196, 0.6408665776252747, 0.6140172481536865]
test/correction_patch_cosine: [0.1410529762506485, 0.10541896522045135, 0.0708693414926529, 0.06885600835084915, 0.10008591413497925, 0.14308851957321167, 0.15759755671024323, 0.1337628811597824, 0.11705449223518372, 0.11898274719715118, 0.14292381703853607, 0.16974009573459625, 0.16564202308654785, 0.14160622656345367, 0.11861427873373032, 0.11884208023548126, 0.14335376024246216, 0.17571866512298584, 0.19031862914562225, 0.17042873799800873, 0.14964763820171356, 0.13991257548332214, 0.15402230620384216, 0.17925110459327698, 0.17191718518733978, 0.1391558051109314, 0.11638417094945908, 0.11363924294710159, 0.14208996295928955, 0.17405596375465393, 0.17731675505638123, 0.15959884226322174, 0.13218842446804047, 0.1235775575041771, 0.14704139530658722, 0.17710374295711517, 0.1811407059431076, 0.1583104282617569, 0.13426445424556732, 0.12557615339756012, 0.15301603078842163, 0.19351178407669067, 0.20905858278274536, 0.18420112133026123, 0.15328259766101837]
test/correction_patch_magnitude_ratio: [0.11828635632991791, 0.11073345690965652, 0.10916741192340851, 0.1092001423239708, 0.10833177715539932, 0.10860323905944824, 0.10911741107702255, 0.10913307219743729, 0.1092567965388298, 0.10952924937009811, 0.10932744294404984, 0.10835369676351547, 0.10693898797035217, 0.10625410825014114, 0.10590153187513351, 0.1060158908367157, 0.10528697073459625, 0.10464812815189362, 0.10494615882635117, 0.10482266545295715, 0.10478884726762772, 0.10468988120555878, 0.10433545708656311, 0.10469198226928711, 0.10454647988080978, 0.10439936816692352, 0.10480570793151855, 0.10508515685796738, 0.10448525100946426, 0.10441678017377853, 0.10399451106786728, 0.10387791693210602, 0.10370434075593948, 0.10358773916959763, 0.10337143391370773, 0.10257098078727722, 0.1010248064994812, 0.10070372372865677, 0.10077686607837677, 0.10087227076292038, 0.10084831714630127, 0.10111416131258011, 0.10163141787052155, 0.10182609409093857, 0.10155795514583588]
test/correction_patch_optimal_scalar: [1.2407664060592651, 0.5091928243637085, -1.3979148864746094, -1.3993815183639526, -0.6484219431877136, 0.5750831961631775, 1.7400223016738892, 1.1642999649047852, -0.1493476927280426, -0.18585853278636932, 0.11716771870851517, 1.2101497650146484, 2.1815781593322754, 1.4541233777999878, -0.5435837507247925, -0.6530446410179138, -0.034042369574308395, 0.8325856924057007, 1.7387094497680664, 1.3537518978118896, -0.3777826726436615, -0.6722585558891296, 0.09551795572042465, 1.2462881803512573, 1.9236146211624146, 1.3564914464950562, -0.4022482633590698, -0.44131022691726685, 0.043701644986867905, 1.288092851638794, 2.247615098953247, 1.8611048460006714, -0.027236202731728554, -0.4802049994468689, -0.0941920354962349, 1.051817536354065, 2.053685188293457, 1.364974021911621, 0.13245852291584015, -0.7209942936897278, -0.09900818020105362, 1.3499892950057983, 2.3902668952941895, 1.8190058469772339, -0.614990234375]
