[train]
train/correction_beneficial_ratio: 0.5375807285308838
train/correction_beneficial_ratio_far: 0.5447505116462708
train/correction_beneficial_ratio_middle: 0.5403302907943726
train/correction_beneficial_ratio_near: 0.5276612639427185
train/correction_cosine_far: 0.009956343099474907
train/correction_cosine_mean: 0.0032207162585109472
train/correction_cosine_middle: 0.0022823354229331017
train/correction_cosine_near: -0.0025765623431652784
train/correction_magnitude_ratio_far: 0.003373195882886648
train/correction_magnitude_ratio_mean: 0.0035894934553653
train/correction_magnitude_ratio_middle: 0.0035336974542587996
train/correction_magnitude_ratio_near: 0.0038615944795310497
train/correction_optimal_scalar_far: 4.845757961273193
train/correction_optimal_scalar_mean: 1.624018907546997
train/correction_optimal_scalar_middle: 0.9978638291358948
train/correction_optimal_scalar_near: -0.9715790152549744
train/correction_patch_beneficial_ratio: [0.5378243327140808, 0.5238153338432312, 0.5339261889457703, 0.5196735262870789, 0.5200389623641968, 0.5225971341133118, 0.5357534289360046, 0.5442806482315063, 0.5439152121543884, 0.5395298004150391, 0.5411134362220764, 0.5368497967720032, 0.5336825251579285, 0.5429406762123108, 0.5379461646080017, 0.5459861159324646, 0.550371527671814, 0.5473260879516602, 0.5316116213798523, 0.5441588759422302, 0.5558533072471619]
train/correction_patch_cosine: [0.007357082329690456, -0.0031819669529795647, -0.0015418658731505275, -0.0018050558865070343, -0.0076145906932652, -0.009771902114152908, -0.0014775436138734221, -0.0001047982950694859, 0.0063745006918907166, 0.0010955764446407557, 0.0003365416778251529, 0.005165789742022753, 0.002461864147335291, 0.0006468457286246121, 0.005894916597753763, 0.008753135800361633, 0.01199925784021616, 0.013354201801121235, 0.0064421105198562145, 0.010195710696280003, 0.01305526401847601]
train/correction_patch_magnitude_ratio: [0.004639096558094025, 0.004021638073027134, 0.0038480600342154503, 0.003723016008734703, 0.003633652115240693, 0.003612854052335024, 0.003552827751263976, 0.0035487310960888863, 0.003595160087570548, 0.0035361081827431917, 0.003535985015332699, 0.00354164675809443, 0.003518952988088131, 0.003459286643192172, 0.003491052193567157, 0.003425043309107423, 0.003406448755413294, 0.0033916218671947718, 0.0032880729995667934, 0.0033095194958150387, 0.0033005934674292803]
train/correction_patch_optimal_scalar: [2.4384801387786865, -1.16071355342865, -0.9302690625190735, -0.43661901354789734, -2.4811532497406006, -3.096290349960327, -1.1343971490859985, -0.9953781366348267, 2.2725701332092285, 0.21863824129104614, 0.22344914078712463, 2.3741934299468994, 1.7402888536453247, 1.1513055562973022, 3.660761594772339, 4.8329572677612305, 5.985104084014893, 5.971588611602783, 3.2095298767089844, 4.799435615539551, 5.460914611816406]
[test]
test/correction_beneficial_ratio: 0.6473383903503418
test/correction_beneficial_ratio_far: 0.677069902420044
test/correction_beneficial_ratio_middle: 0.659107506275177
test/correction_beneficial_ratio_near: 0.6058377623558044
test/correction_cosine_far: 0.1563408523797989
test/correction_cosine_mean: 0.13101927936077118
test/correction_cosine_middle: 0.14604178071022034
test/correction_cosine_near: 0.09067545086145401
test/correction_magnitude_ratio_far: 0.004154894035309553
test/correction_magnitude_ratio_mean: 0.004315642639994621
test/correction_magnitude_ratio_middle: 0.0042432378977537155
test/correction_magnitude_ratio_near: 0.004548791795969009
test/correction_optimal_scalar_far: 37.5046501159668
test/correction_optimal_scalar_mean: 30.311988830566406
test/correction_optimal_scalar_middle: 35.00090026855469
test/correction_optimal_scalar_near: 18.430419921875
test/correction_patch_beneficial_ratio: [0.5929273366928101, 0.567387044429779, 0.5842829346656799, 0.6055009961128235, 0.6192534565925598, 0.6247544288635254, 0.6467583775520325, 0.6471512913703918, 0.6495088338851929, 0.6444007754325867, 0.6624754667282104, 0.6675835251808167, 0.6636542081832886, 0.6789783835411072, 0.6770137548446655, 0.6821218132972717, 0.673870325088501, 0.6715127825737, 0.6683693528175354, 0.6805500984191895, 0.686051070690155]
test/correction_patch_cosine: [0.07488091289997101, 0.064077228307724, 0.07884153723716736, 0.09989295154809952, 0.09726035594940186, 0.1021098718047142, 0.11766505241394043, 0.12309809774160385, 0.14947845041751862, 0.13567818701267242, 0.14839448034763336, 0.1658429503440857, 0.1515200436115265, 0.14827966690063477, 0.16289369761943817, 0.15510380268096924, 0.15056976675987244, 0.1562919318675995, 0.14643417298793793, 0.15639576315879822, 0.16669590771198273]
test/correction_patch_magnitude_ratio: [0.005208559334278107, 0.00469070253893733, 0.004505180288106203, 0.004431842360645533, 0.0043377866968512535, 0.004321476444602013, 0.004346005152910948, 0.004288383759558201, 0.004361953120678663, 0.004267113748937845, 0.00424556527286768, 0.004272471182048321, 0.004170334432274103, 0.004096864722669125, 0.004198873415589333, 0.004135149996727705, 0.004185382276773453, 0.004220047499984503, 0.004115177784115076, 0.004125303588807583, 0.00410432880744338]
test/correction_patch_optimal_scalar: [16.998519897460938, 14.73460865020752, 15.46762466430664, 20.301706314086914, 19.007251739501953, 19.258005142211914, 23.245275497436523, 26.129552841186523, 34.91389083862305, 33.49114227294922, 37.03664779663086, 41.9072151184082, 36.162261962890625, 35.36544418334961, 39.88011932373047, 38.363101959228516, 36.53620910644531, 37.10249710083008, 34.320133209228516, 36.98012924194336, 39.35041809082031]
