[train]
train/correction_beneficial_ratio: 0.49455732107162476
train/correction_beneficial_ratio_far: 0.515586793422699
train/correction_beneficial_ratio_middle: 0.4997912645339966
train/correction_beneficial_ratio_near: 0.4682939350605011
train/correction_cosine_far: 0.026714812964200974
train/correction_cosine_mean: 0.010103590786457062
train/correction_cosine_middle: 0.015071962960064411
train/correction_cosine_near: -0.011476034298539162
train/correction_magnitude_ratio_far: 0.014131375588476658
train/correction_magnitude_ratio_mean: 0.016004616394639015
train/correction_magnitude_ratio_middle: 0.015207482501864433
train/correction_magnitude_ratio_near: 0.01867499016225338
train/correction_optimal_scalar_far: 2.185173988342285
train/correction_optimal_scalar_mean: 1.419129729270935
train/correction_optimal_scalar_middle: 2.0058462619781494
train/correction_optimal_scalar_near: 0.06636877357959747
train/correction_patch_beneficial_ratio: [0.4508626163005829, 0.4638977646827698, 0.4622364342212677, 0.4658147096633911, 0.4686262011528015, 0.47015973925590515, 0.486645370721817, 0.4718210995197296, 0.46658146381378174, 0.4638977646827698, 0.462619811296463, 0.4592971205711365, 0.4734824299812317, 0.4837060570716858, 0.47476038336753845, 0.478083074092865, 0.49738019704818726, 0.48741215467453003, 0.4904792308807373, 0.49916931986808777, 0.5014696717262268, 0.5024920105934143, 0.5059424638748169, 0.5088818073272705, 0.507220447063446, 0.515654981136322, 0.5106709003448486, 0.4992971122264862, 0.5019808411598206, 0.4907348155975342, 0.4975079894065857, 0.5001916885375977, 0.49738019704818726, 0.5054312944412231, 0.5091373920440674, 0.506325900554657, 0.5074760317802429, 0.514121413230896, 0.5211501717567444, 0.516805112361908, 0.5336741209030151, 0.5344408750534058, 0.5271565318107605, 0.5300958752632141, 0.5329073667526245]
train/correction_patch_cosine: [-0.022357987239956856, -0.018108101561665535, -0.022159326821565628, -0.017922164872288704, -0.012696544639766216, -0.011696388013660908, -0.004619013983756304, -0.005013476591557264, -0.013877159915864468, -0.014350378885865211, -0.015429242514073849, -0.01187426969408989, -0.0024887865874916315, 0.003350347513332963, -0.0028979210183024406, 0.0015864343149587512, 0.007878082804381847, 0.0030309795401990414, 0.008513394743204117, 0.013550472445786, 0.01723957248032093, 0.020552854984998703, 0.023908138275146484, 0.024986358359456062, 0.021310126408934593, 0.02469637617468834, 0.018817327916622162, 0.013562043197453022, 0.014925876632332802, 0.011521680280566216, 0.013326200656592846, 0.01567743346095085, 0.014346031472086906, 0.020838484168052673, 0.021118039265275, 0.021781640127301216, 0.021722689270973206, 0.02639044262468815, 0.033025678247213364, 0.032382119446992874, 0.0385575108230114, 0.04234607145190239, 0.034470055252313614, 0.03156787529587746, 0.033172015100717545]
train/correction_patch_magnitude_ratio: [0.02632063627243042, 0.021817857399582863, 0.020886441692709923, 0.019024869427084923, 0.018930817022919655, 0.018838651478290558, 0.018263213336467743, 0.018040204420685768, 0.01768580451607704, 0.017278678715229034, 0.0169382207095623, 0.016781022772192955, 0.016374148428440094, 0.016540655866265297, 0.016403578221797943, 0.016015123575925827, 0.01593022793531418, 0.01585495099425316, 0.015583614818751812, 0.015559772029519081, 0.015493014827370644, 0.0152158597484231, 0.01513668242841959, 0.015239119529724121, 0.014909336343407631, 0.014931419864296913, 0.014857804402709007, 0.014411438256502151, 0.014488846063613892, 0.0144850118085742, 0.014477938413619995, 0.01473331544548273, 0.014730281196534634, 0.014363370835781097, 0.014306903816759586, 0.014176634140312672, 0.014112419448792934, 0.014002271927893162, 0.01415521651506424, 0.013952835462987423, 0.013950863853096962, 0.013991826213896275, 0.013655627146363258, 0.013700529932975769, 0.013660675846040249]
train/correction_patch_optimal_scalar: [-0.6007869839668274, -0.5208204984664917, -0.5001717209815979, -0.4826603829860687, -0.04999145120382309, 0.16791939735412598, 0.6459177136421204, 0.7162754535675049, 0.08795738965272903, 0.006286566611379385, -0.30635565519332886, -0.1693791151046753, 0.3803800046443939, 1.0296729803085327, 0.5912608504295349, 0.6380136609077454, 1.3622398376464844, 1.254758596420288, 1.8250327110290527, 2.280208110809326, 2.630167245864868, 2.8166418075561523, 3.0618884563446045, 3.152289628982544, 2.632171392440796, 2.652968168258667, 2.156844139099121, 1.2795140743255615, 1.337540864944458, 1.0074009895324707, 0.9739923477172852, 0.9573643207550049, 1.0628811120986938, 1.2830482721328735, 1.2106659412384033, 1.6967859268188477, 1.696871042251587, 1.993393063545227, 3.0309555530548096, 2.81205415725708, 3.226679563522339, 3.9966166019439697, 3.300633430480957, 2.7302615642547607, 2.8054451942443848]
[test]
test/correction_beneficial_ratio: 0.4462440311908722
test/correction_beneficial_ratio_far: 0.4385315477848053
test/correction_beneficial_ratio_middle: 0.3975011706352234
test/correction_beneficial_ratio_near: 0.5026993751525879
test/correction_cosine_far: -0.04413711652159691
test/correction_cosine_mean: -0.03098529577255249
test/correction_cosine_middle: -0.06475605815649033
test/correction_cosine_near: 0.015937205404043198
test/correction_magnitude_ratio_far: 0.013175775296986103
test/correction_magnitude_ratio_mean: 0.014956168830394745
test/correction_magnitude_ratio_middle: 0.01461503654718399
test/correction_magnitude_ratio_near: 0.017077714204788208
test/correction_optimal_scalar_far: -4.407603740692139
test/correction_optimal_scalar_mean: -2.489110231399536
test/correction_optimal_scalar_middle: -4.903429985046387
test/correction_optimal_scalar_near: 1.8437038660049438
test/correction_patch_beneficial_ratio: [0.4428505301475525, 0.4382230341434479, 0.45997223258018494, 0.4632114768028259, 0.49560388922691345, 0.5127255916595459, 0.5303100347518921, 0.5469689965248108, 0.5266080498695374, 0.5446552634239197, 0.5455807447433472, 0.5229060649871826, 0.5094863772392273, 0.5182785987854004, 0.4831096827983856, 0.481721431016922, 0.44146227836608887, 0.42711707949638367, 0.4150856137275696, 0.39935216307640076, 0.3951874077320099, 0.3701989948749542, 0.36927348375320435, 0.3701989948749542, 0.38500693440437317, 0.39565014839172363, 0.3919481635093689, 0.37066173553466797, 0.37066173553466797, 0.3789912164211273, 0.38361868262290955, 0.4099953770637512, 0.4261915683746338, 0.41925033926963806, 0.407218873500824, 0.40351688861846924, 0.45580750703811646, 0.4595094919204712, 0.4840351641178131, 0.4608977437019348, 0.45904675126075745, 0.4553447365760803, 0.45025449991226196, 0.4428505301475525, 0.4604349732398987]
test/correction_patch_cosine: [-0.023320024833083153, -0.023842113092541695, -0.024830341339111328, -0.01834617368876934, 0.011134477332234383, 0.03124132566154003, 0.04017476364970207, 0.04835588485002518, 0.03850681334733963, 0.038699809461832047, 0.03527751564979553, 0.02773830108344555, 0.020717646926641464, 0.02757773920893669, 0.00997257512062788, -0.010094723664224148, -0.024644995108246803, -0.03876803442835808, -0.05883031710982323, -0.0654953196644783, -0.05749431252479553, -0.08009511977434158, -0.08848538994789124, -0.08199932426214218, -0.07883509248495102, -0.06458621472120285, -0.07178687304258347, -0.0908418595790863, -0.08166595548391342, -0.07771648466587067, -0.07425741851329803, -0.06604177504777908, -0.05867936834692955, -0.061650168150663376, -0.06143869087100029, -0.06127461418509483, -0.03621786832809448, -0.026857202872633934, -0.010169998742640018, -0.030010351911187172, -0.03525574505329132, -0.029474176466464996, -0.03575918823480606, -0.04237999767065048, -0.03258994221687317]
test/correction_patch_magnitude_ratio: [0.02163003571331501, 0.019111739471554756, 0.01840217411518097, 0.017359253019094467, 0.017594071105122566, 0.017441755160689354, 0.017241861671209335, 0.01704573817551136, 0.016604170203208923, 0.01622483879327774, 0.015843242406845093, 0.015710128471255302, 0.015315642580389977, 0.015339761041104794, 0.015301015228033066, 0.014906569384038448, 0.015053603798151016, 0.015260937623679638, 0.015166860073804855, 0.014975708909332752, 0.014740395359694958, 0.014501000754535198, 0.014329994097352028, 0.014443956315517426, 0.014067658223211765, 0.014326862059533596, 0.014577772468328476, 0.014090893790125847, 0.014408035203814507, 0.01437523402273655, 0.014350433833897114, 0.014501078985631466, 0.014290438033640385, 0.013714799657464027, 0.0136046027764678, 0.013430780731141567, 0.013278135098516941, 0.012948964722454548, 0.013079558499157429, 0.012709067203104496, 0.01262890174984932, 0.012667774222791195, 0.012244888581335545, 0.012118780985474586, 0.012068468146026134]
test/correction_patch_optimal_scalar: [-0.6416681408882141, -1.0531607866287231, -1.5400710105895996, -1.565333604812622, 0.7071062922477722, 2.553407669067383, 3.053694248199463, 4.0250091552734375, 3.4399585723876953, 3.2436137199401855, 3.1156108379364014, 3.259781837463379, 2.85231351852417, 3.7365236282348633, 2.4687740802764893, 0.042461518198251724, -0.812710702419281, -1.9831100702285767, -3.829474449157715, -4.33808708190918, -4.244898796081543, -6.177845001220703, -7.205672740936279, -6.852768421173096, -7.0285325050354, -5.892296314239502, -5.592265605926514, -7.177216053009033, -6.39009428024292, -6.068946838378906, -6.008819580078125, -5.759657382965088, -5.209882736206055, -5.5828118324279785, -5.667230129241943, -5.553994178771973, -3.481602191925049, -3.055654525756836, -1.7862900495529175, -3.649954080581665, -3.982764482498169, -3.6295828819274902, -4.493863105773926, -4.811731815338135, -3.4402236938476562]
