[train]
train/correction_beneficial_ratio: 0.5524324178695679
train/correction_beneficial_ratio_far: 0.5302556753158569
train/correction_beneficial_ratio_middle: 0.5646532773971558
train/correction_beneficial_ratio_near: 0.5623883008956909
train/correction_cosine_far: 0.02999088168144226
train/correction_cosine_mean: 0.05141816288232803
train/correction_cosine_middle: 0.059390343725681305
train/correction_cosine_near: 0.06487324833869934
train/correction_magnitude_ratio_far: 0.023688048124313354
train/correction_magnitude_ratio_mean: 0.027723228558897972
train/correction_magnitude_ratio_middle: 0.02375040389597416
train/correction_magnitude_ratio_near: 0.03573119640350342
train/correction_optimal_scalar_far: 2.0056121349334717
train/correction_optimal_scalar_mean: 2.5240674018859863
train/correction_optimal_scalar_middle: 3.4076526165008545
train/correction_optimal_scalar_near: 2.158940553665161
train/correction_patch_beneficial_ratio: [0.5253182053565979, 0.5556561350822449, 0.5731292366981506, 0.5985022783279419, 0.5847597122192383, 0.566436231136322, 0.5329163670539856, 0.5534891486167908, 0.588983952999115, 0.6050581336021423, 0.5945249199867249, 0.5677803158760071, 0.5340410470962524, 0.5086954236030579, 0.4928681254386902, 0.48579108715057373, 0.496626079082489, 0.5263879895210266, 0.567176878452301, 0.5833058953285217, 0.5596335530281067]
train/correction_patch_cosine: [0.04102986305952072, 0.0627225860953331, 0.07587637007236481, 0.09164520353078842, 0.0803077220916748, 0.059630122035741806, 0.04290074482560158, 0.062005169689655304, 0.08709454536437988, 0.09111762046813965, 0.07989432662725449, 0.05764635279774666, 0.028681065887212753, 0.009293319657444954, -0.004466247279196978, -0.003916148561984301, 0.006200787611305714, 0.031692467629909515, 0.06034444272518158, 0.06998821347951889, 0.05009286105632782]
train/correction_patch_magnitude_ratio: [0.05408277362585068, 0.04001946002244949, 0.03492366895079613, 0.03459721803665161, 0.03239155560731888, 0.027502546086907387, 0.026601329445838928, 0.02674139104783535, 0.02426294796168804, 0.022165153175592422, 0.020963989198207855, 0.02179431915283203, 0.023823142051696777, 0.02650189772248268, 0.02798083797097206, 0.027713235467672348, 0.02554725483059883, 0.022802354767918587, 0.020369181409478188, 0.019582442939281464, 0.021821029484272003]
train/correction_patch_optimal_scalar: [0.4780564308166504, 1.4613234996795654, 2.5185890197753906, 2.860414505004883, 2.4876554012298584, 2.5459470748901367, 2.760603427886963, 3.3888609409332275, 4.522672653198242, 4.9847540855407715, 4.420292377471924, 3.125802755355835, 1.998508095741272, 1.4126577377319336, 0.8386997580528259, 0.9003326296806335, 1.2346761226654053, 2.157687187194824, 3.2155137062072754, 3.533393621444702, 2.158979654312134]
[test]
test/correction_beneficial_ratio: 0.5325222611427307
test/correction_beneficial_ratio_far: 0.5179201364517212
test/correction_beneficial_ratio_middle: 0.5403483510017395
test/correction_beneficial_ratio_near: 0.5392982959747314
test/correction_cosine_far: 0.016167594119906425
test/correction_cosine_mean: 0.033846743404865265
test/correction_cosine_middle: 0.03929125890135765
test/correction_cosine_near: 0.04608137160539627
test/correction_magnitude_ratio_far: 0.016417887061834335
test/correction_magnitude_ratio_mean: 0.02011954039335251
test/correction_magnitude_ratio_middle: 0.016631128266453743
test/correction_magnitude_ratio_near: 0.027309594675898552
test/correction_optimal_scalar_far: 0.4920335114002228
test/correction_optimal_scalar_mean: 1.0731209516525269
test/correction_optimal_scalar_middle: 1.2580007314682007
test/correction_optimal_scalar_near: 1.4693303108215332
test/correction_patch_beneficial_ratio: [0.5166601538658142, 0.6085848808288574, 0.5681105256080627, 0.531556248664856, 0.5071540474891663, 0.5063700675964355, 0.5366522669792175, 0.5768325924873352, 0.5487064123153687, 0.5098980665206909, 0.506566047668457, 0.5370442867279053, 0.5540964603424072, 0.5492944121360779, 0.530576229095459, 0.5375342965126038, 0.5461583733558655, 0.5341042876243591, 0.4940219521522522, 0.48275187611579895, 0.500294029712677]
test/correction_patch_cosine: [0.032891448587179184, 0.11353845149278641, 0.07554581761360168, 0.03017323464155197, 0.012417611666023731, 0.01761520467698574, 0.040388040244579315, 0.07311797142028809, 0.05664211884140968, 0.015406925231218338, 0.01498947199434042, 0.03887592628598213, 0.04424470663070679, 0.031761717051267624, 0.025107963010668755, 0.027289623394608498, 0.03492812067270279, 0.03552528843283653, -0.0009135536383837461, -0.016422206535935402, 0.007657757494598627]
test/correction_patch_magnitude_ratio: [0.04585898295044899, 0.03132714703679085, 0.026150429621338844, 0.025607630610466003, 0.023712752386927605, 0.01968478038907051, 0.018825465813279152, 0.018825767561793327, 0.0178288072347641, 0.016509907320141792, 0.015462311916053295, 0.015356134623289108, 0.01590108312666416, 0.0165339894592762, 0.017091307789087296, 0.01725177653133869, 0.01691528968513012, 0.016581138595938683, 0.015824832022190094, 0.015122980810701847, 0.016137832775712013]
test/correction_patch_optimal_scalar: [0.1391863077878952, 3.3309953212738037, 2.975085973739624, 1.1088809967041016, 0.046919167041778564, 0.4453830420970917, 2.2388594150543213, 4.0794548988342285, 2.71297025680542, -0.41843104362487793, -0.7823581695556641, 0.8842779397964478, 1.2782244682312012, 1.0518643856048584, 1.4496115446090698, 1.9146627187728882, 2.412529468536377, 2.7456116676330566, -0.4249100685119629, -2.815516710281372, -1.8377604484558105]
