[train]
train/correction_beneficial_ratio: 0.40787404775619507
train/correction_beneficial_ratio_far: 0.4042949378490448
train/correction_beneficial_ratio_middle: 0.38659659028053284
train/correction_beneficial_ratio_near: 0.43273061513900757
train/correction_cosine_far: -0.09968755394220352
train/correction_cosine_mean: -0.08806739002466202
train/correction_cosine_middle: -0.11620042473077774
train/correction_cosine_near: -0.048314418643713
train/correction_magnitude_ratio_far: 0.028835151344537735
train/correction_magnitude_ratio_mean: 0.030411915853619576
train/correction_magnitude_ratio_middle: 0.029040701687335968
train/correction_magnitude_ratio_near: 0.033359918743371964
train/correction_optimal_scalar_far: -2.2455170154571533
train/correction_optimal_scalar_mean: -0.9189585447311401
train/correction_optimal_scalar_middle: -1.8951048851013184
train/correction_optimal_scalar_near: 1.3837443590164185
train/correction_patch_beneficial_ratio: [0.5005481839179993, 0.4536484479904175, 0.451212078332901, 0.40808868408203125, 0.3989523649215698, 0.4119868576526642, 0.40467777848243713, 0.395906925201416, 0.39200878143310547, 0.3793397545814514, 0.3839688003063202, 0.381654292345047, 0.38348153233528137, 0.3898160457611084, 0.3979778289794922, 0.40260690450668335, 0.40029236674308777, 0.4007796347141266, 0.40540871024131775, 0.4180777072906494, 0.40492144227027893]
train/correction_patch_cosine: [0.01885857619345188, -0.01564081199467182, -0.017395732924342155, -0.07551825046539307, -0.08458904922008514, -0.07359860092401505, -0.09031718224287033, -0.10521764308214188, -0.10865023732185364, -0.12752847373485565, -0.12049180269241333, -0.12026656419038773, -0.11923937499523163, -0.11200743913650513, -0.11190155148506165, -0.1021101325750351, -0.10502979904413223, -0.10493860393762589, -0.09710631519556046, -0.08502653241157532, -0.09169969707727432]
train/correction_patch_magnitude_ratio: [0.04058187082409859, 0.03612972050905228, 0.034011855721473694, 0.031860873103141785, 0.031094834208488464, 0.030286427587270737, 0.029554035514593124, 0.029427090659737587, 0.029175901785492897, 0.02886265516281128, 0.029110146686434746, 0.028948228806257248, 0.028887145221233368, 0.02887369878590107, 0.02883554995059967, 0.02864723466336727, 0.02869429998099804, 0.028750397264957428, 0.02878917008638382, 0.02905052714049816, 0.029078571125864983]
train/correction_patch_optimal_scalar: [2.0822744369506836, 2.4425806999206543, 2.8220622539520264, 0.7882478833198547, 0.47034475207328796, 0.9329054355621338, 0.14780613780021667, -0.7247538566589355, -0.9120010733604431, -2.1466734409332275, -1.943575143814087, -2.2628111839294434, -2.7284369468688965, -2.5474839210510254, -2.477118968963623, -2.3940863609313965, -2.853733777999878, -2.667363405227661, -2.2312190532684326, -1.4159774780273438, -1.6791162490844727]
[test]
test/correction_beneficial_ratio: 0.3796800374984741
test/correction_beneficial_ratio_far: 0.3701375126838684
test/correction_beneficial_ratio_middle: 0.3506034314632416
test/correction_beneficial_ratio_near: 0.41829919815063477
test/correction_cosine_far: -0.10658522695302963
test/correction_cosine_mean: -0.09619608521461487
test/correction_cosine_middle: -0.1272996962070465
test/correction_cosine_near: -0.0547032505273819
test/correction_magnitude_ratio_far: 0.026004241779446602
test/correction_magnitude_ratio_mean: 0.028519175946712494
test/correction_magnitude_ratio_middle: 0.02684454433619976
test/correction_magnitude_ratio_near: 0.03270868584513664
test/correction_optimal_scalar_far: -5.004807949066162
test/correction_optimal_scalar_mean: -3.298060178756714
test/correction_optimal_scalar_middle: -4.224774360656738
test/correction_optimal_scalar_near: -0.6645931005477905
test/correction_patch_beneficial_ratio: [0.4616895914077759, 0.4444007873535156, 0.4514734745025635, 0.4086444079875946, 0.40196463465690613, 0.39135560393333435, 0.3685658276081085, 0.3442043364048004, 0.35009822249412537, 0.35284870862960815, 0.3548133671283722, 0.34616896510124207, 0.35009822249412537, 0.3559921383857727, 0.3520628809928894, 0.36542239785194397, 0.3622789680957794, 0.36974459886550903, 0.3701375126838684, 0.3858546316623688, 0.385461688041687]
test/correction_patch_cosine: [0.004584727808833122, -0.019787168130278587, -0.02061314508318901, -0.06850099563598633, -0.08637131750583649, -0.0862489715218544, -0.1059860959649086, -0.11613570153713226, -0.12572826445102692, -0.13627104461193085, -0.12917539477348328, -0.14042609930038452, -0.12361527979373932, -0.11974712461233139, -0.12228862196207047, -0.11535999178886414, -0.12100670486688614, -0.11031541973352432, -0.10503937304019928, -0.09013944864273071, -0.08194627612829208]
test/correction_patch_magnitude_ratio: [0.03925149515271187, 0.03525929152965546, 0.03284633159637451, 0.031498998403549194, 0.030842576175928116, 0.030080553144216537, 0.029181798920035362, 0.02865603193640709, 0.027658937498927116, 0.02662177011370659, 0.02656431682407856, 0.025902708992362022, 0.026066290214657784, 0.026441745460033417, 0.026305533945560455, 0.026068801060318947, 0.025793911889195442, 0.025991646572947502, 0.025642644613981247, 0.02593725547194481, 0.026290062814950943]
test/correction_patch_optimal_scalar: [0.9304991364479065, 0.4317944049835205, 0.47105294466018677, -1.113324522972107, -1.69900381565094, -1.5178178548812866, -2.155355215072632, -2.788331985473633, -3.1605920791625977, -4.360989570617676, -4.277466773986816, -5.374667644500732, -4.984538555145264, -4.626837253570557, -5.0423994064331055, -5.363622188568115, -5.921557903289795, -5.699337482452393, -4.9729509353637695, -4.145092964172363, -3.8887202739715576]
