[train]
train/correction_beneficial_ratio: 0.4900076389312744
train/correction_beneficial_ratio_far: 0.49086087942123413
train/correction_beneficial_ratio_middle: 0.500731885433197
train/correction_beneficial_ratio_near: 0.4784301817417145
train/correction_cosine_far: 0.007929626852273941
train/correction_cosine_mean: 0.009430069476366043
train/correction_cosine_middle: 0.015235122293233871
train/correction_cosine_near: 0.005125475116074085
train/correction_magnitude_ratio_far: 0.04742004722356796
train/correction_magnitude_ratio_mean: 0.052911773324012756
train/correction_magnitude_ratio_middle: 0.04743187502026558
train/correction_magnitude_ratio_near: 0.06388339400291443
train/correction_optimal_scalar_far: 0.4003317356109619
train/correction_optimal_scalar_mean: 0.29907864332199097
train/correction_optimal_scalar_middle: 0.41779544949531555
train/correction_optimal_scalar_near: 0.07910878956317902
train/correction_patch_beneficial_ratio: [0.41167664527893066, 0.4710024297237396, 0.4928199052810669, 0.49284765124320984, 0.4585273861885071, 0.44854736328125, 0.441893994808197, 0.4527057111263275, 0.47516077756881714, 0.5122810006141663, 0.5261421799659729, 0.5192115902900696, 0.5126136541366577, 0.4916555881500244, 0.46936681866645813, 0.46543025970458984, 0.477184534072876, 0.5091760754585266, 0.5409736037254333, 0.5439398884773254, 0.5206531286239624, 0.49997228384017944, 0.4703370928764343, 0.4632401764392853, 0.4622421860694885, 0.4761587977409363, 0.5038256645202637, 0.533571720123291, 0.5301342010498047, 0.514138400554657, 0.5043523907661438, 0.47773897647857666, 0.4661787450313568, 0.46506986021995544, 0.48500221967697144, 0.5070969462394714, 0.53143709897995, 0.5343479514122009, 0.510756254196167, 0.5009148120880127, 0.47471722960472107, 0.4654025137424469, 0.4643768072128296, 0.4762696921825409, 0.49925148487091064]
train/correction_patch_cosine: [-0.021126292645931244, 0.008092373609542847, 0.01846950314939022, 0.015818588435649872, -0.012377165257930756, -0.022090833634138107, -0.02285626158118248, -0.011273370124399662, 0.0023025679402053356, 0.02565460279583931, 0.03695034608244896, 0.028188545256853104, 0.026982063427567482, 0.01124839298427105, -0.007100868970155716, -0.008488885127007961, 0.003798531601205468, 0.02551393024623394, 0.04421307146549225, 0.04718954116106033, 0.028782347217202187, 0.015591262839734554, -0.012000326067209244, -0.018668487668037415, -0.01196434535086155, 0.0021881074644625187, 0.017399296164512634, 0.03584398329257965, 0.03673560917377472, 0.022393053397536278, 0.021654406562447548, 0.003632312174886465, -0.006612724158912897, -0.009976004250347614, 0.003802133956924081, 0.020257895812392235, 0.03711973875761032, 0.03462083637714386, 0.020179353654384613, 0.014019129797816277, -0.0045103351585567, -0.014862273819744587, -0.0105911735445261, -0.0036700081545859575, 0.013881036080420017]
train/correction_patch_magnitude_ratio: [0.10210559517145157, 0.07131500542163849, 0.06514789164066315, 0.06584274768829346, 0.07134655117988586, 0.07568532973527908, 0.0737605094909668, 0.0664057508111, 0.05618990212678909, 0.04997421056032181, 0.04691515117883682, 0.048058923333883286, 0.05100629851222038, 0.05577193200588226, 0.05872509256005287, 0.05761077627539635, 0.052709806710481644, 0.046018119901418686, 0.042098261415958405, 0.04218905419111252, 0.044487833976745605, 0.04743657261133194, 0.05125013366341591, 0.054832573980093, 0.05411815270781517, 0.049408964812755585, 0.0434570387005806, 0.04101201891899109, 0.041049525141716, 0.04379928112030029, 0.04755174741148949, 0.052099697291851044, 0.05534624308347702, 0.053703974932432175, 0.04860593006014824, 0.042578279972076416, 0.03987084701657295, 0.04028371721506119, 0.04250973463058472, 0.04573778063058853, 0.050071075558662415, 0.05289803072810173, 0.0517321415245533, 0.04674925282597542, 0.04156232625246048]
train/correction_patch_optimal_scalar: [-0.5103896260261536, -0.1719387173652649, 0.09686551243066788, 0.16276709735393524, -0.09025858342647552, -0.08275074511766434, -0.08134803175926208, -0.034712281078100204, -0.04620436951518059, 0.2012268602848053, 0.5431935787200928, 0.34554746747016907, 0.5499085783958435, 0.3036102056503296, 0.0011149508645758033, -0.03766118362545967, 0.16855084896087646, 0.5785517692565918, 0.9166895151138306, 1.056427240371704, 0.5944737195968628, 0.3972989320755005, -0.09748250991106033, -0.12350206077098846, 0.010795253328979015, 0.19438226521015167, 0.4405826926231384, 0.7754297852516174, 0.8862881064414978, 0.506110429763794, 0.7450823783874512, 0.46880337595939636, 0.31259527802467346, 0.23864136636257172, 0.38590726256370544, 0.6106332540512085, 0.9556085467338562, 0.7405283451080322, 0.25414350628852844, 0.3570602238178253, 0.1057959496974945, -0.001725063775666058, 0.11814258247613907, 0.17343445122241974, 0.5403213500976562]
[test]
test/correction_beneficial_ratio: 0.5087893009185791
test/correction_beneficial_ratio_far: 0.5170739889144897
test/correction_beneficial_ratio_middle: 0.4951866865158081
test/correction_beneficial_ratio_near: 0.5141072869300842
test/correction_cosine_far: 0.018179526552557945
test/correction_cosine_mean: 0.01686810702085495
test/correction_cosine_middle: 0.007065409794449806
test/correction_cosine_near: 0.025359390303492546
test/correction_magnitude_ratio_far: 0.03462926670908928
test/correction_magnitude_ratio_mean: 0.04134974256157875
test/correction_magnitude_ratio_middle: 0.03835101053118706
test/correction_magnitude_ratio_near: 0.05106895789504051
test/correction_optimal_scalar_far: 0.2273377776145935
test/correction_optimal_scalar_mean: 0.15292775630950928
test/correction_optimal_scalar_middle: -0.05285777524113655
test/correction_optimal_scalar_near: 0.2843031883239746
test/correction_patch_beneficial_ratio: [0.4322810471057892, 0.48940935730934143, 0.5416496992111206, 0.5591649413108826, 0.5497963428497314, 0.5318737030029297, 0.5146639347076416, 0.518737256526947, 0.5220977663993835, 0.4981670081615448, 0.47810590267181396, 0.5120162963867188, 0.5407332181930542, 0.5240325927734375, 0.4988798499107361, 0.4915478527545929, 0.49205702543258667, 0.5013238191604614, 0.49786150455474854, 0.5014256834983826, 0.5114052891731262, 0.5151731371879578, 0.49439918994903564, 0.4864562153816223, 0.478513240814209, 0.4704684317111969, 0.4858452081680298, 0.4842158854007721, 0.4945010244846344, 0.5226069092750549, 0.544501006603241, 0.5423625111579895, 0.5331975817680359, 0.5194501280784607, 0.5142565965652466, 0.5130346417427063, 0.49847251176834106, 0.48706722259521484, 0.5109979510307312, 0.5286150574684143, 0.5390020608901978, 0.5331975817680359, 0.5133401155471802, 0.49989816546440125, 0.4787169098854065]
test/correction_patch_cosine: [-0.011456796899437904, 0.013656524941325188, 0.05301855504512787, 0.06585468351840973, 0.04939809441566467, 0.031366001814603806, 0.018424170091748238, 0.02262679487466812, 0.02702098712325096, 0.008870153687894344, -0.0015267877606675029, 0.02386883646249771, 0.03979786857962608, 0.026827001944184303, 0.012644931674003601, 0.0022816259879618883, 0.0017220716690644622, 0.010435822419822216, 0.010185318067669868, 0.009464397095143795, 0.023473434150218964, 0.02977653779089451, 0.013318905606865883, 0.008218768052756786, -0.0016244453145191073, -0.010289807803928852, -0.00521795405074954, -0.00716274743899703, -0.0035861937794834375, 0.024985421448946, 0.04158354550600052, 0.03900104761123657, 0.035382118076086044, 0.021729767322540283, 0.00973916333168745, 0.0055151935666799545, -0.003338991664350033, -0.005315117537975311, 0.019403396174311638, 0.03880523517727852, 0.03517580404877663, 0.029529429972171783, 0.017860110849142075, -0.0019667050801217556, -0.010411347262561321]
test/correction_patch_magnitude_ratio: [0.09572364389896393, 0.06301838159561157, 0.05442720651626587, 0.05221542716026306, 0.052111368626356125, 0.0530036985874176, 0.051628295332193375, 0.049345940351486206, 0.046929724514484406, 0.04346819967031479, 0.040356770157814026, 0.04003458097577095, 0.04039521515369415, 0.04125699773430824, 0.04211926832795143, 0.041771579533815384, 0.040799833834171295, 0.04024680703878403, 0.03901166468858719, 0.0379643552005291, 0.03804738074541092, 0.03871598094701767, 0.038977641612291336, 0.03974651172757149, 0.0391191802918911, 0.037816599011421204, 0.036677826195955276, 0.03574655205011368, 0.035081423819065094, 0.0355415903031826, 0.03586914390325546, 0.03622416779398918, 0.03699788823723793, 0.036644428968429565, 0.03534979000687599, 0.03444821760058403, 0.034028954803943634, 0.033549755811691284, 0.03381890803575516, 0.033941734582185745, 0.033876918256282806, 0.034369416534900665, 0.034143105149269104, 0.0332515724003315, 0.03292492777109146]
test/correction_patch_optimal_scalar: [-0.6776397228240967, -0.39951634407043457, 0.7300913333892822, 1.3086273670196533, 0.9157373905181885, 0.5890699028968811, 0.37309780716896057, 0.33681052923202515, 0.35805031657218933, -0.311710387468338, -0.825667679309845, 0.2258940190076828, 0.8545637726783752, 0.5308029055595398, 0.256341814994812, 0.05920716002583504, 0.09985946118831635, 0.24923484027385712, 0.08296115696430206, -0.28121131658554077, 0.18908903002738953, 0.3576887845993042, -0.14917676150798798, -0.2414054572582245, -0.4179336428642273, -0.7086257934570312, -0.2932429313659668, -0.19322669506072998, -0.21359510719776154, 0.6675137281417847, 1.1008872985839844, 0.8001631498336792, 0.774194061756134, 0.5567605495452881, 0.29013749957084656, 0.2116374522447586, -0.28476184606552124, -0.41955482959747314, 0.380043625831604, 0.8373489379882812, 0.4787600636482239, 0.28307121992111206, -0.03344382718205452, -0.6365522742271423, -0.9286313652992249]
