[train]
train/correction_beneficial_ratio: 0.46321868896484375
train/correction_beneficial_ratio_far: 0.4590063691139221
train/correction_beneficial_ratio_middle: 0.45861709117889404
train/correction_beneficial_ratio_near: 0.4720325767993927
train/correction_cosine_far: -0.03367367386817932
train/correction_cosine_mean: -0.029460210353136063
train/correction_cosine_middle: -0.03784316033124924
train/correction_cosine_near: -0.01686384342610836
train/correction_magnitude_ratio_far: 0.013501486741006374
train/correction_magnitude_ratio_mean: 0.01497301273047924
train/correction_magnitude_ratio_middle: 0.014686956070363522
train/correction_magnitude_ratio_near: 0.01673060841858387
train/correction_optimal_scalar_far: 0.6954210996627808
train/correction_optimal_scalar_mean: -0.5108984112739563
train/correction_optimal_scalar_middle: -1.5259830951690674
train/correction_optimal_scalar_near: -0.7021327018737793
train/correction_patch_beneficial_ratio: [0.4613964557647705, 0.4873567819595337, 0.4969967007637024, 0.4801195561885834, 0.47985583543777466, 0.4579097032546997, 0.44059303402900696, 0.4434644877910614, 0.4628615081310272, 0.45708927512168884, 0.4600193500518799, 0.4539248049259186, 0.4633595943450928, 0.469600647687912, 0.46306660771369934, 0.4640335142612457, 0.4635647237300873, 0.4563860595226288, 0.45102405548095703, 0.4533095061779022, 0.4616601765155792]
train/correction_patch_cosine: [-0.02927880734205246, -0.0008888234733603895, 0.0075167203322052956, -0.004210533108562231, -0.010260997340083122, -0.031219247728586197, -0.04970517382025719, -0.04946216940879822, -0.03605778515338898, -0.04272184148430824, -0.03641219809651375, -0.043717436492443085, -0.03338538855314255, -0.023144956678152084, -0.0326961874961853, -0.03127457946538925, -0.02604379877448082, -0.03278258070349693, -0.03869980573654175, -0.03836078941822052, -0.03585802763700485]
train/correction_patch_magnitude_ratio: [0.02213183231651783, 0.016532639041543007, 0.01600121520459652, 0.015836404636502266, 0.01540251262485981, 0.015863602980971336, 0.015345989726483822, 0.01482904702425003, 0.014738451689481735, 0.014690838754177094, 0.014768622815608978, 0.015227722004055977, 0.01454748585820198, 0.014006512239575386, 0.013642041943967342, 0.013365467078983784, 0.013506975024938583, 0.013940212316811085, 0.013752435334026814, 0.013259866274893284, 0.013043421320617199]
train/correction_patch_optimal_scalar: [-0.19309358298778534, 0.2911178469657898, 1.0728235244750977, 3.5482497215270996, -0.16433708369731903, -5.143564224243164, -4.3261003494262695, -2.5789027214050293, 0.9303020238876343, 5.691190719604492, 3.119248390197754, -5.462108135223389, -7.988166332244873, -4.393481731414795, -0.23066572844982147, 4.06752872467041, 2.682236909866333, -0.7316727042198181, 0.931445300579071, -0.3662450611591339, -1.484669804573059]
[test]
test/correction_beneficial_ratio: 0.4881708025932312
test/correction_beneficial_ratio_far: 0.4935053288936615
test/correction_beneficial_ratio_middle: 0.4941311776638031
test/correction_beneficial_ratio_near: 0.4768759310245514
test/correction_cosine_far: 0.0071516395546495914
test/correction_cosine_mean: -0.004533850587904453
test/correction_cosine_middle: 0.002427866216748953
test/correction_cosine_near: -0.023181051015853882
test/correction_magnitude_ratio_far: 0.0122831454500556
test/correction_magnitude_ratio_mean: 0.012987038120627403
test/correction_magnitude_ratio_middle: 0.01285929512232542
test/correction_magnitude_ratio_near: 0.013818680308759212
test/correction_optimal_scalar_far: 12.816276550292969
test/correction_optimal_scalar_mean: 9.899785995483398
test/correction_optimal_scalar_middle: 12.26059341430664
test/correction_optimal_scalar_near: 4.622487545013428
test/correction_patch_beneficial_ratio: [0.43620920181274414, 0.471166729927063, 0.49146178364753723, 0.4775145351886749, 0.48931604623794556, 0.49932944774627686, 0.4731336534023285, 0.48144838213920593, 0.48860079050064087, 0.47867679595947266, 0.5016540288925171, 0.510236918926239, 0.4956638216972351, 0.5026374459266663, 0.48538219928741455, 0.48538219928741455, 0.4977201521396637, 0.4987930357456207, 0.48949486017227173, 0.49664729833602905, 0.5011175870895386]
test/correction_patch_cosine: [-0.06145855411887169, -0.02214059978723526, -0.008760358206927776, -0.02618401125073433, -0.01465389970690012, -0.008597317151725292, -0.020472723990678787, -0.011204341426491737, -0.009616894647479057, -0.012864992953836918, 0.008649148046970367, 0.014737166464328766, 0.009851672686636448, 0.01744331791996956, 0.0015921826707199216, -0.0005176721606403589, 0.01811450533568859, 0.015431900508701801, -0.002955314004793763, 0.007154695224016905, 0.011241240426898003]
test/correction_patch_magnitude_ratio: [0.018296534195542336, 0.012860869988799095, 0.012621995061635971, 0.01272086426615715, 0.012785241939127445, 0.01393391378223896, 0.01351134479045868, 0.012511244975030422, 0.012400252744555473, 0.01277781743556261, 0.013114111497998238, 0.013726944103837013, 0.013124220073223114, 0.012360405176877975, 0.01192704401910305, 0.011960460804402828, 0.012507895939052105, 0.013023425824940205, 0.012746747583150864, 0.011968223378062248, 0.011848228052258492]
test/correction_patch_optimal_scalar: [-1.759317398071289, -0.34899118542671204, 10.522061347961426, 19.328718185424805, 5.585996150970459, -0.07102008163928986, -0.9000728130340576, 1.5342748165130615, 21.133527755737305, 25.09052848815918, 14.184722900390625, 9.733115196228027, 6.275097846984863, 7.872945308685303, 13.932493209838867, 17.28017807006836, 9.52091121673584, 7.534457206726074, 11.220466613769531, 10.642884254455566, 19.58254623413086]
