[train]
train/correction_beneficial_ratio: 0.49082571268081665
train/correction_beneficial_ratio_far: 0.5110543370246887
train/correction_beneficial_ratio_middle: 0.492328017950058
train/correction_beneficial_ratio_near: 0.46909478306770325
train/correction_cosine_far: 0.017670106142759323
train/correction_cosine_mean: 0.0030939870048314333
train/correction_cosine_middle: 0.006131753791123629
train/correction_cosine_near: -0.014519880525767803
train/correction_magnitude_ratio_far: 0.012202133424580097
train/correction_magnitude_ratio_mean: 0.013860631734132767
train/correction_magnitude_ratio_middle: 0.01324494369328022
train/correction_magnitude_ratio_near: 0.01613481529057026
train/correction_optimal_scalar_far: 2.564143657684326
train/correction_optimal_scalar_mean: 1.7166224718093872
train/correction_optimal_scalar_middle: 2.217045307159424
train/correction_optimal_scalar_near: 0.3686745762825012
train/correction_patch_beneficial_ratio: [0.4442172646522522, 0.4658147096633911, 0.4624920189380646, 0.4550798833370209, 0.46198081970214844, 0.47335463762283325, 0.4794888198375702, 0.47578275203704834, 0.4690095782279968, 0.47335463762283325, 0.46351438760757446, 0.47373801469802856, 0.4830670952796936, 0.4788498282432556, 0.4766773283481598, 0.4805111885070801, 0.486645370721817, 0.48076677322387695, 0.48996806144714355, 0.4756549596786499, 0.485878586769104, 0.4872843325138092, 0.48396167159080505, 0.5009584426879883, 0.506325900554657, 0.5133546590805054, 0.49942493438720703, 0.5038977861404419, 0.49456867575645447, 0.4957188367843628, 0.5051757097244263, 0.49495208263397217, 0.509009599685669, 0.5104153156280518, 0.4922683835029602, 0.5015974640846252, 0.509904146194458, 0.5013418793678284, 0.5134824514389038, 0.5269009470939636, 0.5272843241691589, 0.5198721885681152, 0.5153993368148804, 0.519233226776123, 0.5189776420593262]
train/correction_patch_cosine: [-0.03127549588680267, -0.02056034654378891, -0.02463897503912449, -0.0248113963752985, -0.01693715900182724, -0.014421562664210796, -0.008294754661619663, -0.008397402241826057, -0.016020765528082848, -0.016378674656152725, -0.02005882002413273, -0.012450074777007103, -0.0008861973183229566, -0.0005684752250090241, -0.002098205266520381, -2.704461985558737e-05, -0.0007990077137947083, -0.003258352167904377, 0.002070872113108635, -0.005154826678335667, 0.003973814658820629, -9.898322605295107e-05, 0.0007101654773578048, 0.014169649221003056, 0.014830559492111206, 0.019193077459931374, 0.012883374467492104, 0.012498841620981693, 0.011398245580494404, 0.009585583582520485, 0.010439940728247166, 0.012420818209648132, 0.01744987443089485, 0.01722513698041439, 0.0086045628413558, 0.012126615270972252, 0.015125064179301262, 0.011830216273665428, 0.023386815562844276, 0.027712980285286903, 0.02557601034641266, 0.02274336852133274, 0.02058545872569084, 0.02204100228846073, 0.01778380014002323]
train/correction_patch_magnitude_ratio: [0.02232448384165764, 0.018836073577404022, 0.018071094527840614, 0.016429243609309196, 0.016334403306245804, 0.01633998192846775, 0.015758091583848, 0.015613129362463951, 0.015293709933757782, 0.014846059493720531, 0.014556231908500195, 0.01457950659096241, 0.014256997033953667, 0.014320158399641514, 0.01446312665939331, 0.013974287547171116, 0.013883883133530617, 0.013959196396172047, 0.01360943540930748, 0.01344247441738844, 0.013503276742994785, 0.01318853348493576, 0.013112537562847137, 0.013305225409567356, 0.01294740755110979, 0.012933076359331608, 0.012898263521492481, 0.012587416917085648, 0.012651413679122925, 0.01267770491540432, 0.012516355141997337, 0.012671398930251598, 0.012712866999208927, 0.012293403036892414, 0.012239165604114532, 0.012234958820044994, 0.012151590548455715, 0.012035098858177662, 0.01228030864149332, 0.01206241175532341, 0.012048542499542236, 0.012040761299431324, 0.011832834221422672, 0.011986094526946545, 0.011926179751753807]
train/correction_patch_optimal_scalar: [-0.7651597857475281, -0.16011568903923035, -0.22896833717823029, -0.6834993958473206, 0.12700341641902924, 0.5232683420181274, 1.1917564868927002, 1.2372949123382568, 0.543882429599762, 0.34396085143089294, -0.19930049777030945, 0.028375349938869476, 0.9709615707397461, 1.2408027648925781, 1.359883189201355, 1.2795896530151367, 1.4608761072158813, 1.499951958656311, 2.1915175914764404, 1.5868662595748901, 2.520271062850952, 1.8554892539978027, 1.6527351140975952, 3.0932583808898926, 3.0181891918182373, 3.0930631160736084, 2.7357099056243896, 2.4738852977752686, 2.411717653274536, 2.382558584213257, 2.3493878841400146, 2.410618543624878, 2.731590747833252, 2.5321476459503174, 1.6333364248275757, 2.043740749359131, 2.360563039779663, 1.8784632682800293, 3.2125751972198486, 3.405333995819092, 3.1279163360595703, 2.8706843852996826, 2.8548152446746826, 2.802619695663452, 2.2483911514282227]
[test]
test/correction_beneficial_ratio: 0.4661010801792145
test/correction_beneficial_ratio_far: 0.46950486302375793
test/correction_beneficial_ratio_middle: 0.420299232006073
test/correction_beneficial_ratio_near: 0.5084991455078125
test/correction_cosine_far: -0.018906988203525543
test/correction_cosine_mean: -0.017022261396050453
test/correction_cosine_middle: -0.05020718649029732
test/correction_cosine_near: 0.01804749108850956
test/correction_magnitude_ratio_far: 0.012612382881343365
test/correction_magnitude_ratio_mean: 0.014360387809574604
test/correction_magnitude_ratio_middle: 0.013939255848526955
test/correction_magnitude_ratio_near: 0.016529574990272522
test/correction_optimal_scalar_far: -1.5960344076156616
test/correction_optimal_scalar_mean: -0.6596020460128784
test/correction_optimal_scalar_middle: -3.1612579822540283
test/correction_optimal_scalar_near: 2.778486967086792
test/correction_patch_beneficial_ratio: [0.46552520990371704, 0.4363720417022705, 0.4460897743701935, 0.47524294257164, 0.5122628211975098, 0.5252197980880737, 0.5404905080795288, 0.5377140045166016, 0.5326237678527832, 0.5650162100791931, 0.5289217829704285, 0.5219805836677551, 0.5182785987854004, 0.5168903470039368, 0.5048588514328003, 0.5205923318862915, 0.478482186794281, 0.4497917592525482, 0.4372975528240204, 0.39009717106819153, 0.4030541479587555, 0.3896344304084778, 0.3766774535179138, 0.38500693440437317, 0.42110133171081543, 0.42156410217285156, 0.41601109504699707, 0.40906986594200134, 0.39703840017318726, 0.40906986594200134, 0.43776029348373413, 0.43452104926109314, 0.4553447365760803, 0.4831096827983856, 0.4493290185928345, 0.4331327974796295, 0.46783897280693054, 0.4729292094707489, 0.49884313344955444, 0.5006940960884094, 0.4706154465675354, 0.4641369879245758, 0.49329015612602234, 0.48449790477752686, 0.49652937054634094]
test/correction_patch_cosine: [-0.012105561792850494, -0.024365095421671867, -0.024814914911985397, -0.01087875571101904, 0.015561770647764206, 0.03377207741141319, 0.043220240622758865, 0.04469907656311989, 0.0401146374642849, 0.04417034238576889, 0.028663694858551025, 0.027288421988487244, 0.021350188180804253, 0.022736676037311554, 0.02129943296313286, 0.009211422875523567, -0.009785252623260021, -0.017388498410582542, -0.035968903452157974, -0.06365527957677841, -0.05526462197303772, -0.07349098473787308, -0.08123546093702316, -0.06942273676395416, -0.06241193413734436, -0.05379952862858772, -0.055302053689956665, -0.06866767257452011, -0.06297821551561356, -0.05294884368777275, -0.052546318620443344, -0.04633310064673424, -0.024182243272662163, -0.02142726629972458, -0.03434478119015694, -0.03367502987384796, -0.013307972811162472, -0.01467299833893776, 0.01865449920296669, -0.0004022263747174293, -0.019820591434836388, -0.014700918458402157, -0.009547720663249493, -0.014497004449367523, -0.002801780356094241]
test/correction_patch_magnitude_ratio: [0.02073407731950283, 0.018619123846292496, 0.01777810975909233, 0.016785068437457085, 0.017108062282204628, 0.016902586445212364, 0.01672111637890339, 0.01652379147708416, 0.016105584800243378, 0.01564103551208973, 0.015286542475223541, 0.01523247268050909, 0.014840524643659592, 0.014841331169009209, 0.014823978766798973, 0.014368726871907711, 0.014570489525794983, 0.01471327431499958, 0.014420753344893456, 0.01424762699753046, 0.014044697396457195, 0.01367240585386753, 0.013555146753787994, 0.013748853467404842, 0.013386051170527935, 0.013551263138651848, 0.01386282779276371, 0.013386648148298264, 0.01372711081057787, 0.013832664117217064, 0.013614458963274956, 0.013773251324892044, 0.01366961095482111, 0.013056760653853416, 0.012967025861144066, 0.012842034921050072, 0.012545240111649036, 0.012302123010158539, 0.012604298070073128, 0.012162175960838795, 0.012109089642763138, 0.012172700837254524, 0.011815156787633896, 0.011790073476731777, 0.011761529371142387]
test/correction_patch_optimal_scalar: [0.009016902185976505, -1.0384585857391357, -1.3963459730148315, -0.6445087194442749, 1.572890281677246, 3.466290235519409, 4.252267360687256, 4.80110502243042, 4.519822120666504, 4.896859645843506, 3.791727304458618, 4.516300678253174, 4.18831729888916, 4.316326141357422, 4.425668716430664, 2.3516993522644043, 0.9743026494979858, 0.3865717649459839, -1.1194244623184204, -3.5224192142486572, -3.410040855407715, -5.085380554199219, -5.885598182678223, -5.413650989532471, -5.095499038696289, -4.565155506134033, -4.00784158706665, -5.2294158935546875, -4.307294845581055, -3.4897027015686035, -3.263721227645874, -2.931593179702759, -1.163325309753418, -1.1208293437957764, -2.250417709350586, -2.479041576385498, -0.9370905756950378, -1.755617380142212, 1.2551242113113403, -0.36787745356559753, -2.663325548171997, -2.234529733657837, -1.6180921792984009, -2.052503824234009, -0.3576791286468506]
