[train]
train/correction_beneficial_ratio: 0.5113780498504639
train/correction_beneficial_ratio_far: 0.5379680395126343
train/correction_beneficial_ratio_middle: 0.5134994387626648
train/correction_beneficial_ratio_near: 0.48266667127609253
train/correction_cosine_far: 0.03867541626095772
train/correction_cosine_mean: 0.01970640756189823
train/correction_cosine_middle: 0.024974141269922256
train/correction_cosine_near: -0.004530291073024273
train/correction_magnitude_ratio_far: 0.015972452238202095
train/correction_magnitude_ratio_mean: 0.019050275906920433
train/correction_magnitude_ratio_middle: 0.018285151571035385
train/correction_magnitude_ratio_near: 0.022893225774168968
train/correction_optimal_scalar_far: 3.7235467433929443
train/correction_optimal_scalar_mean: 2.642488718032837
train/correction_optimal_scalar_middle: 3.1156389713287354
train/correction_optimal_scalar_near: 1.0882792472839355
train/correction_patch_beneficial_ratio: [0.463386595249176, 0.4805111885070801, 0.47514376044273376, 0.47463259100914, 0.48958465456962585, 0.4791054427623749, 0.4851118326187134, 0.49597445130348206, 0.4770607054233551, 0.47616612911224365, 0.48038339614868164, 0.48319488763809204, 0.48741215467453003, 0.4999361038208008, 0.49239617586135864, 0.48038339614868164, 0.497891366481781, 0.5096485614776611, 0.5129712224006653, 0.5096485614776611, 0.5150159597396851, 0.498658150434494, 0.5060703158378601, 0.5165495276451111, 0.5150159597396851, 0.5277955532073975, 0.5298402309417725, 0.5189776420593262, 0.5327795743942261, 0.5312460064888, 0.5252395868301392, 0.5468370318412781, 0.5318849682807922, 0.5290734767913818, 0.5223003029823303, 0.5308626294136047, 0.5224280953407288, 0.5375080108642578, 0.5421086549758911, 0.5385303497314453, 0.5580830574035645, 0.5555271506309509, 0.5390415191650391, 0.5464536547660828, 0.5436421632766724]
train/correction_patch_cosine: [-0.013638481497764587, -0.009972656145691872, -0.018285639584064484, -0.016414642333984375, 0.002545165130868554, -0.0038854035083204508, -0.003356704954057932, 0.003280940931290388, -0.008444549515843391, -0.008416599594056606, -0.008580643683671951, -0.004857596009969711, 0.0011104249861091375, 0.011149907484650612, 0.009811941534280777, 0.00403100298717618, 0.014357796870172024, 0.01986105926334858, 0.02606559544801712, 0.02251671999692917, 0.026192903518676758, 0.015082696452736855, 0.02254628948867321, 0.029668238013982773, 0.023416439071297646, 0.03355998545885086, 0.032113946974277496, 0.02846006490290165, 0.04125407710671425, 0.03548524156212807, 0.032336920499801636, 0.043039508163928986, 0.03904658183455467, 0.02918338030576706, 0.026447957381606102, 0.0316266305744648, 0.029970495030283928, 0.035696178674697876, 0.04309666529297829, 0.040087662637233734, 0.05071331933140755, 0.05117713660001755, 0.037123698741197586, 0.04622156172990799, 0.044363200664520264]
train/correction_patch_magnitude_ratio: [0.03281088173389435, 0.02719719335436821, 0.025735467672348022, 0.023483233526349068, 0.02354775182902813, 0.023078052327036858, 0.0224436167627573, 0.02222580648958683, 0.021405605599284172, 0.020941533148288727, 0.02020474337041378, 0.020036522299051285, 0.020111732184886932, 0.020159689709544182, 0.02001647837460041, 0.01952887885272503, 0.019392501562833786, 0.01933072693645954, 0.019270244985818863, 0.018856994807720184, 0.018718304112553596, 0.018409419804811478, 0.018201932311058044, 0.01831175573170185, 0.017890656366944313, 0.017693273723125458, 0.017546609044075012, 0.01707247830927372, 0.01722582057118416, 0.016827650368213654, 0.01687733829021454, 0.016862252727150917, 0.016587069258093834, 0.01629282347857952, 0.016039129346609116, 0.01595180109143257, 0.016087520867586136, 0.01589658297598362, 0.016167424619197845, 0.01593451388180256, 0.01583179458975792, 0.015498514287173748, 0.015142581425607204, 0.015289807692170143, 0.015127752907574177]
train/correction_patch_optimal_scalar: [0.026352304965257645, 0.30253884196281433, 0.26243478059768677, 0.23090380430221558, 1.3083416223526, 1.007623314857483, 1.1374163627624512, 1.5469895601272583, 1.1592094898223877, 1.104453444480896, 1.15690016746521, 1.1877107620239258, 1.4676536321640015, 2.26064395904541, 2.165015935897827, 1.4332503080368042, 2.2960221767425537, 2.815573215484619, 3.2034006118774414, 3.02547287940979, 3.291031837463379, 2.590106725692749, 3.1329917907714844, 3.6770687103271484, 3.0450143814086914, 3.4682507514953613, 3.512802839279175, 3.2713656425476074, 4.061363697052002, 3.9108705520629883, 3.4945502281188965, 4.056060791015625, 3.818230152130127, 3.0862205028533936, 2.875427484512329, 3.3517136573791504, 3.4465599060058594, 3.6552979946136475, 4.1772260665893555, 3.936413049697876, 4.527290344238281, 4.389032363891602, 3.3714489936828613, 3.941697835922241, 3.726038932800293]
[test]
test/correction_beneficial_ratio: 0.5095686316490173
test/correction_beneficial_ratio_far: 0.5320068001747131
test/correction_beneficial_ratio_middle: 0.4731143116950989
test/correction_beneficial_ratio_near: 0.52358478307724
test/correction_cosine_far: 0.042516350746154785
test/correction_cosine_mean: 0.02449139393866062
test/correction_cosine_middle: -0.0032900094520300627
test/correction_cosine_near: 0.03424781933426857
test/correction_magnitude_ratio_far: 0.01939001865684986
test/correction_magnitude_ratio_mean: 0.021772902458906174
test/correction_magnitude_ratio_middle: 0.021058587357401848
test/correction_magnitude_ratio_near: 0.02487010508775711
test/correction_optimal_scalar_far: 1.3758083581924438
test/correction_optimal_scalar_mean: 0.8537890911102295
test/correction_optimal_scalar_middle: -0.7761241793632507
test/correction_optimal_scalar_near: 1.9616838693618774
test/correction_patch_beneficial_ratio: [0.45118001103401184, 0.4382230341434479, 0.44238778948783875, 0.4405367970466614, 0.5104118585586548, 0.5224432945251465, 0.543267011642456, 0.5691809058189392, 0.5701064467430115, 0.5640906691551208, 0.5622397065162659, 0.5617769360542297, 0.5539102554321289, 0.5599259734153748, 0.5640906691551208, 0.527996301651001, 0.5062471032142639, 0.49005091190338135, 0.45441925525665283, 0.4442387819290161, 0.46783897280693054, 0.40814438462257385, 0.4155483543872833, 0.4636742174625397, 0.47894492745399475, 0.49005091190338135, 0.5002313852310181, 0.4770939350128174, 0.488199919462204, 0.4840351641178131, 0.4706154465675354, 0.49097639322280884, 0.5127255916595459, 0.5219805836677551, 0.5030078887939453, 0.5400277376174927, 0.5585377216339111, 0.5552984476089478, 0.5987968444824219, 0.5636279582977295, 0.5349375009536743, 0.5335493087768555, 0.5127255916595459, 0.5270708203315735, 0.55622398853302]
test/correction_patch_cosine: [-0.026949241757392883, -0.032319195568561554, -0.03516019880771637, -0.03653261810541153, 0.023777024820446968, 0.03466318920254707, 0.05422322079539299, 0.0737428292632103, 0.07110336422920227, 0.06539006531238556, 0.056275416165590286, 0.06222803145647049, 0.05734553188085556, 0.07546312361955643, 0.07046664506196976, 0.04186466336250305, 0.02260756306350231, 0.016779644414782524, -0.010333924554288387, -0.025213932618498802, -0.013614610768854618, -0.056594546884298325, -0.04440818727016449, -0.009486903436481953, -0.005848821252584457, 0.012860377319157124, 0.021068118512630463, -0.0045778583735227585, 0.005142967216670513, 0.000405349099310115, -0.0001688440388534218, 0.018631594255566597, 0.03939138725399971, 0.028536411002278328, 0.024634333327412605, 0.04824019595980644, 0.06283798813819885, 0.061992794275283813, 0.09707772731781006, 0.057385869324207306, 0.03954997658729553, 0.0424717478454113, 0.02092570997774601, 0.030135871842503548, 0.06610291451215744]
test/correction_patch_magnitude_ratio: [0.03205595910549164, 0.027905425056815147, 0.02599220909178257, 0.02481999062001705, 0.02581639401614666, 0.024915482848882675, 0.025523390620946884, 0.025424769148230553, 0.02392076514661312, 0.0235154889523983, 0.022918827831745148, 0.022424574941396713, 0.022616306319832802, 0.02288351021707058, 0.022318663075566292, 0.022023526951670647, 0.022029876708984375, 0.021952152252197266, 0.02211061120033264, 0.02183556742966175, 0.020992545410990715, 0.02086310088634491, 0.020632945001125336, 0.020473795011639595, 0.02038249373435974, 0.020528307184576988, 0.020566748455166817, 0.02012680470943451, 0.021032631397247314, 0.020327547565102577, 0.02103540487587452, 0.0213059913367033, 0.020607037469744682, 0.02031376212835312, 0.019901609048247337, 0.01942135952413082, 0.01970280520617962, 0.01917031593620777, 0.019383689388632774, 0.019113432615995407, 0.018849948421120644, 0.018448295071721077, 0.01796800270676613, 0.017962994053959846, 0.017665604129433632]
test/correction_patch_optimal_scalar: [-0.6598033905029297, -0.8692843317985535, -1.6684211492538452, -1.8250466585159302, 0.987490177154541, 1.5716633796691895, 2.3565618991851807, 3.5789694786071777, 3.580918550491333, 3.248539924621582, 3.090519666671753, 3.490919351577759, 3.6840970516204834, 4.754303932189941, 4.103858947753906, 2.0286829471588135, 1.382669448852539, 0.7769815325737, -0.549241840839386, -1.3035261631011963, -1.4105030298233032, -3.591916084289551, -3.3547632694244385, -2.131523609161377, -1.8614336252212524, -0.6533024311065674, 0.11636006832122803, -0.9771949648857117, 0.0997590646147728, -0.2129238396883011, -0.6016626358032227, 0.39050304889678955, 1.1330043077468872, 0.19796985387802124, -0.08011512458324432, 1.2275758981704712, 2.608327865600586, 2.5117433071136475, 4.232707500457764, 2.1560332775115967, 1.019431471824646, 0.8988415002822876, 0.19526301324367523, 1.0113199949264526, 3.7361552715301514]
