[train]
train/correction_beneficial_ratio: 0.4552963674068451
train/correction_beneficial_ratio_far: 0.4637279510498047
train/correction_beneficial_ratio_middle: 0.4467126727104187
train/correction_beneficial_ratio_near: 0.4554484486579895
train/correction_cosine_far: -0.028745900839567184
train/correction_cosine_mean: -0.03791545331478119
train/correction_cosine_middle: -0.0498446561396122
train/correction_cosine_near: -0.03515581414103508
train/correction_magnitude_ratio_far: 0.010614248923957348
train/correction_magnitude_ratio_mean: 0.01373266987502575
train/correction_magnitude_ratio_middle: 0.012483582831919193
train/correction_magnitude_ratio_near: 0.018100187182426453
train/correction_optimal_scalar_far: -1.645912528038025
train/correction_optimal_scalar_mean: -1.5741186141967773
train/correction_optimal_scalar_middle: -1.7499035596847534
train/correction_optimal_scalar_near: -1.3265376091003418
train/correction_patch_beneficial_ratio: [0.48366492986679077, 0.4447537362575531, 0.4258255362510681, 0.4305136501789093, 0.457821786403656, 0.48009026050567627, 0.46546924114227295, 0.4495297372341156, 0.43950891494750977, 0.43959683179855347, 0.45345601439476013, 0.45243048667907715, 0.44870930910110474, 0.4437575042247772, 0.44783028960227966, 0.44982272386550903, 0.46532273292541504, 0.4816138744354248, 0.48680007457733154, 0.4638284146785736, 0.4508775472640991]
train/correction_patch_cosine: [-0.004736015107482672, -0.0484708808362484, -0.06276647746562958, -0.055701859295368195, -0.03331378847360611, -0.014490061439573765, -0.02661178633570671, -0.050252966582775116, -0.057104747742414474, -0.05279575288295746, -0.044840626418590546, -0.048631854355335236, -0.047898340970277786, -0.04738800227642059, -0.044063687324523926, -0.041654832661151886, -0.02955830655992031, -0.011416123248636723, -0.006058968137949705, -0.028447961434721947, -0.040021419525146484]
train/correction_patch_magnitude_ratio: [0.0255433302372694, 0.020276522263884544, 0.01805594563484192, 0.016288861632347107, 0.015868565067648888, 0.01595601812005043, 0.014712067320942879, 0.013275831937789917, 0.012579111382365227, 0.012388153932988644, 0.012649367563426495, 0.013090838678181171, 0.012310606427490711, 0.011091144755482674, 0.010694504715502262, 0.010997036471962929, 0.01136597990989685, 0.011449882760643959, 0.01061516348272562, 0.009687008336186409, 0.00949014537036419]
train/correction_patch_optimal_scalar: [-0.36912569403648376, -2.980402708053589, -3.4628474712371826, -3.131678819656372, -0.8981503248214722, 1.5521175861358643, 0.004327674861997366, -2.0377438068389893, -0.6741388440132141, -0.9145655035972595, -1.5432442426681519, -2.1706154346466064, -2.662827968597412, -2.2461884021759033, -1.2734791040420532, -2.4269187450408936, -1.849866271018982, 0.660481870174408, 0.5096072554588318, -3.0779025554656982, -4.063334941864014]
[test]
test/correction_beneficial_ratio: 0.3650509715080261
test/correction_beneficial_ratio_far: 0.37085381150245667
test/correction_beneficial_ratio_middle: 0.33845072984695435
test/correction_beneficial_ratio_near: 0.38584840297698975
test/correction_cosine_far: -0.1481420248746872
test/correction_cosine_mean: -0.14376330375671387
test/correction_cosine_middle: -0.17758877575397491
test/correction_cosine_near: -0.10555905103683472
test/correction_magnitude_ratio_far: 0.009813033044338226
test/correction_magnitude_ratio_mean: 0.013182992115616798
test/correction_magnitude_ratio_middle: 0.0116689782589674
test/correction_magnitude_ratio_near: 0.01806698553264141
test/correction_optimal_scalar_far: -14.027758598327637
test/correction_optimal_scalar_mean: -11.815912246704102
test/correction_optimal_scalar_middle: -14.565837860107422
test/correction_optimal_scalar_near: -6.854123592376709
test/correction_patch_beneficial_ratio: [0.4143942892551422, 0.37898972630500793, 0.3524363040924072, 0.37022799253463745, 0.39079123735427856, 0.4190433621406555, 0.37505587935447693, 0.3233795166015625, 0.3154224455356598, 0.32579347491264343, 0.3525257110595703, 0.36146625876426697, 0.35172104835510254, 0.33884668350219727, 0.3308001756668091, 0.35279393196105957, 0.38480105996131897, 0.40545374155044556, 0.41081807017326355, 0.3693339228630066, 0.3419758677482605]
test/correction_patch_cosine: [-0.0612771213054657, -0.11192414909601212, -0.13259704411029816, -0.12341926246881485, -0.10204009711742401, -0.08202117681503296, -0.12563534080982208, -0.17953824996948242, -0.19472476840019226, -0.1900649219751358, -0.17050985991954803, -0.15975821018218994, -0.1716676503419876, -0.17685800790786743, -0.1804322749376297, -0.17010441422462463, -0.1389482319355011, -0.10884933173656464, -0.11355628818273544, -0.14686696231365204, -0.1782362461090088]
test/correction_patch_magnitude_ratio: [0.02578738145530224, 0.020691735669970512, 0.01828600838780403, 0.016213346272706985, 0.01535276509821415, 0.015760863199830055, 0.014376750215888023, 0.012790540233254433, 0.011723868548870087, 0.011382300406694412, 0.011684718541800976, 0.012326790951192379, 0.011413756757974625, 0.010360839776694775, 0.00978055875748396, 0.009938572533428669, 0.01048688217997551, 0.010893372818827629, 0.009919698350131512, 0.009036385454237461, 0.008635696023702621]
test/correction_patch_optimal_scalar: [-3.627509355545044, -6.885694980621338, -8.590710639953613, -8.229105949401855, -6.196875095367432, -3.7180187702178955, -10.73095989227295, -17.053194046020508, -16.403425216674805, -15.125779151916504, -12.368318557739258, -9.351378440856934, -13.845979690551758, -17.812803268432617, -17.154090881347656, -16.203397750854492, -11.088728904724121, -5.3335347175598145, -9.038536071777344, -17.123435974121094, -22.252674102783203]
