[train]
train/correction_beneficial_ratio: 0.4187236428260803
train/correction_beneficial_ratio_far: 0.4332260489463806
train/correction_beneficial_ratio_middle: 0.3977178931236267
train/correction_beneficial_ratio_near: 0.42522698640823364
train/correction_cosine_far: -0.05855565518140793
train/correction_cosine_mean: -0.0662040039896965
train/correction_cosine_middle: -0.08709337562322617
train/correction_cosine_near: -0.05296298488974571
train/correction_magnitude_ratio_far: 0.017026398330926895
train/correction_magnitude_ratio_mean: 0.021829111501574516
train/correction_magnitude_ratio_middle: 0.01978711597621441
train/correction_magnitude_ratio_near: 0.028673801571130753
train/correction_optimal_scalar_far: 1.621402621269226
train/correction_optimal_scalar_mean: -0.4489298164844513
train/correction_optimal_scalar_middle: -0.8606112003326416
train/correction_optimal_scalar_near: -2.107577085494995
train/correction_patch_beneficial_ratio: [0.4494125247001648, 0.4266166687011719, 0.4211081564426422, 0.41574615240097046, 0.42251458764076233, 0.4247414171695709, 0.4164493680000305, 0.4017990529537201, 0.39078202843666077, 0.3900495171546936, 0.39629054069519043, 0.3996308147907257, 0.401769757270813, 0.40370360016822815, 0.40130093693733215, 0.41433972120285034, 0.42635294795036316, 0.4469219744205475, 0.45606374740600586, 0.44859209656715393, 0.4390107989311218]
train/correction_patch_cosine: [-0.02180437557399273, -0.05165500193834305, -0.05916578322649002, -0.06342293322086334, -0.059053488075733185, -0.05450917035341263, -0.06112981215119362, -0.07778900116682053, -0.09044111520051956, -0.09452305734157562, -0.0924084484577179, -0.08865918964147568, -0.08393091708421707, -0.08190194517374039, -0.08470901101827621, -0.07629074156284332, -0.06770708411931992, -0.04856133088469505, -0.03859595209360123, -0.044572070240974426, -0.04945361241698265]
train/correction_patch_magnitude_ratio: [0.0425025150179863, 0.03186580538749695, 0.027784330770373344, 0.025602277368307114, 0.024767939001321793, 0.024834783747792244, 0.023358982056379318, 0.021670622751116753, 0.020490456372499466, 0.01978488638997078, 0.019664078950881958, 0.019708797335624695, 0.01906457170844078, 0.01812639646232128, 0.017465371638536453, 0.017217960208654404, 0.017213020473718643, 0.017346404492855072, 0.017005277797579765, 0.01663450337946415, 0.016302311792969704]
train/correction_patch_optimal_scalar: [-3.5899147987365723, -6.734297752380371, -3.9203243255615234, -0.6322659254074097, -1.4963786602020264, -0.5228887796401978, 2.1429989337921143, 2.1942598819732666, -0.5134162902832031, -4.423914909362793, -3.985644578933716, -2.253269672393799, 0.5271451473236084, 2.430572271347046, 2.176187753677368, -0.9144308567047119, -1.9506090879440308, 1.296715497970581, 5.980480194091797, 2.5516915321350098, 2.2097771167755127]
[test]
test/correction_beneficial_ratio: 0.34911125898361206
test/correction_beneficial_ratio_far: 0.38518422842025757
test/correction_beneficial_ratio_middle: 0.3195478618144989
test/correction_beneficial_ratio_near: 0.3426016867160797
test/correction_cosine_far: -0.11545530706644058
test/correction_cosine_mean: -0.14431025087833405
test/correction_cosine_middle: -0.18084871768951416
test/correction_cosine_near: -0.13662655651569366
test/correction_magnitude_ratio_far: 0.019326312467455864
test/correction_magnitude_ratio_mean: 0.024479446932673454
test/correction_magnitude_ratio_middle: 0.021777864545583725
test/correction_magnitude_ratio_near: 0.03233417496085167
test/correction_optimal_scalar_far: -10.734489440917969
test/correction_optimal_scalar_mean: -9.736828804016113
test/correction_optimal_scalar_middle: -12.08926773071289
test/correction_optimal_scalar_near: -6.386728763580322
test/correction_patch_beneficial_ratio: [0.38220831751823425, 0.3392042815685272, 0.3298167288303375, 0.32320070266723633, 0.33106839656829834, 0.34510505199432373, 0.34760841727256775, 0.3274027705192566, 0.3187304437160492, 0.314170777797699, 0.31113097071647644, 0.31184622645378113, 0.3245418071746826, 0.32901206612586975, 0.3392936885356903, 0.3646848499774933, 0.38560572266578674, 0.40607956051826477, 0.4105498492717743, 0.4006258249282837, 0.38945016264915466]
test/correction_patch_cosine: [-0.07712648808956146, -0.13350076973438263, -0.14795644581317902, -0.15963628888130188, -0.15452180802822113, -0.1384631097316742, -0.14518040418624878, -0.1726316213607788, -0.18242734670639038, -0.18928365409374237, -0.19089876115322113, -0.18429593741893768, -0.17524880170822144, -0.17115578055381775, -0.1664033830165863, -0.14877921342849731, -0.12491120398044586, -0.08953592926263809, -0.08172433078289032, -0.09296146780252457, -0.10387235134840012]
test/correction_patch_magnitude_ratio: [0.04728127643465996, 0.03565966710448265, 0.031433865427970886, 0.0290969330817461, 0.028322342783212662, 0.028458794578909874, 0.026086363941431046, 0.023601286113262177, 0.022585412487387657, 0.022039037197828293, 0.021903494372963905, 0.022024119272828102, 0.020831983536481857, 0.019459668546915054, 0.01884644664824009, 0.01908048987388611, 0.019683009013533592, 0.02037791535258293, 0.019777936860919, 0.01892014779150486, 0.01859818957746029]
test/correction_patch_optimal_scalar: [-3.826192617416382, -4.6021928787231445, -4.7194318771362305, -9.637547492980957, -8.640536308288574, -7.587393760681152, -5.693831920623779, -8.059468269348145, -11.061345100402832, -15.564724922180176, -15.145796775817871, -13.077556610107422, -11.478104591369629, -10.237906455993652, -11.943943977355957, -12.970817565917969, -14.635826110839844, -11.815853118896484, -7.118015289306641, -6.597553730010986, -10.059369087219238]
