[train]
train/correction_beneficial_ratio: 0.5682839751243591
train/correction_beneficial_ratio_far: 0.6148753762245178
train/correction_beneficial_ratio_middle: 0.5704537034034729
train/correction_beneficial_ratio_near: 0.5195229053497314
train/correction_cosine_far: 0.11632491648197174
train/correction_cosine_mean: 0.07857458293437958
train/correction_cosine_middle: 0.0835101455450058
train/correction_cosine_near: 0.0358886681497097
train/correction_magnitude_ratio_far: 0.032536812126636505
train/correction_magnitude_ratio_mean: 0.036254726350307465
train/correction_magnitude_ratio_middle: 0.03545031324028969
train/correction_magnitude_ratio_near: 0.04077703133225441
train/correction_optimal_scalar_far: 5.159244537353516
train/correction_optimal_scalar_mean: 3.5161077976226807
train/correction_optimal_scalar_middle: 3.571406364440918
train/correction_optimal_scalar_near: 1.8176755905151367
train/correction_patch_beneficial_ratio: [0.508370578289032, 0.49878594279289246, 0.49878594279289246, 0.5139936208724976, 0.5184664726257324, 0.5067092776298523, 0.4981469511985779, 0.5113099217414856, 0.521022379398346, 0.5160383582115173, 0.521022379398346, 0.5316293835639954, 0.5451757311820984, 0.5509265065193176, 0.5524600744247437, 0.5597444176673889, 0.5515654683113098, 0.5518211126327515, 0.5583386421203613, 0.5716294050216675, 0.5695846676826477, 0.567284345626831, 0.5597444176673889, 0.5694568753242493, 0.5758466720581055, 0.5759744644165039, 0.5671565532684326, 0.5965495109558105, 0.5942491888999939, 0.5878594517707825, 0.5870926380157471, 0.5822364091873169, 0.584664523601532, 0.5934824347496033, 0.6069009304046631, 0.5997443795204163, 0.6077955365180969, 0.6163578033447266, 0.6279872059822083, 0.6365495324134827, 0.6467731595039368, 0.6374440789222717, 0.6348881721496582, 0.6338658332824707, 0.6273482441902161]
train/correction_patch_cosine: [0.026621468365192413, 0.028732791543006897, 0.020079100504517555, 0.02704082988202572, 0.02717454358935356, 0.017058979719877243, 0.013835426419973373, 0.021019602194428444, 0.027545537799596786, 0.035251062363386154, 0.03751266747713089, 0.054651547223329544, 0.06333639472723007, 0.06814080476760864, 0.07032936066389084, 0.07200653105974197, 0.07277357578277588, 0.06494751572608948, 0.07139522582292557, 0.07620648294687271, 0.07989353686571121, 0.0803653672337532, 0.0824522152543068, 0.0853039100766182, 0.089897520840168, 0.0919383242726326, 0.08379247784614563, 0.10225486755371094, 0.10405228286981583, 0.09537220001220703, 0.09326720982789993, 0.08947648108005524, 0.09382680803537369, 0.09525471925735474, 0.10193761438131332, 0.1069030836224556, 0.11457664519548416, 0.12079546600580215, 0.12560929358005524, 0.13485008478164673, 0.13867659866809845, 0.12829594314098358, 0.13377274572849274, 0.13461798429489136, 0.13301335275173187]
train/correction_patch_magnitude_ratio: [0.05195670947432518, 0.04557573422789574, 0.044040266424417496, 0.04085157811641693, 0.04014090076088905, 0.03985258564352989, 0.03932321071624756, 0.038947943598032, 0.03873699903488159, 0.03918737918138504, 0.03878537192940712, 0.038479309529066086, 0.03882284462451935, 0.03844689205288887, 0.038508091121912, 0.03790327534079552, 0.0372551791369915, 0.036970097571611404, 0.0364682711660862, 0.036070793867111206, 0.03581424430012703, 0.035565976053476334, 0.03527924790978432, 0.03531978651881218, 0.03520716354250908, 0.034555453807115555, 0.034332241863012314, 0.034114956855773926, 0.03355889022350311, 0.03333920240402222, 0.03355323523283005, 0.03337413817644119, 0.033160123974084854, 0.03294845297932625, 0.03290211781859398, 0.03260211646556854, 0.03268904983997345, 0.032412089407444, 0.03278746083378792, 0.03270909935235977, 0.032432250678539276, 0.03207430616021156, 0.03163718804717064, 0.031525544822216034, 0.03124489076435566]
train/correction_patch_optimal_scalar: [0.9415128827095032, 1.2279772758483887, 1.0787540674209595, 1.429527759552002, 1.542768120765686, 1.3029073476791382, 1.1387304067611694, 1.3689271211624146, 1.5953140258789062, 1.9667134284973145, 2.136270761489868, 2.630495309829712, 2.879025459289551, 2.9851410388946533, 3.041064977645874, 3.0550475120544434, 3.1230766773223877, 2.9861559867858887, 3.1953535079956055, 3.517956256866455, 3.513213634490967, 3.304851531982422, 3.3205807209014893, 3.6236016750335693, 3.6811885833740234, 3.7603023052215576, 3.6464016437530518, 4.326513290405273, 4.354519367218018, 4.162293910980225, 4.159670829772949, 4.198267936706543, 4.531303882598877, 4.540801525115967, 4.704047679901123, 4.953887462615967, 5.007832050323486, 5.358844757080078, 5.427067756652832, 5.743006706237793, 5.881965160369873, 5.564361572265625, 5.799283981323242, 5.8151092529296875, 5.703221797943115]
[test]
test/correction_beneficial_ratio: 0.5768831372261047
test/correction_beneficial_ratio_far: 0.574209451675415
test/correction_beneficial_ratio_middle: 0.6174610257148743
test/correction_beneficial_ratio_near: 0.5389788746833801
test/correction_cosine_far: 0.0630444660782814
test/correction_cosine_mean: 0.07124914228916168
test/correction_cosine_middle: 0.1011723056435585
test/correction_cosine_near: 0.04953055828809738
test/correction_magnitude_ratio_far: 0.03283154219388962
test/correction_magnitude_ratio_mean: 0.03533916175365448
test/correction_magnitude_ratio_middle: 0.03547219932079315
test/correction_magnitude_ratio_near: 0.037713758647441864
test/correction_optimal_scalar_far: 3.3568360805511475
test/correction_optimal_scalar_mean: 3.435474395751953
test/correction_optimal_scalar_middle: 4.199987888336182
test/correction_optimal_scalar_near: 2.7495930194854736
test/correction_patch_beneficial_ratio: [0.4729292094707489, 0.49976861476898193, 0.513188362121582, 0.5349375009536743, 0.5354002714157104, 0.5423415303230286, 0.5585377216339111, 0.5631651878356934, 0.5793613791465759, 0.5650162100791931, 0.5284590721130371, 0.5136510729789734, 0.5488200187683105, 0.5506709814071655, 0.5784358978271484, 0.5844516158103943, 0.5983341336250305, 0.599259614944458, 0.5983341336250305, 0.5918556451797485, 0.6094400882720947, 0.6159185767173767, 0.6168440580368042, 0.612216591835022, 0.6316519975662231, 0.6298010349273682, 0.6603424549102783, 0.6464599967002869, 0.659416913986206, 0.607589066028595, 0.6145303249359131, 0.601110577583313, 0.5881536602973938, 0.5728829503059387, 0.5779731869697571, 0.5571494698524475, 0.5853771567344666, 0.5849143862724304, 0.5714946985244751, 0.5705691576004028, 0.5613142251968384, 0.5576122403144836, 0.5617769360542297, 0.5571494698524475, 0.5511337518692017]
test/correction_patch_cosine: [-0.016545308753848076, 0.013330330140888691, 0.027786197140812874, 0.04785110056400299, 0.03816121071577072, 0.051139865070581436, 0.06313756853342056, 0.06397835165262222, 0.07795166224241257, 0.07856687158346176, 0.056362736970186234, 0.04155336692929268, 0.061376363039016724, 0.0635194331407547, 0.0747898742556572, 0.0814753919839859, 0.08513925224542618, 0.08612777292728424, 0.09309880435466766, 0.09620369970798492, 0.08954789489507675, 0.09009364247322083, 0.0896216407418251, 0.08557102084159851, 0.10182506591081619, 0.11896947026252747, 0.1344829946756363, 0.12337639927864075, 0.13584984838962555, 0.10620185732841492, 0.09657969325780869, 0.08554229140281677, 0.07861154526472092, 0.07160306721925735, 0.061928123235702515, 0.06041036546230316, 0.06818829476833344, 0.07646281272172928, 0.06948880106210709, 0.0654718354344368, 0.06208806112408638, 0.04837309569120407, 0.053461749106645584, 0.034395407885313034, 0.013061799108982086]
test/correction_patch_magnitude_ratio: [0.044592514634132385, 0.041054148226976395, 0.04019341617822647, 0.038184668868780136, 0.03802253678441048, 0.03818824887275696, 0.03767712041735649, 0.037195395678281784, 0.03664195165038109, 0.035977769643068314, 0.03578086942434311, 0.03562764450907707, 0.03558327630162239, 0.035338494926691055, 0.035647839307785034, 0.0353989452123642, 0.03543541952967644, 0.03609234839677811, 0.03638071566820145, 0.03662041202187538, 0.03595538064837456, 0.035341791808605194, 0.03493267670273781, 0.035132307559251785, 0.03423401713371277, 0.03423040360212326, 0.03545251861214638, 0.03530566766858101, 0.03557801619172096, 0.035992637276649475, 0.03602523356676102, 0.03553234785795212, 0.03557760640978813, 0.034495528787374496, 0.03388135880231857, 0.03364880755543709, 0.032566849142313004, 0.03218128904700279, 0.03234327211976051, 0.03173828125, 0.03143840655684471, 0.03142481669783592, 0.030720073729753494, 0.030385445803403854, 0.030513757839798927]
test/correction_patch_optimal_scalar: [0.3978728950023651, 1.6082313060760498, 2.0301740169525146, 2.7113630771636963, 2.415053129196167, 2.8813159465789795, 3.265010118484497, 3.2111756801605225, 4.002495288848877, 3.7426140308380127, 3.0896339416503906, 2.6738319396972656, 3.0591306686401367, 2.918487071990967, 3.237546443939209, 3.3547523021698, 3.119732618331909, 3.374056339263916, 3.8681488037109375, 3.9709746837615967, 3.7315940856933594, 3.6085338592529297, 3.7930803298950195, 4.039581775665283, 4.408915042877197, 4.674355506896973, 5.2946600914001465, 5.269750118255615, 5.523900032043457, 4.967846393585205, 4.255618095397949, 3.7487781047821045, 4.06639289855957, 3.847998857498169, 3.6626381874084473, 3.795929193496704, 3.816018581390381, 3.7727694511413574, 3.4465548992156982, 3.06235933303833, 2.9337637424468994, 2.9181792736053467, 2.8302361965179443, 2.1933786869049072, 2.001926898956299]
