[train]
train/correction_beneficial_ratio: 0.5312983989715576
train/correction_beneficial_ratio_far: 0.5491881966590881
train/correction_beneficial_ratio_middle: 0.5371804237365723
train/correction_beneficial_ratio_near: 0.5075265765190125
train/correction_cosine_far: 0.042690496891736984
train/correction_cosine_mean: 0.031172623857855797
train/correction_cosine_middle: 0.03686193376779556
train/correction_cosine_near: 0.013965359888970852
train/correction_magnitude_ratio_far: 0.012809698469936848
train/correction_magnitude_ratio_mean: 0.014593703672289848
train/correction_magnitude_ratio_middle: 0.013838788494467735
train/correction_magnitude_ratio_near: 0.017132604494690895
train/correction_optimal_scalar_far: 5.718358039855957
train/correction_optimal_scalar_mean: 4.2108612060546875
train/correction_optimal_scalar_middle: 4.928576946258545
train/correction_optimal_scalar_near: 1.9856575727462769
train/correction_patch_beneficial_ratio: [0.482031911611557, 0.5081008672714233, 0.5057863593101501, 0.4989645481109619, 0.5151662826538086, 0.5194299221038818, 0.5232062339782715, 0.5240589380264282, 0.5311243534088135, 0.5300280451774597, 0.5441588759422302, 0.5436716079711914, 0.5333170890808105, 0.5539042353630066, 0.5517115592956543, 0.5552442669868469, 0.5729078054428101, 0.5435497760772705, 0.5349007248878479, 0.5383116006851196, 0.5476915836334229]
train/correction_patch_cosine: [-0.0012744767591357231, 0.012449982576072216, 0.00881552416831255, 0.009159015491604805, 0.02115747518837452, 0.021762365475296974, 0.025687653571367264, 0.030086005106568336, 0.03372969478368759, 0.03521564230322838, 0.03705384209752083, 0.04388124495744705, 0.03022128902375698, 0.047846078872680664, 0.044620413333177567, 0.04324999824166298, 0.05680367723107338, 0.04284420236945152, 0.03479982912540436, 0.034918420016765594, 0.04159722104668617]
train/correction_patch_magnitude_ratio: [0.0213196761906147, 0.01843695156276226, 0.017397020012140274, 0.016353091225028038, 0.016004495322704315, 0.015533200465142727, 0.014883912168443203, 0.014569022692739964, 0.014301168732345104, 0.013884788379073143, 0.013691358268260956, 0.013660848140716553, 0.013416391797363758, 0.013348004780709743, 0.01326853409409523, 0.013031009584665298, 0.013004758395254612, 0.012834256514906883, 0.012538335286080837, 0.012529687955975533, 0.012461275793612003]
train/correction_patch_optimal_scalar: [0.07527303695678711, 1.145756483078003, 1.348988652229309, 1.6914036273956299, 2.8565433025360107, 3.1084980964660645, 3.6731579303741455, 4.035687446594238, 4.618561744689941, 4.87229585647583, 4.981956958770752, 5.284038066864014, 4.490719318389893, 6.2167510986328125, 5.863773345947266, 5.632147312164307, 6.807384490966797, 5.754155158996582, 5.182292461395264, 5.1222615242004395, 5.666431427001953]
[test]
test/correction_beneficial_ratio: 0.4619889557361603
test/correction_beneficial_ratio_far: 0.45096829533576965
test/correction_beneficial_ratio_middle: 0.4763962924480438
test/correction_beneficial_ratio_near: 0.45860230922698975
test/correction_cosine_far: -0.032713230699300766
test/correction_cosine_mean: -0.0239237230271101
test/correction_cosine_middle: -0.012876972556114197
test/correction_cosine_near: -0.02618100866675377
test/correction_magnitude_ratio_far: 0.012541821226477623
test/correction_magnitude_ratio_mean: 0.013710415922105312
test/correction_magnitude_ratio_middle: 0.013217048719525337
test/correction_magnitude_ratio_near: 0.015372366644442081
test/correction_optimal_scalar_far: -0.8498491048812866
test/correction_optimal_scalar_mean: -1.226974606513977
test/correction_optimal_scalar_middle: -1.1228731870651245
test/correction_optimal_scalar_near: -1.7082006931304932
test/correction_patch_beneficial_ratio: [0.4353634715080261, 0.4357563853263855, 0.43772101402282715, 0.4656188488006592, 0.47858545184135437, 0.48133593797683716, 0.4758349657058716, 0.4715127646923065, 0.49273085594177246, 0.47976425290107727, 0.48762279748916626, 0.47897839546203613, 0.4499017596244812, 0.4742632508277893, 0.4667976498603821, 0.46994104981422424, 0.4754420518875122, 0.4483300447463989, 0.4322200417518616, 0.43261295557022095, 0.43143418431282043]
test/correction_patch_cosine: [-0.04457828402519226, -0.043805792927742004, -0.039556704461574554, -0.027492359280586243, -0.008222455158829689, -0.007513754535466433, -0.012097652070224285, -0.011072148568928242, -0.005470643285661936, -0.010150508023798466, -0.010079419240355492, -0.011440127156674862, -0.02933117002248764, -0.012594868429005146, -0.013514087535440922, -0.020496387034654617, -0.01465625874698162, -0.028604790568351746, -0.05034511163830757, -0.05370825156569481, -0.047667425125837326]
test/correction_patch_magnitude_ratio: [0.018031621351838112, 0.016313210129737854, 0.015441402792930603, 0.014809997752308846, 0.014536729082465172, 0.014334124512970448, 0.014139515347778797, 0.013805398717522621, 0.013783433474600315, 0.013358626514673233, 0.013101453892886639, 0.013114647008478642, 0.012731327675282955, 0.012624453753232956, 0.012784058228135109, 0.012467454187572002, 0.012623824179172516, 0.01264169067144394, 0.012473917566239834, 0.01243468839675188, 0.012367157265543938]
test/correction_patch_optimal_scalar: [-2.375300884246826, -2.8712549209594727, -3.309816360473633, -2.3569860458374023, -0.6449125409126282, -0.03300809860229492, -0.3661198019981384, -0.14504434168338776, -0.13762715458869934, -1.3014819622039795, -1.5983878374099731, -1.2377196550369263, -2.999788999557495, -0.4400748312473297, 0.18713508546352386, -0.8715724349021912, 0.26486992835998535, 0.047345053404569626, -1.657949447631836, -2.127661943435669, -1.7911113500595093]
