[train]
train/correction_beneficial_ratio: 0.5303606986999512
train/correction_beneficial_ratio_far: 0.5458309650421143
train/correction_beneficial_ratio_middle: 0.5427272915840149
train/correction_beneficial_ratio_near: 0.5025238394737244
train/correction_cosine_far: 0.05379772186279297
train/correction_cosine_mean: 0.04092678800225258
train/correction_cosine_middle: 0.049757055938243866
train/correction_cosine_near: 0.019225602969527245
train/correction_magnitude_ratio_far: 0.02223806641995907
train/correction_magnitude_ratio_mean: 0.02685542404651642
train/correction_magnitude_ratio_middle: 0.024427641183137894
train/correction_magnitude_ratio_near: 0.033900581300258636
train/correction_optimal_scalar_far: 1.652664303779602
train/correction_optimal_scalar_mean: 0.5962221622467041
train/correction_optimal_scalar_middle: 1.0983165502548218
train/correction_optimal_scalar_near: -0.9623146057128906
train/correction_patch_beneficial_ratio: [0.48362720012664795, 0.5096458792686462, 0.5077196359634399, 0.5027411580085754, 0.5024744272232056, 0.5010520219802856, 0.5029782056808472, 0.4862646460533142, 0.4864424467086792, 0.4977033734321594, 0.49785152077674866, 0.5056748986244202, 0.5149800181388855, 0.5153356194496155, 0.5233664512634277, 0.5385390520095825, 0.5387760996818542, 0.5420655012130737, 0.5430730581283569, 0.5297080874443054, 0.540643036365509, 0.5430434346199036, 0.5428359508514404, 0.5390132069587708, 0.5490887761116028, 0.5407615900039673, 0.5369387865066528, 0.5507482886314392, 0.5517854690551758, 0.5538894534111023, 0.5532078742980957, 0.5410283207893372, 0.5419173240661621, 0.5490294694900513, 0.5467180609703064, 0.5446140170097351, 0.5407615900039673, 0.540020763874054, 0.5370573401451111, 0.5453252196311951, 0.5498888492584229, 0.5516076683998108, 0.5548970103263855, 0.5452955961227417, 0.5460957288742065]
train/correction_patch_cosine: [0.004970072768628597, 0.02681291289627552, 0.022343100979924202, 0.017922937870025635, 0.0171087346971035, 0.017920374870300293, 0.01824183203279972, 0.008710005320608616, 0.011550418101251125, 0.014443160966038704, 0.013813851401209831, 0.017397895455360413, 0.028357554227113724, 0.031625378876924515, 0.03716588765382767, 0.04592222720384598, 0.0485212504863739, 0.0512688010931015, 0.05063316598534584, 0.042756810784339905, 0.04790899157524109, 0.046521831303834915, 0.04724801331758499, 0.04847818985581398, 0.05528278276324272, 0.0475330576300621, 0.0456673800945282, 0.0529140941798687, 0.05676322430372238, 0.05893581360578537, 0.06131488457322121, 0.04962896555662155, 0.047774963080883026, 0.04986272007226944, 0.05065743625164032, 0.050416093319654465, 0.049355801194906235, 0.048932965844869614, 0.04860581085085869, 0.05423578992486, 0.05789108946919441, 0.0622611902654171, 0.06324382871389389, 0.05537322163581848, 0.057410966604948044]
train/correction_patch_magnitude_ratio: [0.05609895661473274, 0.04073585942387581, 0.0373794250190258, 0.03570586442947388, 0.034517936408519745, 0.03398701921105385, 0.03294558823108673, 0.0324566513299942, 0.0317348875105381, 0.03065541759133339, 0.03039591573178768, 0.029908686876296997, 0.02804945968091488, 0.027175938710570335, 0.026761000975966454, 0.02609865367412567, 0.025485605001449585, 0.025440525263547897, 0.025563150644302368, 0.025394968688488007, 0.025248192250728607, 0.02445083297789097, 0.024109305813908577, 0.02449595183134079, 0.024232611060142517, 0.02383885160088539, 0.023358654230833054, 0.022901074960827827, 0.0228208526968956, 0.0229752566665411, 0.022842902690172195, 0.02282596193253994, 0.022355515509843826, 0.021973174065351486, 0.022097628563642502, 0.022567901760339737, 0.022709570825099945, 0.022694120183587074, 0.02204243838787079, 0.0216512493789196, 0.021973436698317528, 0.022440597414970398, 0.0222746841609478, 0.021837130188941956, 0.0212846789509058]
train/correction_patch_optimal_scalar: [0.3474314510822296, 1.0223852396011353, -2.5775270462036133, -3.8385238647460938, -1.8446989059448242, -0.6651433110237122, -0.5185917019844055, -1.254381537437439, -2.5031063556671143, -4.540750980377197, -1.8581769466400146, 0.41986438632011414, 2.390779733657837, 1.7882524728775024, -0.8025355339050293, -2.121899366378784, -0.10113917291164398, 1.2816393375396729, 1.6700434684753418, 1.2960152626037598, 0.9486281275749207, -1.0455703735351562, 0.9232876896858215, 1.243057131767273, 3.4106667041778564, 3.8911306858062744, 2.03377103805542, 0.29590755701065063, 1.3023161888122559, 1.4468907117843628, 3.510915517807007, 2.298567771911621, 0.853287935256958, -0.5873010158538818, -0.17802029848098755, 0.862111508846283, 2.584244966506958, 3.4613234996795654, 0.7613204121589661, -1.316683053970337, 0.6579989790916443, 1.8548638820648193, 4.023969650268555, 4.169418811798096, 1.8339544534683228]
[test]
test/correction_beneficial_ratio: 0.503932774066925
test/correction_beneficial_ratio_far: 0.5063173174858093
test/correction_beneficial_ratio_middle: 0.5049840807914734
test/correction_beneficial_ratio_near: 0.5004968643188477
test/correction_cosine_far: 0.013013300485908985
test/correction_cosine_mean: 0.01274002343416214
test/correction_cosine_middle: 0.01330171711742878
test/correction_cosine_near: 0.011905086226761341
test/correction_magnitude_ratio_far: 0.022060168907046318
test/correction_magnitude_ratio_mean: 0.025900371372699738
test/correction_magnitude_ratio_middle: 0.02417999878525734
test/correction_magnitude_ratio_near: 0.031460952013731
test/correction_optimal_scalar_far: -2.850490093231201
test/correction_optimal_scalar_mean: -3.088921308517456
test/correction_optimal_scalar_middle: -3.110323429107666
test/correction_optimal_scalar_near: -3.305938959121704
test/correction_patch_beneficial_ratio: [0.4702342450618744, 0.488195538520813, 0.47791871428489685, 0.48078882694244385, 0.475974440574646, 0.48976945877075195, 0.5156930088996887, 0.5236552357673645, 0.5274511575698853, 0.530506432056427, 0.5216183662414551, 0.5143042206764221, 0.5166188478469849, 0.49226924777030945, 0.4824553430080414, 0.49726876616477966, 0.5090269446372986, 0.507638156414032, 0.5071752667427063, 0.49800944328308105, 0.5012499094009399, 0.5146745443344116, 0.5127303004264832, 0.5095824599266052, 0.5026386380195618, 0.49736136198043823, 0.5030089616775513, 0.5105082988739014, 0.5036570429801941, 0.5002314448356628, 0.49152857065200806, 0.49051013588905334, 0.5035644769668579, 0.5108786225318909, 0.5113415718078613, 0.5062494277954102, 0.49625036120414734, 0.4920840561389923, 0.49291732907295227, 0.5177298188209534, 0.5230997204780579, 0.5251365900039673, 0.5209702849388123, 0.4996759593486786, 0.5128228664398193]
test/correction_patch_cosine: [-0.017792699858546257, -0.0006206926773302257, -0.004775184206664562, -0.01634957082569599, -0.015595783479511738, 0.004343429114669561, 0.029711592942476273, 0.03475704789161682, 0.044961631298065186, 0.040690355002880096, 0.03247300162911415, 0.02926250919699669, 0.022694852203130722, -0.0043404316529631615, -0.0008436280186288059, 0.011194993741810322, 0.010461123660206795, 0.008575836196541786, 0.008704065345227718, 0.002369863213971257, 0.012667673639953136, 0.028940558433532715, 0.02602590247988701, 0.01558242179453373, 0.0075645847246050835, 0.0022443276830017567, 0.016099797561764717, 0.02329411171376705, 0.017801476642489433, 0.007998494431376457, 0.0016153394244611263, -0.00843727681785822, 0.008948229253292084, 0.023430809378623962, 0.01835116744041443, 0.007245576940476894, -0.0036705192178487778, -0.0076828887686133385, 0.00019261824490968138, 0.024031145498156548, 0.030065637081861496, 0.03585353493690491, 0.030979124829173088, 0.009910414926707745, 0.024366440251469612]
test/correction_patch_magnitude_ratio: [0.04795343801379204, 0.03494757413864136, 0.03377454727888107, 0.031907740980386734, 0.03112821839749813, 0.03189852833747864, 0.031167954206466675, 0.03058682382106781, 0.030374184250831604, 0.029240770265460014, 0.02913479134440422, 0.028968511149287224, 0.027841776609420776, 0.026634609326720238, 0.02635464444756508, 0.025536151602864265, 0.024586131796240807, 0.024666335433721542, 0.02528473362326622, 0.024960918352007866, 0.02462621033191681, 0.023784151300787926, 0.02388017810881138, 0.024091055616736412, 0.024445120245218277, 0.023870322853326797, 0.023327495902776718, 0.023145493119955063, 0.023202339187264442, 0.02329346165060997, 0.023264246061444283, 0.022884609177708626, 0.022323640063405037, 0.022007230669260025, 0.022417839616537094, 0.02280130609869957, 0.02264479734003544, 0.022030876949429512, 0.021360207349061966, 0.021256225183606148, 0.021743962541222572, 0.02240113355219364, 0.02206624671816826, 0.02094198577105999, 0.020758265629410744]
test/correction_patch_optimal_scalar: [1.0650043487548828, -1.328393578529358, -8.580068588256836, -13.919720649719238, -4.498235702514648, -1.6889300346374512, 2.297816038131714, 2.4798202514648438, -6.665709972381592, -10.93112564086914, -2.175523042678833, -0.20956003665924072, 0.5297842025756836, -0.8345472812652588, -5.129756927490234, -8.547335624694824, -1.6294630765914917, -2.0807178020477295, -2.4225592613220215, -1.5974595546722412, -5.970160961151123, -9.884012222290039, -0.2500903308391571, 0.2375669777393341, -0.6730921268463135, -0.830328106880188, -4.604090690612793, -8.41065788269043, -0.8757551312446594, 0.8832942247390747, -0.38299858570098877, -1.1488571166992188, -5.852472305297852, -8.98022747039795, -1.4418412446975708, -0.43435803055763245, -1.0901176929473877, -2.117018222808838, -2.845543384552002, -7.4584197998046875, -0.016847308725118637, 2.395878314971924, -0.37359508872032166, -2.85762882232666, -10.153400421142578]
