[train]
train/correction_beneficial_ratio: 0.4766048789024353
train/correction_beneficial_ratio_far: 0.49034127593040466
train/correction_beneficial_ratio_middle: 0.46440187096595764
train/correction_beneficial_ratio_near: 0.4750714600086212
train/correction_cosine_far: -0.003048789454624057
train/correction_cosine_mean: -0.01641768217086792
train/correction_cosine_middle: -0.03183727338910103
train/correction_cosine_near: -0.014366984367370605
train/correction_magnitude_ratio_far: 0.01203914824873209
train/correction_magnitude_ratio_mean: 0.015230057761073112
train/correction_magnitude_ratio_middle: 0.01410776749253273
train/correction_magnitude_ratio_near: 0.019543251022696495
train/correction_optimal_scalar_far: 0.1475500613451004
train/correction_optimal_scalar_mean: -0.5578722953796387
train/correction_optimal_scalar_middle: -1.1848554611206055
train/correction_optimal_scalar_near: -0.6363145709037781
train/correction_patch_beneficial_ratio: [0.49544376134872437, 0.4446072280406952, 0.44035863876342773, 0.46292009949684143, 0.4873567819595337, 0.5106507539749146, 0.4841630160808563, 0.45708927512168884, 0.4507896602153778, 0.47250139713287354, 0.4755779504776001, 0.4722083806991577, 0.46292009949684143, 0.45972633361816406, 0.4744645357131958, 0.4828152060508728, 0.49266019463539124, 0.5136980414390564, 0.508775532245636, 0.47950422763824463, 0.4804711639881134]
train/correction_patch_cosine: [0.010123629122972488, -0.04174467921257019, -0.04496478661894798, -0.02664353884756565, -0.003895665518939495, 0.014193889684975147, -0.007637777365744114, -0.037222251296043396, -0.04341544955968857, -0.02931915409862995, -0.027092795819044113, -0.026672061532735825, -0.030006198212504387, -0.029132956638932228, -0.0218379944562912, -0.013104964978992939, -0.004573614336550236, 0.0211030300706625, 0.01750805228948593, -0.0078708091750741, -0.012565204873681068]
train/correction_patch_magnitude_ratio: [0.027158625423908234, 0.021679013967514038, 0.019201796501874924, 0.017640860751271248, 0.01731223426759243, 0.017438841983675957, 0.016371319070458412, 0.014883872121572495, 0.014363626018166542, 0.014038898050785065, 0.014285918325185776, 0.014700455591082573, 0.01389326062053442, 0.012588403187692165, 0.012224950827658176, 0.01249636895954609, 0.012848637998104095, 0.012734399177134037, 0.011914310045540333, 0.011144357733428478, 0.010911054909229279]
train/correction_patch_optimal_scalar: [-0.143955796957016, -3.3323814868927, -2.5879857540130615, -1.319665551185608, 0.7136133909225464, 1.7545896768569946, 0.46158018708229065, -1.2972053289413452, -1.2760934829711914, -0.40986981987953186, -1.2940070629119873, -0.7958312034606934, -1.6214563846588135, -1.5995272397994995, -0.880151629447937, -0.9230308532714844, -1.7295145988464355, 2.4490058422088623, 1.9534306526184082, -2.4715166091918945, 2.6346518993377686]
[test]
test/correction_beneficial_ratio: 0.363484263420105
test/correction_beneficial_ratio_far: 0.37635865807533264
test/correction_beneficial_ratio_middle: 0.3350277841091156
test/correction_beneficial_ratio_near: 0.3790663480758667
test/correction_cosine_far: -0.14393101632595062
test/correction_cosine_mean: -0.14508041739463806
test/correction_cosine_middle: -0.18353354930877686
test/correction_cosine_near: -0.1077767014503479
test/correction_magnitude_ratio_far: 0.011244506575167179
test/correction_magnitude_ratio_mean: 0.014755824580788612
test/correction_magnitude_ratio_middle: 0.013345793820917606
test/correction_magnitude_ratio_near: 0.01967714913189411
test/correction_optimal_scalar_far: -10.819748878479004
test/correction_optimal_scalar_mean: -10.048864364624023
test/correction_optimal_scalar_middle: -12.470484733581543
test/correction_optimal_scalar_near: -6.856373310089111
test/correction_patch_beneficial_ratio: [0.41287437081336975, 0.37147966027259827, 0.35377737879753113, 0.36423781514167786, 0.38489046692848206, 0.4059007465839386, 0.36030396819114685, 0.31774699687957764, 0.30764415860176086, 0.3341975808143616, 0.3506481945514679, 0.35565489530563354, 0.3408135771751404, 0.3384890556335449, 0.33705857396125793, 0.35306212306022644, 0.38417524099349976, 0.41761288046836853, 0.40429145097732544, 0.3838176131248474, 0.3544926345348358]
test/correction_patch_cosine: [-0.05562618002295494, -0.11589889228343964, -0.13124872744083405, -0.12431927770376205, -0.10491496324539185, -0.08585543185472488, -0.1365729719400406, -0.18664854764938354, -0.2032593935728073, -0.19177541136741638, -0.17498819530010223, -0.16522492468357086, -0.18144534528255463, -0.18139320611953735, -0.18214596807956696, -0.1703539490699768, -0.13489608466625214, -0.10220957547426224, -0.1142527386546135, -0.13720732927322388, -0.16645151376724243]
test/correction_patch_magnitude_ratio: [0.027574801817536354, 0.022227607667446136, 0.019869569689035416, 0.01798047497868538, 0.017159054055809975, 0.01721501536667347, 0.01571361906826496, 0.01437144074589014, 0.013549222610890865, 0.013274329714477062, 0.013495244085788727, 0.01393201481550932, 0.01290974486619234, 0.011888571083545685, 0.011436861008405685, 0.011587055400013924, 0.012121118605136871, 0.012163089588284492, 0.011102606542408466, 0.010344392620027065, 0.009956460446119308]
test/correction_patch_optimal_scalar: [-3.692445993423462, -7.386362075805664, -8.461335182189941, -7.744472980499268, -5.543632984161377, -4.044942855834961, -11.121377944946289, -14.778688430786133, -13.955904006958008, -11.695405006408691, -9.464702606201172, -8.657217979431152, -13.607353210449219, -15.13414478302002, -13.46658706665039, -12.759641647338867, -7.515774250030518, -4.509969234466553, -9.40436840057373, -11.45391845703125, -16.627927780151367]
