[train]
train/correction_beneficial_ratio: 0.5101540684700012
train/correction_beneficial_ratio_far: 0.5454313158988953
train/correction_beneficial_ratio_middle: 0.5126389861106873
train/correction_beneficial_ratio_near: 0.47239190340042114
train/correction_cosine_far: 0.04321899265050888
train/correction_cosine_mean: 0.020460277795791626
train/correction_cosine_middle: 0.025992516428232193
train/correction_cosine_near: -0.007830647751688957
train/correction_magnitude_ratio_far: 0.01925385184586048
train/correction_magnitude_ratio_mean: 0.02310335263609886
train/correction_magnitude_ratio_middle: 0.02203158661723137
train/correction_magnitude_ratio_near: 0.028024623170495033
train/correction_optimal_scalar_far: 3.596644878387451
train/correction_optimal_scalar_mean: 2.2398650646209717
train/correction_optimal_scalar_middle: 2.4355571269989014
train/correction_optimal_scalar_near: 0.6873931288719177
train/correction_patch_beneficial_ratio: [0.44332268834114075, 0.4470287561416626, 0.45635783672332764, 0.4555910527706146, 0.4752715528011322, 0.4674760401248932, 0.47859424352645874, 0.48102235794067383, 0.4702875316143036, 0.4748881757259369, 0.48115015029907227, 0.47974440455436707, 0.48600637912750244, 0.4968689978122711, 0.4922683835029602, 0.4908626079559326, 0.5007028579711914, 0.5019808411598206, 0.5028753876686096, 0.5024920105934143, 0.5093929767608643, 0.4981469511985779, 0.5012140870094299, 0.5143769979476929, 0.5220447182655334, 0.5345686674118042, 0.5251117944717407, 0.5242172479629517, 0.5309904217720032, 0.5306070446968079, 0.5279233455657959, 0.5385303497314453, 0.5375080108642578, 0.5307348370552063, 0.5207667946815491, 0.535463273525238, 0.5353354811668396, 0.5412140488624573, 0.5463258624076843, 0.5507987141609192, 0.5722683668136597, 0.571501612663269, 0.5555271506309509, 0.5592332482337952, 0.5583386421203613]
train/correction_patch_cosine: [-0.024902500212192535, -0.02493707276880741, -0.026406055316329002, -0.025022579357028008, -0.01080850139260292, -0.011535484343767166, -0.004139611031860113, -0.00043265102431178093, -0.005806793458759785, -0.0057877968065440655, -0.002263043774291873, -0.0007056122412905097, 0.002462748670950532, 0.015359451994299889, 0.007465521339327097, 0.007962263189256191, 0.015211425721645355, 0.01935672014951706, 0.0213541891425848, 0.02211599610745907, 0.022800859063863754, 0.015097739174962044, 0.022435126826167107, 0.031763315200805664, 0.030304081737995148, 0.039459824562072754, 0.03468111902475357, 0.028285477310419083, 0.04151774197816849, 0.037541478872299194, 0.034058600664138794, 0.040183667093515396, 0.04053834453225136, 0.03215504437685013, 0.029467493295669556, 0.03710491210222244, 0.035439375787973404, 0.03937618061900139, 0.04721515625715256, 0.04602685570716858, 0.058383625000715256, 0.05569442734122276, 0.047658760100603104, 0.05566106736660004, 0.04932164400815964]
train/correction_patch_magnitude_ratio: [0.040542975068092346, 0.03360961377620697, 0.03160747140645981, 0.029153790324926376, 0.028949333354830742, 0.028320621699094772, 0.027683457359671593, 0.027079489082098007, 0.02618313953280449, 0.02564915269613266, 0.024708092212677002, 0.024367816746234894, 0.024285754188895226, 0.0243233572691679, 0.02390538528561592, 0.02361501194536686, 0.02346031554043293, 0.023318195715546608, 0.023304469883441925, 0.022677168250083923, 0.022338667884469032, 0.022285740822553635, 0.021921316161751747, 0.022028546780347824, 0.02171366475522518, 0.02136416919529438, 0.021091479808092117, 0.020640576258301735, 0.02059023268520832, 0.020124204456806183, 0.020283879712224007, 0.020126434043049812, 0.019832812249660492, 0.0195669736713171, 0.0193405169993639, 0.019189873710274696, 0.019390294328331947, 0.019003981724381447, 0.019215727224946022, 0.019128713756799698, 0.019113583490252495, 0.018811853602528572, 0.018570711836218834, 0.018731500953435898, 0.018500816076993942]
train/correction_patch_optimal_scalar: [-0.32279640436172485, -0.3068167269229889, 0.033626072108745575, -0.02954890951514244, 0.5854281783103943, 0.5455946922302246, 0.9544020891189575, 1.0755939483642578, 0.9339399337768555, 0.832054853439331, 0.8331723213195801, 0.8380569815635681, 1.0845550298690796, 1.8228493928909302, 1.4307730197906494, 1.2797349691390991, 1.7400699853897095, 2.0131614208221436, 2.145735263824463, 2.117954730987549, 2.160057544708252, 1.8469246625900269, 2.356213092803955, 2.956808090209961, 2.859100103378296, 3.1653363704681396, 2.9323644638061523, 2.4959070682525635, 3.2112650871276855, 3.2527196407318115, 2.94012188911438, 3.2732956409454346, 3.323526382446289, 2.7275068759918213, 2.697767972946167, 3.478341817855835, 3.414687395095825, 3.5691168308258057, 4.0628204345703125, 3.8220648765563965, 4.604957580566406, 4.400482177734375, 3.8464038372039795, 4.194852352142334, 3.5937440395355225]
[test]
test/correction_beneficial_ratio: 0.45743227005004883
test/correction_beneficial_ratio_far: 0.5008175373077393
test/correction_beneficial_ratio_middle: 0.40327009558677673
test/correction_beneficial_ratio_near: 0.4682091772556305
test/correction_cosine_far: 0.020324582234025
test/correction_cosine_mean: -0.013302119448781013
test/correction_cosine_middle: -0.056096095591783524
test/correction_cosine_near: -0.00413478584960103
test/correction_magnitude_ratio_far: 0.022633161395788193
test/correction_magnitude_ratio_mean: 0.025453738868236542
test/correction_magnitude_ratio_middle: 0.024763425812125206
test/correction_magnitude_ratio_near: 0.02896467223763466
test/correction_optimal_scalar_far: 1.2536756992340088
test/correction_optimal_scalar_mean: -0.30040305852890015
test/correction_optimal_scalar_middle: -2.391566276550293
test/correction_optimal_scalar_near: 0.23667925596237183
test/correction_patch_beneficial_ratio: [0.40814438462257385, 0.39796391129493713, 0.3919481635093689, 0.38130494952201843, 0.43914854526519775, 0.4576584994792938, 0.4803331792354584, 0.5155020952224731, 0.5104118585586548, 0.5099490880966187, 0.5155020952224731, 0.5122628211975098, 0.5062471032142639, 0.4974548816680908, 0.4993058741092682, 0.47894492745399475, 0.45025449991226196, 0.4197131097316742, 0.39796391129493713, 0.3831559419631958, 0.3919481635093689, 0.34937527775764465, 0.34521055221557617, 0.3854696750640869, 0.4062933921813965, 0.42341509461402893, 0.4340583086013794, 0.3877834379673004, 0.3919481635093689, 0.40351688861846924, 0.407218873500824, 0.44238778948783875, 0.47524294257164, 0.4696899652481079, 0.47570568323135376, 0.5034705996513367, 0.5266080498695374, 0.5307728052139282, 0.5650162100791931, 0.5330865383148193, 0.5067098736763, 0.5080981254577637, 0.5030078887939453, 0.5168903470039368, 0.5483572483062744]
test/correction_patch_cosine: [-0.04861222952604294, -0.05764595419168472, -0.06451410800218582, -0.07809716463088989, -0.01969156228005886, -0.00986521691083908, 0.012248208746314049, 0.03274272382259369, 0.029417091980576515, 0.023203261196613312, 0.0208430215716362, 0.022725209593772888, 0.015686599537730217, 0.031229114159941673, 0.02830955758690834, 0.006665350403636694, -0.014098482206463814, -0.032927557826042175, -0.06332629919052124, -0.07698963582515717, -0.07104195654392242, -0.10739550739526749, -0.10435639321804047, -0.07257957011461258, -0.05742533877491951, -0.037198491394519806, -0.03272321820259094, -0.06311623752117157, -0.05649079754948616, -0.05843764916062355, -0.05141590163111687, -0.03363821282982826, -0.0031719799153506756, -0.02131533995270729, -0.0012769438326358795, 0.027571765705943108, 0.04524430260062218, 0.0529576875269413, 0.08256123214960098, 0.04523523896932602, 0.021429600194096565, 0.028429942205548286, 0.01637290045619011, 0.0314515046775341, 0.06443216651678085]
test/correction_patch_magnitude_ratio: [0.03715263679623604, 0.032382216304540634, 0.030046945437788963, 0.028954531997442245, 0.02992336079478264, 0.028883306309580803, 0.029979700222611427, 0.029463034123182297, 0.027724813669919968, 0.02779599092900753, 0.026842832565307617, 0.02613089606165886, 0.02648254670202732, 0.02678935043513775, 0.025917863473296165, 0.026241231709718704, 0.02614566683769226, 0.025756889954209328, 0.026172446087002754, 0.02552676387131214, 0.024390773847699165, 0.024739809334278107, 0.02403293363749981, 0.023904720321297646, 0.02417132630944252, 0.024167489260435104, 0.02413513883948326, 0.023860014975070953, 0.024513736367225647, 0.02369207888841629, 0.024691268801689148, 0.024653755128383636, 0.02391369268298149, 0.023397060111165047, 0.02305963635444641, 0.022393343970179558, 0.022903230041265488, 0.02224159426987171, 0.02258027344942093, 0.022302404046058655, 0.021977877244353294, 0.021703805774450302, 0.02133340947329998, 0.0214559156447649, 0.0208898913115263]
test/correction_patch_optimal_scalar: [-1.1099836826324463, -1.7443896532058716, -2.246004343032837, -2.990522623062134, -0.7902067303657532, -0.1106775552034378, 0.6044114828109741, 1.3963299989700317, 1.300276517868042, 0.9704819321632385, 0.9763453602790833, 1.3306472301483154, 1.4701577425003052, 2.277479648590088, 2.215841770172119, 0.9632218480110168, 0.4458520710468292, -0.7732849717140198, -1.8544940948486328, -2.9614880084991455, -3.1949105262756348, -4.889097690582275, -5.153999328613281, -4.1953206062316895, -3.197871208190918, -2.244549036026001, -1.5991579294204712, -2.724776029586792, -2.2461483478546143, -2.2474803924560547, -1.922573208808899, -1.1288743019104004, 0.027424104511737823, -0.8184561729431152, -0.14166787266731262, 1.3221192359924316, 2.54626727104187, 3.0141355991363525, 4.066847801208496, 2.5770156383514404, 0.9538029432296753, 1.1570338010787964, 1.114412784576416, 1.9466726779937744, 4.091023921966553]
