[train]
train/correction_beneficial_ratio: 0.4501299262046814
train/correction_beneficial_ratio_far: 0.4586666524410248
train/correction_beneficial_ratio_middle: 0.4407241642475128
train/correction_beneficial_ratio_near: 0.4509989321231842
train/correction_cosine_far: -0.05173677206039429
train/correction_cosine_mean: -0.04056442901492119
train/correction_cosine_middle: -0.0419783890247345
train/correction_cosine_near: -0.027978116646409035
train/correction_magnitude_ratio_far: 0.035071976482868195
train/correction_magnitude_ratio_mean: 0.043937113136053085
train/correction_magnitude_ratio_middle: 0.04327087849378586
train/correction_magnitude_ratio_near: 0.0534684993326664
train/correction_optimal_scalar_far: 0.9083458185195923
train/correction_optimal_scalar_mean: 1.3805193901062012
train/correction_optimal_scalar_middle: 1.7736375331878662
train/correction_optimal_scalar_near: 1.459570050239563
train/correction_patch_beneficial_ratio: [0.5120766758918762, 0.4713099002838135, 0.4676038324832916, 0.4632587730884552, 0.4587859511375427, 0.4448562264442444, 0.41712459921836853, 0.4053674042224884, 0.38683706521987915, 0.41009584069252014, 0.4416613280773163, 0.45916932821273804, 0.4661980867385864, 0.48153355717658997, 0.4791054427623749, 0.4805111885070801, 0.4582747519016266, 0.43527156114578247, 0.4470287561416626, 0.45290735363960266, 0.43948882818222046, 0.42952075600624084, 0.4342491924762726, 0.42607027292251587, 0.43514376878738403, 0.4241533577442169, 0.41827476024627686, 0.4325878620147705, 0.44996803998947144, 0.4474121332168579, 0.4371885061264038, 0.463386595249176, 0.4756549596786499, 0.4710543155670166, 0.45392972230911255, 0.458402544260025, 0.4646645486354828, 0.4688817858695984, 0.4640255570411682, 0.4580191671848297, 0.4580191671848297, 0.4564856290817261, 0.44894570112228394, 0.4541853070259094, 0.44715654850006104]
train/correction_patch_cosine: [0.055749278515577316, 0.012750949710607529, 0.002014854457229376, -0.005198346916586161, -0.02031097747385502, -0.035437531769275665, -0.07059770077466965, -0.09228559583425522, -0.10473161935806274, -0.08074280619621277, -0.04656218737363815, -0.02198849245905876, -0.016298368573188782, 0.0007807898218743503, 0.0031861208844929934, 0.012150494381785393, -0.018142079934477806, -0.04196600988507271, -0.0327439121901989, -0.030903354287147522, -0.0420820526778698, -0.05306281894445419, -0.053197070956230164, -0.05762302130460739, -0.049485206604003906, -0.057177916169166565, -0.06274513155221939, -0.05301029235124588, -0.04286141321063042, -0.046826571226119995, -0.05674823746085167, -0.03881649672985077, -0.021945063024759293, -0.028276674449443817, -0.05645846948027611, -0.05531509593129158, -0.05266452208161354, -0.04940211400389671, -0.04821708798408508, -0.058157745748758316, -0.062025804072618484, -0.057243142277002335, -0.06343226879835129, -0.061459723860025406, -0.06588906794786453]
train/correction_patch_magnitude_ratio: [0.07916102558374405, 0.06699535250663757, 0.06157843396067619, 0.058064281940460205, 0.055519528687000275, 0.053678203374147415, 0.04944177716970444, 0.04737614095211029, 0.04584499076008797, 0.045968689024448395, 0.047383297234773636, 0.04816571623086929, 0.047342751175165176, 0.04779818654060364, 0.04770919680595398, 0.04755815863609314, 0.04627355560660362, 0.044879280030727386, 0.04519803449511528, 0.04456625506281853, 0.043999020010232925, 0.0437021441757679, 0.043413542211055756, 0.04273146018385887, 0.04286118596792221, 0.041403356939554214, 0.04049428179860115, 0.040978871285915375, 0.04088394343852997, 0.04012008011341095, 0.03890690580010414, 0.039203666150569916, 0.03959198668599129, 0.037826236337423325, 0.03507809713482857, 0.035168811678886414, 0.034599125385284424, 0.034303050488233566, 0.0344281867146492, 0.03331579267978668, 0.03279587998986244, 0.033376097679138184, 0.03273739293217659, 0.032790668308734894, 0.03195759654045105]
train/correction_patch_optimal_scalar: [0.927314817905426, 1.1757246255874634, 1.6795247793197632, 2.184723377227783, 2.096459150314331, 2.087303638458252, 0.9682677984237671, 0.11968858540058136, -0.33013999462127686, 0.6019958257675171, 1.6123043298721313, 2.216433048248291, 1.9266170263290405, 2.1701552867889404, 2.4571785926818848, 2.608036994934082, 2.081406354904175, 1.3854587078094482, 1.5837093591690063, 1.7441338300704956, 1.5052233934402466, 1.1434227228164673, 1.6321995258331299, 1.323703646659851, 1.705153465270996, 1.6956707239151, 1.589062213897705, 2.003654718399048, 2.4186573028564453, 2.1851048469543457, 1.6760185956954956, 2.1688554286956787, 2.4684700965881348, 2.140979528427124, 0.7299537658691406, 0.3202786147594452, 0.31750500202178955, 0.7965357303619385, 1.2918989658355713, 1.0813195705413818, 0.8710259795188904, 0.510870099067688, -0.15924175083637238, -0.06001124903559685, -0.5292325019836426]
[test]
test/correction_beneficial_ratio: 0.37284180521965027
test/correction_beneficial_ratio_far: 0.34672218561172485
test/correction_beneficial_ratio_middle: 0.3403671085834503
test/correction_beneficial_ratio_near: 0.43143606185913086
test/correction_cosine_far: -0.13000500202178955
test/correction_cosine_mean: -0.10038391500711441
test/correction_cosine_middle: -0.12867939472198486
test/correction_cosine_near: -0.04246726259589195
test/correction_magnitude_ratio_far: 0.03474125266075134
test/correction_magnitude_ratio_mean: 0.04316702112555504
test/correction_magnitude_ratio_middle: 0.043700918555259705
test/correction_magnitude_ratio_near: 0.05105891823768616
test/correction_optimal_scalar_far: -5.7924394607543945
test/correction_optimal_scalar_mean: -4.650144577026367
test/correction_optimal_scalar_middle: -5.381066799163818
test/correction_optimal_scalar_near: -2.7769389152526855
test/correction_patch_beneficial_ratio: [0.5400277376174927, 0.5210550427436829, 0.4914391338825226, 0.4914391338825226, 0.46228596568107605, 0.4173993468284607, 0.4030541479587555, 0.36140674352645874, 0.3419713079929352, 0.36834797263145447, 0.38130494952201843, 0.39565014839172363, 0.4150856137275696, 0.44238778948783875, 0.438685804605484, 0.4275798201560974, 0.3822304606437683, 0.35492828488349915, 0.35816752910614014, 0.34613603353500366, 0.33965757489204407, 0.3410458266735077, 0.3299398422241211, 0.3188338875770569, 0.31189262866973877, 0.2970846891403198, 0.28273946046829224, 0.31189262866973877, 0.3401203155517578, 0.3632577657699585, 0.3840814530849457, 0.37482646107673645, 0.3655714988708496, 0.3535400331020355, 0.3225358724594116, 0.3132808804512024, 0.32716333866119385, 0.3197593688964844, 0.3313280940055847, 0.3280888497829437, 0.3489125370979309, 0.35400277376174927, 0.3424340486526489, 0.3623322546482086, 0.3729754686355591]
test/correction_patch_cosine: [0.07203362137079239, 0.04378283768892288, 0.023163456469774246, 0.002659267745912075, -0.03280414268374443, -0.07264627516269684, -0.0974084660410881, -0.1181606724858284, -0.11983822286128998, -0.08973007649183273, -0.07393348962068558, -0.05818459391593933, -0.04530179500579834, -0.03320946544408798, -0.037431687116622925, -0.0419602245092392, -0.07958013564348221, -0.09915553033351898, -0.10765685141086578, -0.1165764108300209, -0.12355536222457886, -0.13374346494674683, -0.15037217736244202, -0.16982164978981018, -0.16919125616550446, -0.17173559963703156, -0.18139247596263885, -0.15143175423145294, -0.12580125033855438, -0.10821458697319031, -0.09885945916175842, -0.0928485095500946, -0.09093260765075684, -0.10873140394687653, -0.15343663096427917, -0.155593603849411, -0.14970751106739044, -0.1441572904586792, -0.14018775522708893, -0.1481112390756607, -0.14238162338733673, -0.13257503509521484, -0.1334252804517746, -0.13247300684452057, -0.12665626406669617]
test/correction_patch_magnitude_ratio: [0.07262173295021057, 0.06316296011209488, 0.0578911118209362, 0.05560172721743584, 0.05347403138875961, 0.05113859474658966, 0.047694310545921326, 0.04592128470540047, 0.043690722435712814, 0.04373317211866379, 0.04526649788022041, 0.04529726877808571, 0.04691852256655693, 0.047279030084609985, 0.046192776411771774, 0.04640410840511322, 0.044227294623851776, 0.04282992705702782, 0.042115066200494766, 0.043286360800266266, 0.04369856417179108, 0.04322909191250801, 0.04309593141078949, 0.04303216189146042, 0.04376962035894394, 0.043745025992393494, 0.0426783412694931, 0.044352807104587555, 0.045045122504234314, 0.044004376977682114, 0.04261772334575653, 0.04255077242851257, 0.04374874010682106, 0.04140275716781616, 0.03766221925616264, 0.03598512336611748, 0.03451361134648323, 0.03286905586719513, 0.032001204788684845, 0.030647659674286842, 0.029889754951000214, 0.029954982921481133, 0.02939235046505928, 0.02942505106329918, 0.028457334265112877]
test/correction_patch_optimal_scalar: [1.1759765148162842, 0.7253309488296509, 0.3809066414833069, 0.1276545375585556, -1.011475682258606, -2.5514938831329346, -4.584450721740723, -5.972120761871338, -6.116708755493164, -5.177680015563965, -4.398570537567139, -3.6160783767700195, -3.747878074645996, -3.4611785411834717, -3.426237106323242, -2.914595365524292, -4.566104888916016, -5.729692459106445, -5.316775321960449, -5.728219032287598, -5.857293128967285, -5.6277360916137695, -5.659653663635254, -6.53759765625, -6.535385608673096, -6.958305835723877, -6.996769905090332, -5.268316745758057, -3.862025022506714, -3.157468795776367, -3.7882111072540283, -3.945152521133423, -4.0855631828308105, -4.765172958374023, -6.809777736663818, -7.14736270904541, -7.114026069641113, -6.962477207183838, -6.409659385681152, -6.17514705657959, -5.913167476654053, -5.71666145324707, -5.601595401763916, -5.9219841957092285, -6.530596733093262]
