[train]
train/correction_beneficial_ratio: 0.4506354331970215
train/correction_beneficial_ratio_far: 0.44890308380126953
train/correction_beneficial_ratio_middle: 0.4377763569355011
train/correction_beneficial_ratio_near: 0.46522682905197144
train/correction_cosine_far: -0.05270138755440712
train/correction_cosine_mean: -0.04716994985938072
train/correction_cosine_middle: -0.05496950447559357
train/correction_cosine_near: -0.03383905813097954
train/correction_magnitude_ratio_far: 0.0044668447226285934
train/correction_magnitude_ratio_mean: 0.005090962164103985
train/correction_magnitude_ratio_middle: 0.005035477690398693
train/correction_magnitude_ratio_near: 0.005770560819655657
train/correction_optimal_scalar_far: -5.213807106018066
train/correction_optimal_scalar_mean: 0.5781583189964294
train/correction_optimal_scalar_middle: -0.8509161472320557
train/correction_optimal_scalar_near: 7.79917573928833
train/correction_patch_beneficial_ratio: [0.5460702776908875, 0.47233226895332336, 0.4656868875026703, 0.48242810368537903, 0.48741215467453003, 0.5004472732543945, 0.4727156460285187, 0.4407667815685272, 0.41993609070777893, 0.41546326875686646, 0.4322044849395752, 0.4516294002532959, 0.4568690061569214, 0.47118210792541504, 0.4632587730884552, 0.4682428240776062, 0.4550798833370209, 0.4407667815685272, 0.46185302734375, 0.45073482394218445, 0.43028753995895386, 0.4255591034889221, 0.4241533577442169, 0.4251757264137268, 0.44191694259643555, 0.42849841713905334, 0.4293929636478424, 0.4227476119995117, 0.42428115010261536, 0.43795526027679443, 0.4353993535041809, 0.442044734954834, 0.4615974426269531, 0.45750799775123596, 0.42990416288375854, 0.4456230103969574, 0.463386595249176, 0.44932907819747925, 0.44932907819747925, 0.4434504806995392, 0.44396165013313293, 0.4502236545085907, 0.4508626163005829, 0.4554632604122162, 0.4554632604122162]
train/correction_patch_cosine: [0.0475153811275959, -0.007170489989221096, -0.014267141930758953, -0.0051262276247143745, -0.008504422381520271, 0.002057719277217984, -0.03602178767323494, -0.06567636877298355, -0.08847585320472717, -0.09412738680839539, -0.07164083421230316, -0.0510193407535553, -0.041999854147434235, -0.03230901435017586, -0.040819406509399414, -0.027443669736385345, -0.047754667699337006, -0.0660373717546463, -0.029336780309677124, -0.046758562326431274, -0.06220131367444992, -0.06475482881069183, -0.06780966371297836, -0.07308778911828995, -0.04528094828128815, -0.06016184389591217, -0.06548520177602768, -0.055184293538331985, -0.05519742891192436, -0.058048393577337265, -0.06379417330026627, -0.04878619313240051, -0.030120963230729103, -0.038982462137937546, -0.06784281879663467, -0.05834273621439934, -0.051165301352739334, -0.058786001056432724, -0.05666282773017883, -0.05765191838145256, -0.05914794281125069, -0.05012444779276848, -0.05109170824289322, -0.04488692432641983, -0.05313314497470856]
train/correction_patch_magnitude_ratio: [0.007509871851652861, 0.006676907185465097, 0.006266536191105843, 0.0059605808928608894, 0.005821285769343376, 0.005665856413543224, 0.005579305347055197, 0.005582572892308235, 0.00558080431073904, 0.00553629407659173, 0.005471209064126015, 0.0053474013693630695, 0.005244011990725994, 0.005168774165213108, 0.005147037096321583, 0.005098926369100809, 0.005159157793968916, 0.005182954017072916, 0.005128547083586454, 0.005120071582496166, 0.005132533609867096, 0.005117405671626329, 0.00509823439642787, 0.005088248755782843, 0.00498258275911212, 0.004965828265994787, 0.0049508907832205296, 0.004874092061072588, 0.00482360040768981, 0.004809115082025528, 0.004801562521606684, 0.004746114835143089, 0.004642641171813011, 0.00457540201023221, 0.0045860460959374905, 0.004550212528556585, 0.004490476567298174, 0.004463600926101208, 0.004432074725627899, 0.004394183866679668, 0.004360636230558157, 0.004311871249228716, 0.004256179090589285, 0.004207364749163389, 0.00418428797274828]
train/correction_patch_optimal_scalar: [13.959715843200684, 12.575902938842773, 15.244954109191895, 18.445478439331055, 16.25388526916504, 19.206697463989258, 8.144845962524414, 0.7444351315498352, -3.4709300994873047, -4.5243730545043945, 0.27885109186172485, 4.130129337310791, 5.191586017608643, 7.051636219024658, 3.7548294067382812, 7.0600199699401855, 1.916562795639038, -2.9621944427490234, 6.979582786560059, 0.7402286529541016, -3.9845337867736816, -4.214140892028809, -5.757620811462402, -8.229714393615723, 1.882004737854004, -1.745947003364563, -3.131300449371338, 0.18828824162483215, 0.06853733956813812, -1.573226809501648, -4.947835445404053, -3.7392687797546387, 0.5978389382362366, -2.0875470638275146, -11.191082000732422, -9.833003997802734, -8.970267295837402, -9.6322660446167, -6.944855690002441, -6.285156726837158, -6.5040283203125, -3.122833490371704, -2.323190450668335, -0.08962797373533249, -3.1339309215545654]
[test]
test/correction_beneficial_ratio: 0.3748778998851776
test/correction_beneficial_ratio_far: 0.3615918457508087
test/correction_beneficial_ratio_middle: 0.34696900844573975
test/correction_beneficial_ratio_near: 0.416072815656662
test/correction_cosine_far: -0.10918786376714706
test/correction_cosine_mean: -0.10141126066446304
test/correction_cosine_middle: -0.12014895677566528
test/correction_cosine_near: -0.07489699125289917
test/correction_magnitude_ratio_far: 0.004369223956018686
test/correction_magnitude_ratio_mean: 0.004940819926559925
test/correction_magnitude_ratio_middle: 0.004901243839412928
test/correction_magnitude_ratio_near: 0.005551982205361128
test/correction_optimal_scalar_far: -26.05825424194336
test/correction_optimal_scalar_mean: -23.43406867980957
test/correction_optimal_scalar_middle: -26.77910041809082
test/correction_optimal_scalar_near: -17.46481704711914
test/correction_patch_beneficial_ratio: [0.515039324760437, 0.4553447365760803, 0.4576584994792938, 0.46783897280693054, 0.45812124013900757, 0.4562702476978302, 0.45441925525665283, 0.3988893926143646, 0.3632577657699585, 0.36927348375320435, 0.3479870557785034, 0.3586302697658539, 0.38130494952201843, 0.37945395708084106, 0.3776029646396637, 0.37575197219848633, 0.3419713079929352, 0.33965757489204407, 0.35168904066085815, 0.351226270198822, 0.3475242853164673, 0.36048126220703125, 0.35724201798439026, 0.35030078887939453, 0.37251272797584534, 0.3220731019973755, 0.30865341424942017, 0.3234613537788391, 0.33503007888793945, 0.36695975065231323, 0.37714022397994995, 0.3688107430934906, 0.36372050642967224, 0.36834797263145447, 0.3331790864467621, 0.3475242853164673, 0.34937527775764465, 0.3368810713291168, 0.3563165068626404, 0.357704758644104, 0.3600185215473175, 0.3766774535179138, 0.37066173553466797, 0.3743637204170227, 0.3831559419631958]
test/correction_patch_cosine: [0.02653464302420616, -0.010961600579321384, -0.015019125305116177, -0.014206666499376297, -0.03320267051458359, -0.025728542357683182, -0.06058891490101814, -0.10481549799442291, -0.13688036799430847, -0.1470450758934021, -0.1418222039937973, -0.12745824456214905, -0.11286611109972, -0.10661260038614273, -0.11278259009122849, -0.099982850253582, -0.12704525887966156, -0.1392589956521988, -0.10478934645652771, -0.1137152835726738, -0.11862069368362427, -0.11162767559289932, -0.11911788582801819, -0.1378442496061325, -0.1169261708855629, -0.1398496776819229, -0.14544442296028137, -0.12364635616540909, -0.10794603824615479, -0.09641799330711365, -0.08940595388412476, -0.0811389684677124, -0.07131905853748322, -0.08061479777097702, -0.12436976283788681, -0.1180342361330986, -0.113309346139431, -0.12730248272418976, -0.12411167472600937, -0.1210385337471962, -0.1270953118801117, -0.11667585372924805, -0.11515622586011887, -0.10998418182134628, -0.11826244741678238]
test/correction_patch_magnitude_ratio: [0.007075576111674309, 0.006448312662541866, 0.006011619698256254, 0.005762446206063032, 0.005668814294040203, 0.005517482757568359, 0.005487184505909681, 0.0054941908456385136, 0.005399239715188742, 0.005238245241343975, 0.005161238368600607, 0.005028789862990379, 0.005016614217311144, 0.004993013571947813, 0.004977010656148195, 0.00496472604572773, 0.004973618779331446, 0.004926588851958513, 0.004744661506265402, 0.004813188686966896, 0.004848002456128597, 0.0047871884889900684, 0.0048082973808050156, 0.004909707233309746, 0.004883288871496916, 0.004984543193131685, 0.00497061014175415, 0.004971995018422604, 0.004990396089851856, 0.00494190352037549, 0.004911033436655998, 0.004885891918092966, 0.004889274947345257, 0.004763245116919279, 0.004706913605332375, 0.004564639646559954, 0.004453884903341532, 0.004363533575087786, 0.004217620473355055, 0.004139984026551247, 0.004067696165293455, 0.003989832475781441, 0.003918519709259272, 0.003861556528136134, 0.0038047819398343563]
test/correction_patch_optimal_scalar: [6.186761379241943, 1.0181599855422974, 0.3663718104362488, 1.3937716484069824, -2.9307448863983154, -2.310033082962036, -14.622095108032227, -27.15838050842285, -34.511653900146484, -36.08640670776367, -31.627805709838867, -30.229427337646484, -30.575746536254883, -29.421091079711914, -31.463102340698242, -29.579975128173828, -34.54696273803711, -38.55911636352539, -28.27927017211914, -29.871305465698242, -30.337448120117188, -26.784940719604492, -26.022428512573242, -27.728622436523438, -22.103031158447266, -28.13465690612793, -29.93740463256836, -21.576704025268555, -15.67974853515625, -12.545570373535156, -13.380002975463867, -13.072759628295898, -12.407544136047363, -15.807735443115234, -26.871984481811523, -27.55634307861328, -27.297237396240234, -31.587051391601562, -32.35712814331055, -31.562274932861328, -32.91895294189453, -30.2805118560791, -29.744731903076172, -30.569015502929688, -35.46120071411133]
