[train]
train/correction_beneficial_ratio: 0.5174871683120728
train/correction_beneficial_ratio_far: 0.5098754167556763
train/correction_beneficial_ratio_middle: 0.5390569567680359
train/correction_beneficial_ratio_near: 0.5035290718078613
train/correction_cosine_far: 0.019240980967879295
train/correction_cosine_mean: 0.020697038620710373
train/correction_cosine_middle: 0.03556043654680252
train/correction_cosine_near: 0.0072896140627563
train/correction_magnitude_ratio_far: 0.006595507264137268
train/correction_magnitude_ratio_mean: 0.00889487937092781
train/correction_magnitude_ratio_middle: 0.007991183549165726
train/correction_magnitude_ratio_near: 0.012097939848899841
train/correction_optimal_scalar_far: 9.203052520751953
train/correction_optimal_scalar_mean: 7.546700954437256
train/correction_optimal_scalar_middle: 9.553160667419434
train/correction_optimal_scalar_near: 3.8838841915130615
train/correction_patch_beneficial_ratio: [0.5117882490158081, 0.4644128084182739, 0.4561832845211029, 0.4833185076713562, 0.48153916001319885, 0.47664591670036316, 0.4959964454174042, 0.501556932926178, 0.5066726207733154, 0.5140124559402466, 0.5157918334007263, 0.524021327495575, 0.541592538356781, 0.5455960631370544, 0.5338078141212463, 0.5335854291915894, 0.5429270267486572, 0.5440391302108765, 0.5424821972846985, 0.5380337834358215, 0.5329181551933289, 0.5451512336730957, 0.546040952205658, 0.5409252643585205, 0.5444839596748352, 0.5509341359138489, 0.5362544655799866, 0.5333629846572876, 0.5289145708084106, 0.5258007049560547, 0.5271352529525757, 0.5244662165641785, 0.517793595790863, 0.5151245594024658, 0.5106761455535889, 0.5040035843849182, 0.49977758526802063, 0.5017793774604797, 0.5068950057029724, 0.5071174502372742, 0.5122330784797668, 0.5082295536994934, 0.5046707987785339, 0.504448413848877, 0.5037811398506165]
train/correction_patch_cosine: [0.025298764929175377, -0.03959609195590019, -0.035561613738536835, -0.01409752294421196, -0.012916110455989838, -0.027155611664056778, -0.00568776810541749, 0.008507728576660156, 0.009028248488903046, 0.02081015706062317, 0.030966198071837425, 0.03913175314664841, 0.03592623397707939, 0.03990660607814789, 0.034783653914928436, 0.03145737946033478, 0.03501235693693161, 0.03519527241587639, 0.03535646200180054, 0.0318719781935215, 0.02624606527388096, 0.02919161133468151, 0.033712707459926605, 0.03898971527814865, 0.04180704429745674, 0.04364096373319626, 0.03957401216030121, 0.03911761939525604, 0.036552753299474716, 0.03568063676357269, 0.0369650237262249, 0.03219874948263168, 0.02609812282025814, 0.02332926169037819, 0.019780416041612625, 0.016593603417277336, 0.015252671204507351, 0.01721207983791828, 0.01660127565264702, 0.015106050297617912, 0.012764917686581612, 0.011212730780243874, 0.011140361428260803, 0.016164032742381096, 0.018195973709225655]
train/correction_patch_magnitude_ratio: [0.026997141540050507, 0.017905373126268387, 0.014995459467172623, 0.01312420517206192, 0.011972464621067047, 0.011317839846014977, 0.01051158457994461, 0.009858428500592709, 0.009608377702534199, 0.009348382242023945, 0.009223194792866707, 0.009194435551762581, 0.009298538789153099, 0.009110789746046066, 0.009002908132970333, 0.008879355154931545, 0.008643337525427341, 0.008381571620702744, 0.008188796229660511, 0.008198733441531658, 0.00826837494969368, 0.008145876228809357, 0.00806012749671936, 0.007964886724948883, 0.007865618914365768, 0.007666199002414942, 0.007618671748787165, 0.00747399078682065, 0.007338521536439657, 0.007173714693635702, 0.007031067740172148, 0.006980123929679394, 0.006989653222262859, 0.006921259220689535, 0.006809489335864782, 0.0066757588647305965, 0.006582741159945726, 0.006477687042206526, 0.006417931988835335, 0.006386234425008297, 0.006337797734886408, 0.006305626593530178, 0.006335141137242317, 0.006340508349239826, 0.006341646891087294]
train/correction_patch_optimal_scalar: [1.3039711713790894, -0.8588846325874329, -0.5477883219718933, 1.412489891052246, 1.7007232904434204, 0.05561845004558563, 1.2965911626815796, 2.9891602993011475, 2.70115065574646, 4.375021934509277, 7.032995700836182, 8.838574409484863, 8.75954818725586, 9.540265083312988, 9.658794403076172, 9.322983741760254, 9.207788467407227, 8.652861595153809, 9.161730766296387, 8.788529396057129, 7.910460472106934, 9.209155082702637, 10.820849418640137, 10.581381797790527, 10.367324829101562, 11.09089469909668, 10.496851921081543, 10.119250297546387, 9.089786529541016, 8.47779369354248, 8.873689651489258, 8.285822868347168, 7.389827251434326, 7.618303298950195, 7.520237445831299, 7.736109256744385, 7.748405933380127, 8.66100025177002, 9.805314064025879, 10.072566986083984, 9.80975341796875, 9.76846981048584, 10.539006233215332, 11.93743896484375, 12.279712677001953]
[test]
test/correction_beneficial_ratio: 0.35538846254348755
test/correction_beneficial_ratio_far: 0.297995001077652
test/correction_beneficial_ratio_middle: 0.3184628188610077
test/correction_beneficial_ratio_near: 0.44970759749412537
test/correction_cosine_far: -0.26906999945640564
test/correction_cosine_mean: -0.17854414880275726
test/correction_cosine_middle: -0.20563068985939026
test/correction_cosine_near: -0.06093164533376694
test/correction_magnitude_ratio_far: 0.004328534938395023
test/correction_magnitude_ratio_mean: 0.006790642160922289
test/correction_magnitude_ratio_middle: 0.0059341308660805225
test/correction_magnitude_ratio_near: 0.010109268128871918
test/correction_optimal_scalar_far: -101.33100128173828
test/correction_optimal_scalar_mean: -59.35689163208008
test/correction_optimal_scalar_middle: -62.683326721191406
test/correction_optimal_scalar_near: -14.056259155273438
test/correction_patch_beneficial_ratio: [0.5664160251617432, 0.5664160251617432, 0.5939849615097046, 0.602756917476654, 0.567669153213501, 0.4887218177318573, 0.4724310636520386, 0.43233081698417664, 0.378446102142334, 0.36090224981307983, 0.3571428656578064, 0.36090224981307983, 0.332080215215683, 0.32581454515457153, 0.33959898352622986, 0.3458646535873413, 0.3458646535873413, 0.32581454515457153, 0.34085214138031006, 0.3233082592487335, 0.3308270573616028, 0.35338345170021057, 0.36215537786483765, 0.3358395993709564, 0.3195488750934601, 0.3070175349712372, 0.2994987368583679, 0.28070175647735596, 0.2493734359741211, 0.25689223408699036, 0.27944862842559814, 0.2969924807548523, 0.30075186491012573, 0.308270663022995, 0.3208020031452179, 0.31453633308410645, 0.3070175349712372, 0.31453633308410645, 0.31578946113586426, 0.2857142984867096, 0.2731829583644867, 0.2744360864162445, 0.27694234251976013, 0.2982456088066101, 0.30325815081596375]
test/correction_patch_cosine: [0.07096239179372787, 0.0613744743168354, 0.08284151554107666, 0.08037786185741425, 0.04411720484495163, -0.017720751464366913, -0.05982157588005066, -0.09039614349603653, -0.12404763698577881, -0.1283138394355774, -0.13563172519207, -0.14479383826255798, -0.17094531655311584, -0.18905304372310638, -0.1929246336221695, -0.18186268210411072, -0.17415904998779297, -0.17294014990329742, -0.16754381358623505, -0.1708386391401291, -0.17483457922935486, -0.17162775993347168, -0.1818731725215912, -0.20275501906871796, -0.21637456119060516, -0.2288990467786789, -0.23912934958934784, -0.25710639357566833, -0.2730419635772705, -0.2714756429195404, -0.26227372884750366, -0.25738221406936646, -0.24873434007167816, -0.24638305604457855, -0.2417166382074356, -0.2452344000339508, -0.2517630159854889, -0.2657455503940582, -0.2707259953022003, -0.2813400328159332, -0.2861214876174927, -0.2920396327972412, -0.29547759890556335, -0.29637056589126587, -0.29474151134490967]
test/correction_patch_magnitude_ratio: [0.021857718005776405, 0.01497309934347868, 0.01245618611574173, 0.010966073721647263, 0.009942385368049145, 0.009187166579067707, 0.008641022257506847, 0.008176148869097233, 0.008111412636935711, 0.00817110575735569, 0.0081334775313735, 0.007849916815757751, 0.007755931932479143, 0.007678556721657515, 0.007738687563687563, 0.007434334140270948, 0.007126569282263517, 0.006888106465339661, 0.006609641015529633, 0.0064014592207968235, 0.006262386683374643, 0.006049471907317638, 0.005806428845971823, 0.005567034240812063, 0.005445460788905621, 0.005308512132614851, 0.005176979582756758, 0.005038490053266287, 0.004955496173352003, 0.0049415696412324905, 0.004904771223664284, 0.004875048995018005, 0.004919725004583597, 0.0048643723130226135, 0.004761104006320238, 0.0045998492278158665, 0.004442605655640364, 0.004248728975653648, 0.004063895903527737, 0.003935687709599733, 0.003824558574706316, 0.0038081833627074957, 0.0038566302973777056, 0.00391128147020936, 0.003911623731255531]
test/correction_patch_optimal_scalar: [5.715841293334961, 9.412610054016113, 15.492666244506836, 15.909109115600586, 8.720538139343262, 1.7278581857681274, -3.0439741611480713, -10.19503116607666, -19.363788604736328, -27.66463279724121, -32.39441680908203, -36.86992263793945, -42.517921447753906, -47.056602478027344, -48.71622085571289, -49.765830993652344, -53.38239669799805, -55.93452835083008, -54.79974365234375, -53.76340103149414, -53.07802200317383, -51.736270904541016, -54.1171760559082, -60.04349899291992, -64.37171173095703, -67.58596801757812, -70.90962982177734, -77.17024230957031, -84.75897979736328, -88.83241271972656, -92.06949615478516, -94.330810546875, -94.57024383544922, -96.75570678710938, -98.89234924316406, -100.23928833007812, -100.522705078125, -103.87858581542969, -105.03632354736328, -105.90162658691406, -104.6514892578125, -107.47525024414062, -107.62906646728516, -105.62267303466797, -102.39080810546875]
