[train]
train/correction_beneficial_ratio: 0.5139784812927246
train/correction_beneficial_ratio_far: 0.5204622745513916
train/correction_beneficial_ratio_middle: 0.5084280967712402
train/correction_beneficial_ratio_near: 0.513045072555542
train/correction_cosine_far: 0.04916999116539955
train/correction_cosine_mean: 0.039976682513952255
train/correction_cosine_middle: 0.033443525433540344
train/correction_cosine_near: 0.037316545844078064
train/correction_magnitude_ratio_far: 0.036419663578271866
train/correction_magnitude_ratio_mean: 0.04168248176574707
train/correction_magnitude_ratio_middle: 0.0400010384619236
train/correction_magnitude_ratio_near: 0.04862673580646515
train/correction_optimal_scalar_far: 4.1153411865234375
train/correction_optimal_scalar_mean: 2.738696813583374
train/correction_optimal_scalar_middle: 2.3947505950927734
train/correction_optimal_scalar_near: 1.7060006856918335
train/correction_patch_beneficial_ratio: [0.48811861872673035, 0.5018605589866638, 0.5328899025917053, 0.5498549342155457, 0.5390430688858032, 0.49901843070983887, 0.4805297553539276, 0.5003369450569153, 0.5200562477111816, 0.5237188339233398, 0.5199683308601379, 0.49019894003868103, 0.485100656747818, 0.5196167230606079, 0.5399806499481201, 0.5432916283607483, 0.531073272228241, 0.5025051832199097, 0.4956195652484894, 0.5100647807121277, 0.5207008719444275]
train/correction_patch_cosine: [0.018921585753560066, 0.027126334607601166, 0.05662129819393158, 0.07126916199922562, 0.060187242925167084, 0.020175527781248093, 0.006914770696312189, 0.01893574930727482, 0.04149928689002991, 0.05267835408449173, 0.0468713603913784, 0.015876008197665215, 0.013784320093691349, 0.044459566473960876, 0.0705675259232521, 0.07547831535339355, 0.06114672124385834, 0.03094552643597126, 0.019504565745592117, 0.03426004946231842, 0.05228704959154129]
train/correction_patch_magnitude_ratio: [0.06495047360658646, 0.0491333082318306, 0.04610396549105644, 0.046184830367565155, 0.0462021604180336, 0.04596399515867233, 0.04184843972325325, 0.039202649146318436, 0.04047175124287605, 0.04274968057870865, 0.0431947223842144, 0.041175585240125656, 0.03753284364938736, 0.03568015992641449, 0.03731829300522804, 0.03974509984254837, 0.039577435702085495, 0.03687087446451187, 0.03357107564806938, 0.03289003297686577, 0.03496479615569115]
train/correction_patch_optimal_scalar: [0.5413132309913635, 1.445578694343567, 2.8589370250701904, 2.5499391555786133, 1.8048917055130005, 1.0479167699813843, 1.693434476852417, 1.9707067012786865, 2.8199775218963623, 2.5203750133514404, 1.8626186847686768, 1.2770748138427734, 2.498713970184326, 3.813788414001465, 4.499276638031006, 4.218754768371582, 3.2653512954711914, 3.52414608001709, 4.200569152832031, 4.60061502456665, 4.498651027679443]
[test]
test/correction_beneficial_ratio: 0.4911850392818451
test/correction_beneficial_ratio_far: 0.5233156681060791
test/correction_beneficial_ratio_middle: 0.4739893972873688
test/correction_beneficial_ratio_near: 0.4762500822544098
test/correction_cosine_far: 0.04594648256897926
test/correction_cosine_mean: 0.013770969584584236
test/correction_cosine_middle: -0.0038077279459685087
test/correction_cosine_near: -0.0008258711895905435
test/correction_magnitude_ratio_far: 0.036685772240161896
test/correction_magnitude_ratio_mean: 0.04125049337744713
test/correction_magnitude_ratio_middle: 0.039385534822940826
test/correction_magnitude_ratio_near: 0.04768015071749687
test/correction_optimal_scalar_far: 1.6934462785720825
test/correction_optimal_scalar_mean: 0.6459163427352905
test/correction_optimal_scalar_middle: 0.05587591230869293
test/correction_optimal_scalar_near: 0.18842774629592896
test/correction_patch_beneficial_ratio: [0.4491730034351349, 0.4691998064517975, 0.49861422181129456, 0.5133661031723022, 0.5135449171066284, 0.46866339445114136, 0.4211890995502472, 0.4496200382709503, 0.4750111699104309, 0.4976307451725006, 0.4925346374511719, 0.4610639214515686, 0.4516763389110565, 0.4903889000415802, 0.5201609134674072, 0.5358963012695312, 0.5311577916145325, 0.5291908979415894, 0.5111309885978699, 0.515958845615387, 0.5197138786315918]
test/correction_patch_cosine: [-0.014966404065489769, -0.012611087411642075, 0.014256089925765991, 0.02634466625750065, 0.03324073553085327, -0.00418350612744689, -0.04786159098148346, -0.029183097183704376, -0.004601211287081242, 0.016305815428495407, 0.016210690140724182, -0.01130660343915224, -0.024817517027258873, 0.010737743228673935, 0.04608626291155815, 0.06464730203151703, 0.06238781660795212, 0.049855347722768784, 0.03529638424515724, 0.03022179566323757, 0.03313075006008148]
test/correction_patch_magnitude_ratio: [0.06276977807283401, 0.04784484952688217, 0.04468964412808418, 0.04535180330276489, 0.04572577774524689, 0.04585940018296242, 0.041520025581121445, 0.037985458970069885, 0.03902624920010567, 0.0411682091653347, 0.04236000403761864, 0.04156052693724632, 0.03794952109456062, 0.03564876317977905, 0.03721556439995766, 0.03935328871011734, 0.04015012085437775, 0.03791719675064087, 0.03422187641263008, 0.03268875554203987, 0.035253558307886124]
test/correction_patch_optimal_scalar: [0.3902992904186249, 0.006880102679133415, 0.6640575528144836, 0.5354030728340149, 0.6190012693405151, -0.5677255988121033, -0.32891416549682617, 0.23487281799316406, 0.12510614097118378, -0.04953243210911751, -0.2754443287849426, -0.960910439491272, -0.32823967933654785, 1.6452852487564087, 2.0582971572875977, 2.0801923274993896, 1.4210519790649414, 1.3537307977676392, 1.8119899034500122, 2.0652482509613037, 1.0635943412780762]
