[train]
train/correction_beneficial_ratio: 0.5373589396476746
train/correction_beneficial_ratio_far: 0.559367835521698
train/correction_beneficial_ratio_middle: 0.5483854413032532
train/correction_beneficial_ratio_near: 0.5043236017227173
train/correction_cosine_far: 0.09895684570074081
train/correction_cosine_mean: 0.08001597225666046
train/correction_cosine_middle: 0.08725278079509735
train/correction_cosine_near: 0.0538383312523365
train/correction_magnitude_ratio_far: 0.0899123102426529
train/correction_magnitude_ratio_mean: 0.09499440342187881
train/correction_magnitude_ratio_middle: 0.0912017822265625
train/correction_magnitude_ratio_near: 0.10386911034584045
train/correction_optimal_scalar_far: 1.1262927055358887
train/correction_optimal_scalar_mean: 1.120194911956787
train/correction_optimal_scalar_middle: 1.349138617515564
train/correction_optimal_scalar_near: 0.8851546049118042
train/correction_patch_beneficial_ratio: [0.4096606969833374, 0.4872722029685974, 0.5114831924438477, 0.5104756355285645, 0.4953622817993164, 0.47915247082710266, 0.4867091476917267, 0.512046217918396, 0.5227737426757812, 0.5247888565063477, 0.5134093761444092, 0.5048748254776001, 0.5139427781105042, 0.5406134128570557, 0.5522892475128174, 0.5564083456993103, 0.5426581501960754, 0.5287301540374756, 0.5276633501052856, 0.5516076683998108, 0.5590161681175232, 0.5590457916259766, 0.5541858077049255, 0.5389835238456726, 0.5367609858512878, 0.5476663112640381, 0.555489718914032, 0.5629278421401978, 0.5559638738632202, 0.5486738681793213, 0.5561119914054871, 0.5669580698013306, 0.5631945729255676, 0.5675507187843323, 0.5607349276542664, 0.5548377633094788, 0.5547488331794739, 0.5654467344284058, 0.5642021298408508, 0.5617721080780029, 0.5517261624336243, 0.550629734992981, 0.5546303391456604, 0.5600829720497131, 0.5578900575637817]
train/correction_patch_cosine: [-0.015140925534069538, 0.04097723215818405, 0.05749605596065521, 0.054967403411865234, 0.04572199285030365, 0.03539133071899414, 0.03994538635015488, 0.0610586553812027, 0.06614191830158234, 0.06668053567409515, 0.06235004961490631, 0.05413792282342911, 0.06318019330501556, 0.08354931324720383, 0.0911179780960083, 0.09621196240186691, 0.08616504073143005, 0.07306090742349625, 0.06967794895172119, 0.08721169829368591, 0.09552709013223648, 0.09470361471176147, 0.09085018932819366, 0.07820964604616165, 0.07507286220788956, 0.08537416905164719, 0.09361585974693298, 0.09981994330883026, 0.09490956366062164, 0.08838103711605072, 0.094564288854599, 0.10439664125442505, 0.10291597247123718, 0.10501477867364883, 0.10036411881446838, 0.09243080765008926, 0.09389536082744598, 0.10659361630678177, 0.10796265304088593, 0.10318323224782944, 0.09197841584682465, 0.08915690332651138, 0.0921132043004036, 0.10057929903268814, 0.09920280426740646]
train/correction_patch_magnitude_ratio: [0.14991718530654907, 0.11161424964666367, 0.10582128912210464, 0.10370412468910217, 0.102802574634552, 0.10411180555820465, 0.10075144469738007, 0.09996616840362549, 0.10174593329429626, 0.09955625981092453, 0.09961966425180435, 0.0989985391497612, 0.0933578610420227, 0.09239356219768524, 0.09367609769105911, 0.09226701408624649, 0.0910957008600235, 0.09108182787895203, 0.09137044847011566, 0.0918574184179306, 0.09331561625003815, 0.09167485684156418, 0.09106949716806412, 0.09127375483512878, 0.0906902328133583, 0.0910365954041481, 0.0911591425538063, 0.09011761844158173, 0.08996017277240753, 0.09005662798881531, 0.08926261961460114, 0.08979534357786179, 0.08995972573757172, 0.08866281807422638, 0.08951155841350555, 0.09088481217622757, 0.09092151373624802, 0.09109638631343842, 0.08986665308475494, 0.0888017937541008, 0.08927185833454132, 0.09107893705368042, 0.0909089744091034, 0.08950954675674438, 0.0891522467136383]
train/correction_patch_optimal_scalar: [0.041396550834178925, 0.6809218525886536, 0.40550529956817627, 0.18002213537693024, 0.37901997566223145, 0.3934832513332367, 0.6356824636459351, 0.8192565441131592, 0.6002330183982849, 0.5491678714752197, 1.3298113346099854, 1.811602234840393, 2.004331350326538, 1.849536418914795, 1.597337007522583, 1.4182567596435547, 1.5230836868286133, 1.4356907606124878, 1.3952341079711914, 1.3644530773162842, 1.09107506275177, 1.047090768814087, 1.3451381921768188, 1.4482206106185913, 1.6157101392745972, 1.6744922399520874, 1.4223065376281738, 1.2689735889434814, 1.002142071723938, 1.1852105855941772, 1.5611851215362549, 1.2569139003753662, 0.7155277729034424, 0.642960786819458, 0.835758626461029, 1.0996819734573364, 1.4077013731002808, 1.7175925970077515, 1.2566388845443726, 0.8051797747612, 0.8951815962791443, 1.2680859565734863, 1.2369580268859863, 1.3741644620895386, 0.8208571672439575]
[test]
test/correction_beneficial_ratio: 0.4771800935268402
test/correction_beneficial_ratio_far: 0.4877079427242279
test/correction_beneficial_ratio_middle: 0.478819876909256
test/correction_beneficial_ratio_near: 0.46501249074935913
test/correction_cosine_far: 0.027534089982509613
test/correction_cosine_mean: 0.01542244479060173
test/correction_cosine_middle: 0.016274333000183105
test/correction_cosine_near: 0.002458907663822174
test/correction_magnitude_ratio_far: 0.09053730964660645
test/correction_magnitude_ratio_mean: 0.09335804730653763
test/correction_magnitude_ratio_middle: 0.09210251271724701
test/correction_magnitude_ratio_near: 0.09743436425924301
test/correction_optimal_scalar_far: -0.4550246596336365
test/correction_optimal_scalar_mean: -0.41029566526412964
test/correction_optimal_scalar_middle: -0.4076739549636841
test/correction_optimal_scalar_near: -0.3681883215904236
test/correction_patch_beneficial_ratio: [0.419868528842926, 0.4737524390220642, 0.4928247332572937, 0.5012499094009399, 0.4708823263645172, 0.45356911420822144, 0.44847699999809265, 0.45569854974746704, 0.4734746813774109, 0.483751505613327, 0.4554207921028137, 0.45634663105010986, 0.4558837115764618, 0.45847606658935547, 0.4755115211009979, 0.4945838451385498, 0.46995648741722107, 0.4598648250102997, 0.48689937591552734, 0.5029163956642151, 0.5080085396766663, 0.5135635733604431, 0.4856957793235779, 0.47116008400917053, 0.4622720181941986, 0.4555133879184723, 0.46032774448394775, 0.48004814982414246, 0.4676418900489807, 0.4638459384441376, 0.48467734456062317, 0.4893065392971039, 0.4877326190471649, 0.49902787804603577, 0.493102490901947, 0.47652995586395264, 0.4709749221801758, 0.4839366674423218, 0.49625036120414734, 0.5147671699523926, 0.5055087208747864, 0.478844553232193, 0.48143690824508667, 0.47578927874565125, 0.4777335524559021]
test/correction_patch_cosine: [-0.01912853494286537, 0.006170081440359354, 0.02531742863357067, 0.025717921555042267, 0.002343038795515895, -0.008114445023238659, -0.008633047342300415, -0.005637089256197214, 0.007100521121174097, 0.014849994331598282, -0.0008900390239432454, -0.006736621260643005, -0.0064447298645973206, -0.004813091829419136, 0.01578221656382084, 0.027313755825161934, 0.00229965103790164, 0.0024715212639421225, 0.023027673363685608, 0.03130267560482025, 0.038989219814538956, 0.03782479465007782, 0.022016458213329315, 0.014159057289361954, 0.011836433783173561, -1.1856252513098298e-06, 0.0020203569438308477, 0.013624784536659718, 0.0060322098433971405, 0.011197754181921482, 0.029392095282673836, 0.032548367977142334, 0.029670465737581253, 0.03686071187257767, 0.033610135316848755, 0.0216775331646204, 0.01158948428928852, 0.021374329924583435, 0.03512192517518997, 0.046703364700078964, 0.03440575301647186, 0.025971010327339172, 0.025666292756795883, 0.014943367801606655, 0.013476415537297726]
test/correction_patch_magnitude_ratio: [0.1318947672843933, 0.0977681577205658, 0.09477449953556061, 0.09210915118455887, 0.09044446051120758, 0.09545312821865082, 0.09611152857542038, 0.09602892398834229, 0.09853794425725937, 0.09611194580793381, 0.09512729942798615, 0.09739043563604355, 0.09517878293991089, 0.09179474413394928, 0.09279003739356995, 0.0907859280705452, 0.08890444785356522, 0.091268390417099, 0.0934724360704422, 0.09213881194591522, 0.09401794523000717, 0.09193404018878937, 0.09054471552371979, 0.09193935990333557, 0.09410965442657471, 0.09282693266868591, 0.09294220805168152, 0.0924321711063385, 0.09108427911996841, 0.09313540905714035, 0.09349239617586136, 0.09213286638259888, 0.09191466867923737, 0.0893959030508995, 0.08863679319620132, 0.09114257246255875, 0.0922931656241417, 0.09022931009531021, 0.08920209109783173, 0.08859169483184814, 0.08841549605131149, 0.09261859953403473, 0.09258809685707092, 0.08872313797473907, 0.08868283033370972]
test/correction_patch_optimal_scalar: [0.1884979009628296, 0.13609878718852997, -0.5871564745903015, -1.3895386457443237, -0.24484650790691376, -0.2291804552078247, 0.18265601992607117, 0.16409367322921753, -1.1707080602645874, -1.3365867137908936, -0.04277358949184418, -0.16495150327682495, -0.13452118635177612, -0.2824419438838959, -0.6114605665206909, -0.7503498196601868, 0.007874874398112297, -0.2280423939228058, -0.12361039966344833, -0.19864875078201294, -1.2823829650878906, -1.5974173545837402, 0.27077895402908325, 0.2143157720565796, 0.026208052411675453, -0.29759645462036133, -1.0978378057479858, -1.5499508380889893, 0.13610249757766724, 0.3554382920265198, 0.2603165805339813, 0.09932607412338257, -1.4504923820495605, -1.874828577041626, 0.3145463764667511, 0.19316551089286804, -0.054895102977752686, -0.12337005883455276, -0.13853736221790314, -1.0801578760147095, 0.37750712037086487, 0.3853415548801422, -0.10945793241262436, -0.5719255805015564, -3.051905632019043]
