[train]
train/correction_beneficial_ratio: 0.4957856833934784
train/correction_beneficial_ratio_far: 0.51542729139328
train/correction_beneficial_ratio_middle: 0.504167914390564
train/correction_beneficial_ratio_near: 0.4677618741989136
train/correction_cosine_far: 0.0582779124379158
train/correction_cosine_mean: 0.040500905364751816
train/correction_cosine_middle: 0.04669094830751419
train/correction_cosine_near: 0.016533933579921722
train/correction_magnitude_ratio_far: 0.07190758734941483
train/correction_magnitude_ratio_mean: 0.07741858065128326
train/correction_magnitude_ratio_middle: 0.0766092985868454
train/correction_magnitude_ratio_near: 0.08373867720365524
train/correction_optimal_scalar_far: 0.8702569603919983
train/correction_optimal_scalar_mean: 0.5553939938545227
train/correction_optimal_scalar_middle: 0.6786575317382812
train/correction_optimal_scalar_near: 0.11726728081703186
train/correction_patch_beneficial_ratio: [0.4428066611289978, 0.44987210631370544, 0.46083566546440125, 0.4760628640651703, 0.482031911611557, 0.4795955717563629, 0.48312827944755554, 0.48373734951019287, 0.49677184224128723, 0.5104153752326965, 0.5083444714546204, 0.5171153545379639, 0.506273627281189, 0.506517231464386, 0.513826310634613, 0.5256425738334656, 0.5150444507598877, 0.5156535506248474, 0.5178462862968445, 0.5068826675415039, 0.5130953788757324]
train/correction_patch_cosine: [-0.00400565518066287, 0.007651191204786301, 0.01462754886597395, 0.021744893863797188, 0.023881936445832253, 0.02187351882457733, 0.02996419183909893, 0.03575442358851433, 0.04098695516586304, 0.04617086797952652, 0.04932519048452377, 0.05306064337491989, 0.05150600150227547, 0.05003229156136513, 0.05415073409676552, 0.06477341055870056, 0.057481423020362854, 0.05603893846273422, 0.05970991402864456, 0.055912189185619354, 0.05987843871116638]
train/correction_patch_magnitude_ratio: [0.0906754732131958, 0.08674237877130508, 0.08479441702365875, 0.08243813365697861, 0.08125302195549011, 0.0805930644273758, 0.07967542856931686, 0.0790344849228859, 0.07826274633407593, 0.07739807665348053, 0.07661797106266022, 0.07568522542715073, 0.07492571324110031, 0.0743405669927597, 0.07363197207450867, 0.07325778156518936, 0.07264631241559982, 0.07226623594760895, 0.0713607594370842, 0.07033932954072952, 0.06985130906105042]
train/correction_patch_optimal_scalar: [-0.28121834993362427, -0.08156321197748184, 0.09628557413816452, 0.1447591483592987, 0.22212016582489014, 0.26499783992767334, 0.45549365878105164, 0.5760414004325867, 0.7033348679542542, 0.6672914028167725, 0.6439360976219177, 0.7034353613853455, 0.7323940396308899, 0.7241684198379517, 0.7999614477157593, 0.9612324833869934, 0.8514965176582336, 0.8222219347953796, 0.9127721190452576, 0.8370232582092285, 0.907090961933136]
[test]
test/correction_beneficial_ratio: 0.5166807174682617
test/correction_beneficial_ratio_far: 0.5168678164482117
test/correction_beneficial_ratio_middle: 0.5443727374076843
test/correction_beneficial_ratio_near: 0.4888015687465668
test/correction_cosine_far: 0.06203789263963699
test/correction_cosine_mean: 0.05767199024558067
test/correction_cosine_middle: 0.07870732992887497
test/correction_cosine_near: 0.03227069601416588
test/correction_magnitude_ratio_far: 0.08056393265724182
test/correction_magnitude_ratio_mean: 0.08316434919834137
test/correction_magnitude_ratio_middle: 0.0823858231306076
test/correction_magnitude_ratio_near: 0.08654317259788513
test/correction_optimal_scalar_far: 0.23701167106628418
test/correction_optimal_scalar_mean: 0.12536661326885223
test/correction_optimal_scalar_middle: 0.35754403471946716
test/correction_optimal_scalar_near: -0.21845512092113495
test/correction_patch_beneficial_ratio: [0.41178780794143677, 0.4432220160961151, 0.45186641812324524, 0.486051082611084, 0.5214145183563232, 0.5449901819229126, 0.5622789859771729, 0.5744597315788269, 0.5465618968009949, 0.5528486967086792, 0.5335952639579773, 0.5261296629905701, 0.5387033224105835, 0.5383104085922241, 0.529666006565094, 0.516306459903717, 0.5166994333267212, 0.5072691440582275, 0.5068762302398682, 0.5225933194160461, 0.5186640620231628]
test/correction_patch_cosine: [-0.02487819269299507, -0.0018108347430825233, 0.008994893170893192, 0.03668219596147537, 0.05262506753206253, 0.07092653959989548, 0.08335553109645844, 0.08468884229660034, 0.08266541361808777, 0.08955160528421402, 0.08374861627817154, 0.06626084446907043, 0.07180248945951462, 0.07223328948020935, 0.06088859960436821, 0.06230071187019348, 0.05490938946604729, 0.05885348469018936, 0.059759702533483505, 0.0675739273428917, 0.06997954100370407]
test/correction_patch_magnitude_ratio: [0.08925143629312515, 0.08738288283348083, 0.08694790303707123, 0.086428202688694, 0.08563116937875748, 0.08517487347126007, 0.08498629927635193, 0.0845026969909668, 0.08369052410125732, 0.08228791505098343, 0.0821685940027237, 0.08178262412548065, 0.08091103285551071, 0.08135797828435898, 0.08144989609718323, 0.08119869977235794, 0.0806354358792305, 0.08053828775882721, 0.08035176247358322, 0.08006908744573593, 0.0797041729092598]
test/correction_patch_optimal_scalar: [-0.8890506029129028, -0.7253379821777344, -0.5783982276916504, -0.1779726892709732, 0.05225402116775513, 0.30165886878967285, 0.487660676240921, 0.44698959589004517, 0.34302806854248047, 0.49633899331092834, 0.46258431673049927, 0.27475112676620483, 0.25406619906425476, 0.22504796087741852, 0.12214499711990356, 0.17607258260250092, 0.11508214473724365, 0.2007705569267273, 0.24291548132896423, 0.37972521781921387, 0.4223676025867462]
