[train]
train/correction_beneficial_ratio: 0.479566752910614
train/correction_beneficial_ratio_far: 0.48243558406829834
train/correction_beneficial_ratio_middle: 0.4899882972240448
train/correction_beneficial_ratio_near: 0.4662763476371765
train/correction_cosine_far: -0.07743145525455475
train/correction_cosine_mean: -0.05095847696065903
train/correction_cosine_middle: -0.032307036221027374
train/correction_cosine_near: -0.043137241154909134
train/correction_magnitude_ratio_far: 0.011095203459262848
train/correction_magnitude_ratio_mean: 0.017612013965845108
train/correction_magnitude_ratio_middle: 0.015281232073903084
train/correction_magnitude_ratio_near: 0.026459595188498497
train/correction_optimal_scalar_far: -9.069271087646484
train/correction_optimal_scalar_mean: -3.788173198699951
train/correction_optimal_scalar_middle: -0.4938213527202606
train/correction_optimal_scalar_near: -1.8014124631881714
train/correction_patch_beneficial_ratio: [0.41536885499954224, 0.4762295186519623, 0.4905737638473511, 0.48463115096092224, 0.4647541046142578, 0.4608606696128845, 0.4715164005756378, 0.5079917907714844, 0.5024589896202087, 0.4961065649986267, 0.4856557250022888, 0.4784836173057556, 0.4782786965370178, 0.48094263672828674, 0.48750001192092896, 0.4901639223098755, 0.4866803288459778, 0.48155736923217773, 0.48422130942344666, 0.4764344394207001, 0.47049179673194885]
train/correction_patch_cosine: [-0.09223932027816772, -0.040723614394664764, -0.016007138416171074, -0.029748640954494476, -0.039985064417123795, -0.04235316812992096, -0.04090378060936928, -0.018015844747424126, -0.012621117755770683, -0.02058759331703186, -0.025503255426883698, -0.036022476851940155, -0.052932314574718475, -0.06046582758426666, -0.0643826425075531, -0.06832074373960495, -0.07475738227367401, -0.07979398965835571, -0.08112426847219467, -0.08387576043605804, -0.0897640809416771]
train/correction_patch_magnitude_ratio: [0.0450206883251667, 0.03079652227461338, 0.026237184181809425, 0.023560641333460808, 0.021442163735628128, 0.019743291661143303, 0.018416782841086388, 0.017659524455666542, 0.016892310231924057, 0.015931544825434685, 0.015240833163261414, 0.014533243142068386, 0.013712731190025806, 0.012998432852327824, 0.012409806251525879, 0.011915214359760284, 0.011371772736310959, 0.010903443209826946, 0.010611693374812603, 0.010365752503275871, 0.010088697075843811]
train/correction_patch_optimal_scalar: [-2.1009650230407715, -1.5530797243118286, -0.867083728313446, -2.0716359615325928, -2.145374059677124, -1.95194673538208, -1.9198062419891357, -0.17486701905727386, 0.8986444473266602, 0.8138203620910645, 0.609995424747467, -0.12039614468812943, -1.8505744934082031, -3.633388042449951, -5.378867149353027, -6.5129570960998535, -7.81953763961792, -9.079771041870117, -10.067253112792969, -11.296435356140137, -13.330156326293945]
[test]
test/correction_beneficial_ratio: 0.695512056350708
test/correction_beneficial_ratio_far: 0.7003867626190186
test/correction_beneficial_ratio_middle: 0.722745954990387
test/correction_beneficial_ratio_near: 0.6634034514427185
test/correction_cosine_far: 0.3817383050918579
test/correction_cosine_mean: 0.30804499983787537
test/correction_cosine_middle: 0.32787415385246277
test/correction_cosine_near: 0.2145223617553711
test/correction_magnitude_ratio_far: 0.00953948125243187
test/correction_magnitude_ratio_mean: 0.014818339608609676
test/correction_magnitude_ratio_middle: 0.012799598276615143
test/correction_magnitude_ratio_near: 0.02211594022810459
test/correction_optimal_scalar_far: 63.51621627807617
test/correction_optimal_scalar_mean: 43.77677536010742
test/correction_optimal_scalar_middle: 47.2647705078125
test/correction_optimal_scalar_near: 20.549257278442383
test/correction_patch_beneficial_ratio: [0.5913705825805664, 0.6184433102607727, 0.6861252188682556, 0.6624365448951721, 0.6700507402420044, 0.700507640838623, 0.7148900032043457, 0.7267343401908875, 0.749576985836029, 0.7554991245269775, 0.7360405921936035, 0.6979695558547974, 0.6937394142150879, 0.6996616125106812, 0.6962774991989136, 0.6962774991989136, 0.6751269102096558, 0.6776649951934814, 0.6920473575592041, 0.7292724251747131, 0.7360405921936035]
test/correction_patch_cosine: [0.12294143438339233, 0.1884959191083908, 0.23693718016147614, 0.21903960406780243, 0.22145837545394897, 0.24430297315120697, 0.2684810161590576, 0.2988807260990143, 0.3231162428855896, 0.3315693140029907, 0.3324492573738098, 0.33220577239990234, 0.33263781666755676, 0.3442598283290863, 0.3600457012653351, 0.37198567390441895, 0.37713709473609924, 0.38070088624954224, 0.3842758536338806, 0.3957134187221527, 0.40231090784072876]
test/correction_patch_magnitude_ratio: [0.038442276418209076, 0.026348868384957314, 0.021796511486172676, 0.01879742182791233, 0.01748380810022354, 0.016362646594643593, 0.015580016188323498, 0.014782615005970001, 0.013993781059980392, 0.013239087536931038, 0.012616992928087711, 0.012089532800018787, 0.011623913422226906, 0.011251297779381275, 0.010842645540833473, 0.010375996120274067, 0.009890062734484673, 0.00946370605379343, 0.009076707065105438, 0.008762660436332226, 0.008364601992070675]
test/correction_patch_optimal_scalar: [4.343790531158447, 10.933537483215332, 17.723758697509766, 21.671586990356445, 25.9986515045166, 29.694658279418945, 33.47883224487305, 37.335514068603516, 41.34263229370117, 44.387516021728516, 47.63037109375, 51.250572204589844, 53.6189079284668, 55.28791427612305, 57.43540954589844, 59.80045700073242, 62.02215576171875, 63.24556350708008, 64.57947540283203, 67.1302261352539, 70.40078735351562]
