[train]
train/correction_beneficial_ratio: 0.3931637704372406
train/correction_beneficial_ratio_far: 0.4089909493923187
train/correction_beneficial_ratio_middle: 0.3655771315097809
train/correction_beneficial_ratio_near: 0.4049232006072998
train/correction_cosine_far: -0.07157624512910843
train/correction_cosine_mean: -0.08456264436244965
train/correction_cosine_middle: -0.12118200212717056
train/correction_cosine_near: -0.06092967465519905
train/correction_magnitude_ratio_far: 0.0853826254606247
train/correction_magnitude_ratio_mean: 0.0939469113945961
train/correction_magnitude_ratio_middle: 0.09057916700839996
train/correction_magnitude_ratio_near: 0.10587894916534424
train/correction_optimal_scalar_far: -0.3734769821166992
train/correction_optimal_scalar_mean: -0.7747012972831726
train/correction_optimal_scalar_middle: -1.2868379354476929
train/correction_optimal_scalar_near: -0.6637886762619019
train/correction_patch_beneficial_ratio: [0.46981775760650635, 0.47106239199638367, 0.4544673264026642, 0.4183138310909271, 0.39431026577949524, 0.39478442072868347, 0.4120314121246338, 0.4107571542263031, 0.3940139412879944, 0.37140315771102905, 0.3665728271007538, 0.3695954978466034, 0.3844717741012573, 0.38622018694877625, 0.37602606415748596, 0.3552822768688202, 0.34470292925834656, 0.3463327884674072, 0.35827529430389404, 0.36752110719680786, 0.3634612560272217, 0.3583938479423523, 0.35270410776138306, 0.3564676344394684, 0.37131425738334656, 0.3830789625644684, 0.37798193097114563, 0.3759075403213501, 0.38343459367752075, 0.388798326253891, 0.39801451563835144, 0.4045340120792389, 0.40607497096061707, 0.39638465642929077, 0.4020743668079376, 0.41132020950317383, 0.4206252694129944, 0.426344633102417, 0.4138983488082886, 0.40423765778541565, 0.4036746323108673, 0.407823383808136, 0.4133649468421936, 0.41727662086486816, 0.40921616554260254]
train/correction_patch_cosine: [0.032791633158922195, 0.019467707723379135, -0.006516593042761087, -0.04800937697291374, -0.06904668360948563, -0.06681624054908752, -0.05030547082424164, -0.05513686686754227, -0.07733915001153946, -0.1008569672703743, -0.10571253299713135, -0.10580196976661682, -0.08711488544940948, -0.08852503448724747, -0.1050223782658577, -0.13157610595226288, -0.144363135099411, -0.1439681202173233, -0.12871526181697845, -0.11751945316791534, -0.12353219091892242, -0.13062073290348053, -0.1422089785337448, -0.13248921930789948, -0.11152253299951553, -0.09829888492822647, -0.10330861061811447, -0.10681018233299255, -0.10553645342588425, -0.09726055711507797, -0.08092200756072998, -0.07099853456020355, -0.07000499963760376, -0.07825645059347153, -0.08066762238740921, -0.06838848441839218, -0.0525689497590065, -0.048419926315546036, -0.06442026048898697, -0.0795103907585144, -0.0823650136590004, -0.07896925508975983, -0.07118421792984009, -0.0679592713713646, -0.07900799065828323]
train/correction_patch_magnitude_ratio: [0.15150029957294464, 0.12172872573137283, 0.1114821583032608, 0.10595355182886124, 0.10201792418956757, 0.10443434119224548, 0.10543037205934525, 0.10267065465450287, 0.10089948773384094, 0.0979810282588005, 0.09512859582901001, 0.09764678031206131, 0.0992337092757225, 0.09714832901954651, 0.09492795169353485, 0.09216875582933426, 0.08942767977714539, 0.09295400232076645, 0.09623192995786667, 0.09524469077587128, 0.09312313050031662, 0.08916519582271576, 0.08702613413333893, 0.08966495841741562, 0.09214223176240921, 0.09210661053657532, 0.09051552414894104, 0.08756832033395767, 0.08455000817775726, 0.08679814636707306, 0.0896584764122963, 0.08958917111158371, 0.08788470923900604, 0.08443388342857361, 0.08268658071756363, 0.08438814431428909, 0.08626551181077957, 0.08577810972929001, 0.08498329669237137, 0.08292090892791748, 0.08155567198991776, 0.08344707638025284, 0.08584070950746536, 0.08606629073619843, 0.08524094521999359]
train/correction_patch_optimal_scalar: [0.06616850942373276, -0.022468198090791702, -0.3038484752178192, -0.39677664637565613, -0.5612398982048035, -0.5716332197189331, -0.6860889196395874, -0.7499093413352966, -0.7169303894042969, -0.8142282366752625, -0.9946417808532715, -1.0617737770080566, -0.9817831516265869, -1.000209093093872, -1.1614677906036377, -1.3722444772720337, -1.5387709140777588, -1.6975682973861694, -1.715484619140625, -1.5184358358383179, -1.5040531158447266, -1.4723366498947144, -1.7916475534439087, -1.5955127477645874, -1.1720824241638184, -0.8231615424156189, -0.9799153208732605, -0.8250936269760132, -0.7611591219902039, -0.5351125597953796, -0.7161573767662048, -0.47205638885498047, -0.48992300033569336, -0.6532362699508667, -0.4718194305896759, -0.002474455162882805, 0.355369508266449, 0.26096904277801514, -0.1516515463590622, -0.5946592092514038, -0.6914072036743164, -0.24389249086380005, -0.3370770215988159, -0.5583124160766602, -0.8358212113380432]
[test]
test/correction_beneficial_ratio: 0.3097614347934723
test/correction_beneficial_ratio_far: 0.31614357233047485
test/correction_beneficial_ratio_middle: 0.2715427577495575
test/correction_beneficial_ratio_near: 0.3415980041027069
test/correction_cosine_far: -0.17010942101478577
test/correction_cosine_mean: -0.17628023028373718
test/correction_cosine_middle: -0.22825948894023895
test/correction_cosine_near: -0.13047192990779877
test/correction_magnitude_ratio_far: 0.07218563556671143
test/correction_magnitude_ratio_mean: 0.08129705488681793
test/correction_magnitude_ratio_middle: 0.07940015196800232
test/correction_magnitude_ratio_near: 0.09230539202690125
test/correction_optimal_scalar_far: -2.2595489025115967
test/correction_optimal_scalar_mean: -2.018998146057129
test/correction_optimal_scalar_middle: -2.598357915878296
test/correction_optimal_scalar_near: -1.1990883350372314
test/correction_patch_beneficial_ratio: [0.39718544483184814, 0.40033331513404846, 0.3890380561351776, 0.3621886968612671, 0.3441348075866699, 0.353948712348938, 0.3629293441772461, 0.3485788404941559, 0.33358022570610046, 0.32098880410194397, 0.30237939953804016, 0.3083047866821289, 0.3055272698402405, 0.2997870445251465, 0.2950652837753296, 0.2846958637237549, 0.27219700813293457, 0.28951022028923035, 0.29849088191986084, 0.28488102555274963, 0.2746042013168335, 0.2601611018180847, 0.24636608362197876, 0.24747708439826965, 0.25173595547676086, 0.25932782888412476, 0.26358669996261597, 0.2677529752254486, 0.2796963155269623, 0.29265809059143066, 0.304323673248291, 0.3035829961299896, 0.3040459156036377, 0.2983057200908661, 0.292102575302124, 0.30784186720848083, 0.32358115911483765, 0.32784000039100647, 0.3305249512195587, 0.32385891675949097, 0.3130265772342682, 0.31960004568099976, 0.3261735141277313, 0.33441346883773804, 0.33293214440345764]
test/correction_patch_cosine: [-0.03461943194270134, -0.058971431106328964, -0.07575491815805435, -0.09802021086215973, -0.10770691931247711, -0.10247569531202316, -0.10270405560731888, -0.1293087899684906, -0.1493874341249466, -0.16332374513149261, -0.17797105014324188, -0.17782366275787354, -0.17839568853378296, -0.19061550498008728, -0.21000072360038757, -0.2240493893623352, -0.22922421991825104, -0.205617755651474, -0.19613614678382874, -0.2105284035205841, -0.2305513471364975, -0.24561920762062073, -0.25806257128715515, -0.25567713379859924, -0.2465514987707138, -0.24031925201416016, -0.23353898525238037, -0.226032555103302, -0.21841394901275635, -0.2035677582025528, -0.18835778534412384, -0.18240590393543243, -0.18516533076763153, -0.191435769200325, -0.1926121711730957, -0.17406107485294342, -0.15511256456375122, -0.155793696641922, -0.1588468998670578, -0.16438515484333038, -0.17463061213493347, -0.16749608516693115, -0.15475308895111084, -0.1518884003162384, -0.15469656884670258]
test/correction_patch_magnitude_ratio: [0.13448137044906616, 0.10556770861148834, 0.09691712260246277, 0.09534421563148499, 0.09337200969457626, 0.09473824501037598, 0.09270661324262619, 0.08702239394187927, 0.08460976183414459, 0.08365034312009811, 0.08319330960512161, 0.08668378740549088, 0.08601698279380798, 0.08145935833454132, 0.0788169875741005, 0.07803037762641907, 0.07824777066707611, 0.08281880617141724, 0.0839933380484581, 0.08084749430418015, 0.07878470420837402, 0.07674064487218857, 0.07684487849473953, 0.07988976687192917, 0.0820949450135231, 0.08110927045345306, 0.08020956814289093, 0.0778864398598671, 0.07572981715202332, 0.07777491956949234, 0.07847635447978973, 0.07731342315673828, 0.07542926073074341, 0.07286561280488968, 0.07190170139074326, 0.0732097402215004, 0.07372242212295532, 0.07242841273546219, 0.071434386074543, 0.06884457916021347, 0.06722798943519592, 0.06942690908908844, 0.07079531252384186, 0.0701344683766365, 0.06957352161407471]
test/correction_patch_optimal_scalar: [-0.5444946885108948, -0.6008637547492981, -0.6677470207214355, -0.5801801681518555, -0.6747355461120605, -0.5401036143302917, -1.2781763076782227, -1.3686208724975586, -1.1352671384811401, -0.9462026953697205, -1.1912015676498413, -1.3592385053634644, -2.0226638317108154, -2.54593825340271, -2.5308945178985596, -2.691251516342163, -2.4680895805358887, -2.175093650817871, -2.545866012573242, -2.823920488357544, -2.696187734603882, -2.4647939205169678, -2.654147148132324, -2.9814646244049072, -3.293858528137207, -3.2965543270111084, -2.869074583053589, -2.1728973388671875, -1.983504295349121, -1.8586535453796387, -2.0372390747070312, -2.488839626312256, -2.792243480682373, -2.6993801593780518, -2.504267930984497, -2.055415153503418, -1.9464404582977295, -2.0718894004821777, -1.7116237878799438, -1.6008641719818115, -2.180234432220459, -2.127770185470581, -2.5450265407562256, -2.705092668533325, -2.426906108856201]
