[train]
train/correction_beneficial_ratio: 0.5355031490325928
train/correction_beneficial_ratio_far: 0.53171706199646
train/correction_beneficial_ratio_middle: 0.5704922676086426
train/correction_beneficial_ratio_near: 0.5043001174926758
train/correction_cosine_far: 0.040581151843070984
train/correction_cosine_mean: 0.042140766978263855
train/correction_cosine_middle: 0.07296241074800491
train/correction_cosine_near: 0.012878679670393467
train/correction_magnitude_ratio_far: 0.008638708852231503
train/correction_magnitude_ratio_mean: 0.01304355077445507
train/correction_magnitude_ratio_middle: 0.010261794552206993
train/correction_magnitude_ratio_near: 0.020230140537023544
train/correction_optimal_scalar_far: 10.594178199768066
train/correction_optimal_scalar_mean: 8.943629264831543
train/correction_optimal_scalar_middle: 12.947847366333008
train/correction_optimal_scalar_near: 3.2888641357421875
train/correction_patch_beneficial_ratio: [0.44261565804481506, 0.4430604875087738, 0.4564056992530823, 0.47531139850616455, 0.4799821972846985, 0.4866548180580139, 0.4953291714191437, 0.5142349004745483, 0.5173487663269043, 0.5173487663269043, 0.5235764980316162, 0.541592538356781, 0.5475978851318359, 0.5598309636116028, 0.5636121034622192, 0.5705071091651917, 0.5785142183303833, 0.5809608697891235, 0.5765124559402466, 0.5751779079437256, 0.5731761455535889, 0.5658363103866577, 0.5671707987785339, 0.5716192126274109, 0.5780693888664246, 0.5742882490158081, 0.561165452003479, 0.563834547996521, 0.561165452003479, 0.559386134147644, 0.5540480613708496, 0.5469306111335754, 0.5342526435852051, 0.5333629846572876, 0.5318060517311096, 0.5300266742706299, 0.5242437720298767, 0.5286921858787537, 0.5280249118804932, 0.5280249118804932, 0.5304715037345886, 0.5251334309577942, 0.5233541131019592, 0.5286921858787537, 0.5286921858787537]
train/correction_patch_cosine: [-0.024159060791134834, -0.04864225536584854, -0.032327547669410706, -0.01952849142253399, -0.01897139474749565, -0.019676484167575836, -0.00023200588475447148, 0.016778193414211273, 0.02123265527188778, 0.03130250424146652, 0.04384783282876015, 0.05561362951993942, 0.05701286345720291, 0.06449401378631592, 0.06643592566251755, 0.06970256567001343, 0.07244735956192017, 0.07280043512582779, 0.07071556150913239, 0.07066723704338074, 0.06895053386688232, 0.06876008212566376, 0.07080376893281937, 0.07596573233604431, 0.07991932332515717, 0.07854922860860825, 0.07671566307544708, 0.07502575218677521, 0.07298635691404343, 0.0704268217086792, 0.06722557544708252, 0.058158304542303085, 0.048336099833250046, 0.046829331666231155, 0.04276426509022713, 0.040866509079933167, 0.03762340918183327, 0.03684532269835472, 0.03355148807168007, 0.03063555620610714, 0.030427804216742516, 0.030155230313539505, 0.030960170552134514, 0.03575960919260979, 0.03857894241809845]
train/correction_patch_magnitude_ratio: [0.053830336779356, 0.03330483287572861, 0.02655973471701145, 0.02294401451945305, 0.020293574780225754, 0.018358519300818443, 0.01697431690990925, 0.015787050127983093, 0.015077504329383373, 0.014450826682150364, 0.0140425655990839, 0.013715271838009357, 0.013266254216432571, 0.012670647352933884, 0.01217678003013134, 0.011802254244685173, 0.011433472856879234, 0.010981505736708641, 0.010636039078235626, 0.010486998595297337, 0.01043849065899849, 0.010339366272091866, 0.010330748744308949, 0.010210558772087097, 0.010039441287517548, 0.009765254333615303, 0.009626147337257862, 0.00944842491298914, 0.009267802350223064, 0.009120402857661247, 0.009006362408399582, 0.008952240459620953, 0.008985488675534725, 0.008942735381424427, 0.008895297534763813, 0.008780812844634056, 0.008711635135114193, 0.00860446784645319, 0.008551813662052155, 0.008487136103212833, 0.00837620161473751, 0.008345084264874458, 0.008333800360560417, 0.008303821086883545, 0.008303765207529068]
train/correction_patch_optimal_scalar: [-0.7123525738716125, -1.3302500247955322, -0.6477029323577881, 0.3365533947944641, 0.47469109296798706, -0.03212056681513786, 1.038691759109497, 2.259617567062378, 2.3362877368927, 3.92738938331604, 6.085803508758545, 8.041988372802734, 8.222798347473145, 9.377418518066406, 9.954136848449707, 10.393586158752441, 10.613296508789062, 11.001450538635254, 11.650941848754883, 12.065040588378906, 12.071778297424316, 13.164122581481934, 14.062148094177246, 14.236034393310547, 14.556528091430664, 14.957534790039062, 14.485992431640625, 14.106379508972168, 13.63986873626709, 13.213014602661133, 13.11975383758545, 11.908949851989746, 10.522202491760254, 10.61646556854248, 10.155072212219238, 10.081282615661621, 9.732824325561523, 9.928509712219238, 9.87387752532959, 9.561567306518555, 9.947402000427246, 10.242792129516602, 10.573053359985352, 11.171123504638672, 11.477751731872559]
[test]
test/correction_beneficial_ratio: 0.4011417329311371
test/correction_beneficial_ratio_far: 0.36917293071746826
test/correction_beneficial_ratio_middle: 0.4005012512207031
test/correction_beneficial_ratio_near: 0.43375104665756226
test/correction_cosine_far: -0.17034293711185455
test/correction_cosine_mean: -0.12015064060688019
test/correction_cosine_middle: -0.1200927346944809
test/correction_cosine_near: -0.07001620531082153
test/correction_magnitude_ratio_far: 0.005946421064436436
test/correction_magnitude_ratio_mean: 0.01128669735044241
test/correction_magnitude_ratio_middle: 0.00851359311491251
test/correction_magnitude_ratio_near: 0.019400062039494514
test/correction_optimal_scalar_far: -51.70488357543945
test/correction_optimal_scalar_mean: -33.99671936035156
test/correction_optimal_scalar_middle: -37.2816047668457
test/correction_optimal_scalar_near: -13.003710746765137
test/correction_patch_beneficial_ratio: [0.48120301961898804, 0.5213032364845276, 0.5689222812652588, 0.5651628971099854, 0.5338345766067505, 0.4774436056613922, 0.451127827167511, 0.3897243142127991, 0.3546365797519684, 0.3671679198741913, 0.37343358993530273, 0.37468671798706055, 0.3546365797519684, 0.3471177816390991, 0.3458646535873413, 0.36215537786483765, 0.380952388048172, 0.4035087823867798, 0.39849624037742615, 0.40977442264556885, 0.4147869646549225, 0.42230576276779175, 0.41228070855140686, 0.4060150384902954, 0.41228070855140686, 0.4060150384902954, 0.42355889081954956, 0.4010024964809418, 0.3796992599964142, 0.37468671798706055, 0.3909774422645569, 0.3922305703163147, 0.378446102142334, 0.3709273040294647, 0.378446102142334, 0.37343358993530273, 0.36340853571891785, 0.3684210479259491, 0.36215537786483765, 0.36215537786483765, 0.37468671798706055, 0.3583959937095642, 0.3458646535873413, 0.3571428656578064, 0.36090224981307983]
test/correction_patch_cosine: [0.028029443696141243, 0.049931202083826065, 0.07930731028318405, 0.06196032091975212, 0.02641933597624302, -0.030455639585852623, -0.06924803555011749, -0.09934210777282715, -0.1281522959470749, -0.14607812464237213, -0.15578682720661163, -0.16078977286815643, -0.16821689903736115, -0.17589178681373596, -0.16192950308322906, -0.1364818513393402, -0.11165264248847961, -0.09984402358531952, -0.08825883269309998, -0.08395618945360184, -0.09538333117961884, -0.10561113059520721, -0.11305386573076248, -0.12501834332942963, -0.1319746971130371, -0.13488124310970306, -0.13112908601760864, -0.14137761294841766, -0.15184283256530762, -0.15092451870441437, -0.15415333211421967, -0.15937775373458862, -0.16971400380134583, -0.16619041562080383, -0.15910154581069946, -0.15380917489528656, -0.1608845591545105, -0.17046783864498138, -0.17108526825904846, -0.16883131861686707, -0.16334308683872223, -0.18261976540088654, -0.1945081502199173, -0.19245192408561707, -0.18860706686973572]
test/correction_patch_magnitude_ratio: [0.051928482949733734, 0.03302672505378723, 0.02623087354004383, 0.02260599099099636, 0.019451310858130455, 0.01718384213745594, 0.01585790328681469, 0.014715198427438736, 0.014141496270895004, 0.013792864978313446, 0.013307985849678516, 0.012630978599190712, 0.012266818434000015, 0.012027321383357048, 0.011833196505904198, 0.011299788020551205, 0.010563782416284084, 0.010033931583166122, 0.009500373154878616, 0.009070251137018204, 0.008655635640025139, 0.008294748142361641, 0.00805901549756527, 0.007813452742993832, 0.0077058179304003716, 0.007593117188662291, 0.007454489823430777, 0.007287976797670126, 0.0072111268527805805, 0.007160512264817953, 0.007021717727184296, 0.006809934973716736, 0.00670737074688077, 0.006640650797635317, 0.006472395267337561, 0.006238160654902458, 0.006051369942724705, 0.005884342826902866, 0.005708864890038967, 0.00552872009575367, 0.005362401250749826, 0.005277113988995552, 0.0052076950669288635, 0.005171183031052351, 0.0051144626922905445]
test/correction_patch_optimal_scalar: [0.3565262258052826, 1.3360562324523926, 4.959647178649902, 4.771693229675293, 0.9406083822250366, -2.918055534362793, -6.109414100646973, -10.306485176086426, -15.825044631958008, -21.314722061157227, -24.873205184936523, -27.414321899414062, -30.331037521362305, -33.82761764526367, -34.50010299682617, -33.71663284301758, -33.00374984741211, -33.11176681518555, -32.519500732421875, -32.26245880126953, -33.487403869628906, -34.17232131958008, -34.943389892578125, -37.561767578125, -39.166385650634766, -39.637813568115234, -39.546180725097656, -42.210758209228516, -46.11591339111328, -47.76798629760742, -51.25288391113281, -53.686912536621094, -54.980403900146484, -54.88511657714844, -53.66079330444336, -52.004188537597656, -50.82073211669922, -51.15467071533203, -50.25965118408203, -49.127174377441406, -46.840797424316406, -50.46785354614258, -53.61945724487305, -52.688228607177734, -50.12418746948242]
