[train]
train/correction_beneficial_ratio: 0.618895947933197
train/correction_beneficial_ratio_far: 0.6465466022491455
train/correction_beneficial_ratio_middle: 0.616988480091095
train/correction_beneficial_ratio_near: 0.5931528806686401
train/correction_cosine_far: 0.1667478233575821
train/correction_cosine_mean: 0.14893609285354614
train/correction_cosine_middle: 0.1458606868982315
train/correction_cosine_near: 0.13420021533966064
train/correction_magnitude_ratio_far: 0.04326449707150459
train/correction_magnitude_ratio_mean: 0.058388445526361465
train/correction_magnitude_ratio_middle: 0.05101880058646202
train/correction_magnitude_ratio_near: 0.0808819979429245
train/correction_optimal_scalar_far: 6.602630615234375
train/correction_optimal_scalar_mean: 4.523522853851318
train/correction_optimal_scalar_middle: 4.390381813049316
train/correction_optimal_scalar_near: 2.5775415897369385
train/correction_patch_beneficial_ratio: [0.6162420511245728, 0.5786226391792297, 0.5820063948631287, 0.5957404375076294, 0.6128582954406738, 0.6114649772644043, 0.6134554147720337, 0.6301751732826233, 0.6453025341033936, 0.6514729261398315, 0.6478901505470276, 0.6415206789970398]
train/correction_patch_cosine: [0.17111976444721222, 0.122055284678936, 0.11676382273435593, 0.12686075270175934, 0.13795854151248932, 0.1398247927427292, 0.149627223610878, 0.15603171288967133, 0.16302436590194702, 0.1670299470424652, 0.16915510594844818, 0.16778191924095154]
train/correction_patch_magnitude_ratio: [0.11540227383375168, 0.08109742403030396, 0.06705292314291, 0.05997541919350624, 0.05541371554136276, 0.05160060152411461, 0.04952071234583855, 0.047540344297885895, 0.046053510159254074, 0.044187866151332855, 0.042305685579776764, 0.04051090404391289]
train/correction_patch_optimal_scalar: [2.7921674251556396, 2.461709499359131, 2.2571141719818115, 2.7991886138916016, 3.539677619934082, 3.9814698696136475, 4.763519763946533, 5.2768683433532715, 5.986828804016113, 6.488631248474121, 6.874049186706543, 7.061048984527588]
[test]
test/correction_beneficial_ratio: 0.5000628232955933
test/correction_beneficial_ratio_far: 0.5043363571166992
test/correction_beneficial_ratio_middle: 0.5
test/correction_beneficial_ratio_near: 0.49585217237472534
test/correction_cosine_far: 0.011524464003741741
test/correction_cosine_mean: 0.015283391810953617
test/correction_cosine_middle: 0.010323531925678253
test/correction_cosine_near: 0.024002166464924812
test/correction_magnitude_ratio_far: 0.03747997432947159
test/correction_magnitude_ratio_mean: 0.056163303554058075
test/correction_magnitude_ratio_middle: 0.047330714762210846
test/correction_magnitude_ratio_near: 0.08367919921875
test/correction_optimal_scalar_far: -1.1351912021636963
test/correction_optimal_scalar_mean: -0.6958141922950745
test/correction_optimal_scalar_middle: -0.8343969583511353
test/correction_optimal_scalar_near: -0.11785230785608292
test/correction_patch_beneficial_ratio: [0.5633484125137329, 0.4849170446395874, 0.4720965325832367, 0.46304675936698914, 0.4766214191913605, 0.49170437455177307, 0.5248869061470032, 0.5067873597145081, 0.5105580687522888, 0.4969834089279175, 0.5022624731063843, 0.5075414776802063]
test/correction_patch_cosine: [0.0992705300450325, 0.01055179350078106, -0.009606536477804184, -0.004207116086035967, -0.0018368404125794768, 0.00671237101778388, 0.020018909126520157, 0.016399556770920753, 0.011227059178054333, 0.011481528170406818, 0.01079939678311348, 0.012590033002197742]
test/correction_patch_magnitude_ratio: [0.1232759952545166, 0.08353304117918015, 0.06790613383054733, 0.060001734644174576, 0.0547611340880394, 0.04895922914147377, 0.04421263188123703, 0.041389890015125275, 0.039740387350320816, 0.03816113620996475, 0.03662760555744171, 0.03539073467254639]
test/correction_patch_optimal_scalar: [1.142568826675415, 0.126642644405365, -0.8098484873771667, -0.930769681930542, -1.2482014894485474, -0.9333529472351074, -0.5605303049087524, -0.5955033302307129, -0.9690033197402954, -1.0011390447616577, -1.2000125646591187, -1.3706200122833252]
