[train]
train/correction_beneficial_ratio: 0.5117586255073547
train/correction_beneficial_ratio_far: 0.5439659357070923
train/correction_beneficial_ratio_middle: 0.5124344825744629
train/correction_beneficial_ratio_near: 0.47887539863586426
train/correction_cosine_far: 0.04890858381986618
train/correction_cosine_mean: 0.02618531510233879
train/correction_cosine_middle: 0.02853703498840332
train/correction_cosine_near: 0.00111027667298913
train/correction_magnitude_ratio_far: 0.01544560119509697
train/correction_magnitude_ratio_mean: 0.016766415908932686
train/correction_magnitude_ratio_middle: 0.01596667990088463
train/correction_magnitude_ratio_near: 0.01888696290552616
train/correction_optimal_scalar_far: 3.9254510402679443
train/correction_optimal_scalar_mean: 2.6103603839874268
train/correction_optimal_scalar_middle: 2.969944953918457
train/correction_optimal_scalar_near: 0.9356821775436401
train/correction_patch_beneficial_ratio: [0.45916932821273804, 0.4805111885070801, 0.4784664511680603, 0.48396167159080505, 0.4880511164665222, 0.48741215467453003, 0.49623003602027893, 0.4925239682197571, 0.47054311633110046, 0.47233226895332336, 0.4670926630496979, 0.4728434383869171, 0.4792332351207733, 0.47936102747917175, 0.475399374961853, 0.47757187485694885, 0.4904792308807373, 0.4787220358848572, 0.49482429027557373, 0.5136102437973022, 0.5240894556045532, 0.521022379398346, 0.5267731547355652, 0.5304792523384094, 0.5215335488319397, 0.5229393243789673, 0.5220447182655334, 0.5173162817955017, 0.5235782861709595, 0.5215335488319397, 0.5197443962097168, 0.5160383582115173, 0.519233226776123, 0.5299680233001709, 0.528817892074585, 0.5364856123924255, 0.5403195023536682, 0.5421086549758911, 0.5616613626480103, 0.5608945488929749, 0.5625559091567993, 0.5628114938735962, 0.5519489049911499, 0.5630670785903931, 0.5638338923454285]
train/correction_patch_cosine: [-0.006996871437877417, 3.447608833084814e-05, -0.002769242972135544, -0.0008020584937185049, 0.004282883834093809, 0.003759217681363225, 0.006684964057058096, 0.0075188009068369865, -0.001413355814293027, -0.003748225513845682, -0.004890068434178829, -0.0005060360417701304, 0.0056114764884114265, 0.007032104302197695, 0.0028564210515469313, 0.004035763442516327, 0.011717653833329678, 0.009747588075697422, 0.016667678952217102, 0.025824639946222305, 0.03501497954130173, 0.037266556173563004, 0.039716560393571854, 0.039080772548913956, 0.034029509872198105, 0.03671571984887123, 0.03468617424368858, 0.03113420307636261, 0.03663213178515434, 0.03578614443540573, 0.03650137037038803, 0.034333642572164536, 0.03353402018547058, 0.037939976900815964, 0.040031690150499344, 0.042483579367399216, 0.045368727296590805, 0.05086744204163551, 0.05662599205970764, 0.05923072248697281, 0.06316295266151428, 0.06208809092640877, 0.05828642100095749, 0.056737080216407776, 0.056436847895383835]
train/correction_patch_magnitude_ratio: [0.02663203701376915, 0.021873654797673225, 0.020801322534680367, 0.01897015981376171, 0.01878492906689644, 0.018734902143478394, 0.018247270956635475, 0.01813860796391964, 0.017903942614793777, 0.017653677612543106, 0.0172929335385561, 0.01728542521595955, 0.01700270175933838, 0.01706494763493538, 0.016917990520596504, 0.01663653925061226, 0.016505589708685875, 0.016356687992811203, 0.016145020723342896, 0.01613963209092617, 0.016174310818314552, 0.01594880409538746, 0.01580812782049179, 0.0159470085054636, 0.015821171924471855, 0.015779996290802956, 0.015779947862029076, 0.015449986793100834, 0.015477926470339298, 0.015529436059296131, 0.015584995970129967, 0.01576176844537258, 0.0158721674233675, 0.015586397610604763, 0.015493764542043209, 0.015404820442199707, 0.015350380912423134, 0.015251227654516697, 0.015482483431696892, 0.015394780784845352, 0.015406656078994274, 0.015437603928148746, 0.015213225968182087, 0.01524521503597498, 0.015198586508631706]
train/correction_patch_optimal_scalar: [0.13287708163261414, 0.4425889849662781, 0.47480013966560364, 0.4767146408557892, 0.9697985053062439, 1.095749020576477, 1.2800931930541992, 1.5197529792785645, 0.9225334525108337, 0.7529800534248352, 0.6677558422088623, 1.0435270071029663, 1.3379780054092407, 1.6228232383728027, 1.295273780822754, 1.160214900970459, 1.7813245058059692, 1.6993411779403687, 2.2515480518341064, 2.944892644882202, 3.5879111289978027, 3.7123281955718994, 3.85394549369812, 3.870417833328247, 3.555738925933838, 3.610987424850464, 3.4153759479522705, 2.994271755218506, 3.176567554473877, 2.9343302249908447, 2.8143792152404785, 2.491469383239746, 2.575453519821167, 2.8157198429107666, 2.935375213623047, 3.346095323562622, 3.6467361450195312, 4.180703639984131, 4.79602575302124, 4.783066272735596, 5.172515392303467, 5.228778839111328, 4.839991569519043, 4.680206775665283, 4.5752692222595215]
[test]
test/correction_beneficial_ratio: 0.5121394395828247
test/correction_beneficial_ratio_far: 0.488508403301239
test/correction_beneficial_ratio_middle: 0.48119696974754333
test/correction_beneficial_ratio_near: 0.5667129158973694
test/correction_cosine_far: -0.018927661702036858
test/correction_cosine_mean: 0.00478745112195611
test/correction_cosine_middle: -0.011434366926550865
test/correction_cosine_near: 0.04472440108656883
test/correction_magnitude_ratio_far: 0.014066916890442371
test/correction_magnitude_ratio_mean: 0.015764454379677773
test/correction_magnitude_ratio_middle: 0.015469561330974102
test/correction_magnitude_ratio_near: 0.01775689236819744
test/correction_optimal_scalar_far: -0.9965378046035767
test/correction_optimal_scalar_mean: 0.9337134957313538
test/correction_optimal_scalar_middle: -0.13042767345905304
test/correction_optimal_scalar_near: 3.9281065464019775
test/correction_patch_beneficial_ratio: [0.5090236067771912, 0.49652937054634094, 0.519666850566864, 0.5159648060798645, 0.5437297821044922, 0.5793613791465759, 0.5950948596000671, 0.6066635847091675, 0.5812124013900757, 0.5937066078186035, 0.6085145473480225, 0.5964831113815308, 0.5937066078186035, 0.5821378827095032, 0.5788986682891846, 0.5636279582977295, 0.5395650267601013, 0.508560836315155, 0.48681166768074036, 0.4641369879245758, 0.49560388922691345, 0.46783897280693054, 0.4465525150299072, 0.4706154465675354, 0.47987043857574463, 0.484960675239563, 0.4715409576892853, 0.4497917592525482, 0.44470152258872986, 0.44377604126930237, 0.46783897280693054, 0.46136048436164856, 0.4826469123363495, 0.4840351641178131, 0.46552520990371704, 0.46228596568107605, 0.4905136525630951, 0.4919019043445587, 0.5178158283233643, 0.5080981254577637, 0.5034705996513367, 0.5113373398780823, 0.5043961405754089, 0.484960675239563, 0.4914391338825226]
test/correction_patch_cosine: [0.0062700374983251095, 0.007611171808093786, 0.007480389904230833, 0.015559586696326733, 0.03549938648939133, 0.05293348431587219, 0.06951963901519775, 0.07264672219753265, 0.055762115865945816, 0.06281149387359619, 0.06426354497671127, 0.058835629373788834, 0.05508113652467728, 0.05705934762954712, 0.049532450735569, 0.03441373631358147, 0.021922627463936806, -0.00039120769361034036, -0.007507814094424248, -0.016785472631454468, -0.004374019335955381, -0.015648845583200455, -0.02875056304037571, -0.01736064814031124, -0.012025400064885616, -0.008670958690345287, -0.017208391800522804, -0.037224553525447845, -0.03037659451365471, -0.031527332961559296, -0.02951732464134693, -0.032926205545663834, -0.019123751670122147, -0.02190728858113289, -0.027675814926624298, -0.03494938090443611, -0.013649895787239075, -0.013871017843484879, -0.002381295198574662, -0.012048621661961079, -0.01620672084391117, -0.006856693420559168, -0.012934367172420025, -0.019631098955869675, -0.020235944539308548]
test/correction_patch_magnitude_ratio: [0.02263200841844082, 0.019972166046500206, 0.01899656653404236, 0.018037432804703712, 0.01819748617708683, 0.017890218645334244, 0.01785084791481495, 0.017634207382798195, 0.01720319874584675, 0.017006153240799904, 0.01647145114839077, 0.01639784686267376, 0.016114169731736183, 0.01603110507130623, 0.01591872051358223, 0.015703469514846802, 0.01584855280816555, 0.015911385416984558, 0.01603083126246929, 0.015826968476176262, 0.015521196648478508, 0.015344742685556412, 0.015101187862455845, 0.015212149359285831, 0.01502006035298109, 0.015264955349266529, 0.015517115592956543, 0.01509694941341877, 0.015376887284219265, 0.015266623347997665, 0.015346265397965908, 0.015426450408995152, 0.015227863565087318, 0.014737023040652275, 0.014578215777873993, 0.014305656775832176, 0.014142823405563831, 0.013773384504020214, 0.013871041126549244, 0.013568340800702572, 0.013478076085448265, 0.013460800051689148, 0.013161864131689072, 0.012999124825000763, 0.012926903553307056]
test/correction_patch_optimal_scalar: [1.190599799156189, 1.1495918035507202, 1.0813595056533813, 1.3924189805984497, 2.9227023124694824, 4.189939498901367, 5.205106258392334, 5.494038105010986, 4.64672327041626, 4.856684684753418, 4.897460460662842, 5.415421485900879, 5.52622127532959, 5.735010623931885, 5.218291282653809, 3.5988385677337646, 2.6881515979766846, 1.1649812459945679, 0.5923449397087097, -0.147604301571846, 0.42987489700317383, -0.5291097164154053, -1.7004591226577759, -1.0938342809677124, -0.6827117800712585, -0.5166312456130981, -0.7467771172523499, -1.9238733053207397, -1.4744136333465576, -1.615185260772705, -1.5341602563858032, -2.1501963138580322, -1.109636664390564, -1.332298755645752, -1.9484857320785522, -2.430293560028076, -0.6565402150154114, -0.8555564284324646, 0.3813379406929016, -0.2740570604801178, -0.7473059892654419, -0.07966474443674088, -0.5407698154449463, -0.9343888759613037, -0.7360376715660095]
