[train]
train/correction_beneficial_ratio: 0.5314953923225403
train/correction_beneficial_ratio_far: 0.5459139347076416
train/correction_beneficial_ratio_middle: 0.5407398343086243
train/correction_beneficial_ratio_near: 0.5078322887420654
train/correction_cosine_far: 0.05537182092666626
train/correction_cosine_mean: 0.043830953538417816
train/correction_cosine_middle: 0.0501369945704937
train/correction_cosine_near: 0.025984026491642
train/correction_magnitude_ratio_far: 0.026232043281197548
train/correction_magnitude_ratio_mean: 0.0315447598695755
train/correction_magnitude_ratio_middle: 0.02872205711901188
train/correction_magnitude_ratio_near: 0.03968017175793648
train/correction_optimal_scalar_far: 2.2787563800811768
train/correction_optimal_scalar_mean: 1.3887594938278198
train/correction_optimal_scalar_middle: 1.7785741090774536
train/correction_optimal_scalar_near: 0.10894738882780075
train/correction_patch_beneficial_ratio: [0.47639650106430054, 0.5123425722122192, 0.5126981735229492, 0.5082827210426331, 0.5052896738052368, 0.5049044489860535, 0.5078381896018982, 0.4930804669857025, 0.4977033734321594, 0.5023559331893921, 0.5037487149238586, 0.5080456137657166, 0.5174989104270935, 0.5280189514160156, 0.5392798781394958, 0.548110842704773, 0.5388650298118591, 0.5388057231903076, 0.5335605144500732, 0.5349829792976379, 0.5465105772018433, 0.5411468148231506, 0.5351014733314514, 0.5305378437042236, 0.540198564529419, 0.5386279225349426, 0.5399614572525024, 0.5503037571907043, 0.5490590929985046, 0.5453252196311951, 0.5461549758911133, 0.5487924218177795, 0.5517854690551758, 0.5522892475128174, 0.5444065928459167, 0.5406134128570557, 0.5376500487327576, 0.5401392579078674, 0.5416802763938904, 0.548555314540863, 0.5420951247215271, 0.5397244095802307, 0.5501852035522461, 0.5500370264053345, 0.5546006560325623]
train/correction_patch_cosine: [-0.0001136032587965019, 0.03058454766869545, 0.03299323096871376, 0.0266498401761055, 0.021927114576101303, 0.020243806764483452, 0.022932564839720726, 0.01906934194266796, 0.02219458296895027, 0.02093610167503357, 0.020067065954208374, 0.02223121002316475, 0.03334711864590645, 0.0450151227414608, 0.05168230086565018, 0.055469200015068054, 0.04950705170631409, 0.046510789543390274, 0.045453932136297226, 0.04762028157711029, 0.05378341302275658, 0.04842190816998482, 0.04682784900069237, 0.042753297835588455, 0.04807811230421066, 0.0490160696208477, 0.051296480000019073, 0.05776529014110565, 0.05630476027727127, 0.053246788680553436, 0.05557771399617195, 0.055838216096162796, 0.05778072401881218, 0.055516038089990616, 0.05248211696743965, 0.049371518194675446, 0.048969101160764694, 0.0559525191783905, 0.05474089831113815, 0.05494101718068123, 0.051979921758174896, 0.05213557556271553, 0.059546858072280884, 0.06123705953359604, 0.06450791656970978]
train/correction_patch_magnitude_ratio: [0.0654074102640152, 0.0468720979988575, 0.04287106543779373, 0.04145260155200958, 0.04038744419813156, 0.039692703634500504, 0.03915698081254959, 0.03826176002621651, 0.03698747605085373, 0.03599543869495392, 0.0360882468521595, 0.03558046370744705, 0.03319111466407776, 0.031975120306015015, 0.0312826931476593, 0.030776871368288994, 0.030295683071017265, 0.02992396056652069, 0.03025253675878048, 0.029755033552646637, 0.02924850769340992, 0.02855227142572403, 0.028590088710188866, 0.028831303119659424, 0.028416985645890236, 0.027871856465935707, 0.027197282761335373, 0.026917098090052605, 0.027080032974481583, 0.02712136320769787, 0.02683638408780098, 0.026683351024985313, 0.02620723843574524, 0.025859151035547256, 0.026172814890742302, 0.026731939986348152, 0.02692718245089054, 0.02673211693763733, 0.025757336989045143, 0.025484176352620125, 0.02605847269296646, 0.02653609588742256, 0.026432156562805176, 0.025780580937862396, 0.025281580165028572]
train/correction_patch_optimal_scalar: [0.33952829241752625, 1.1238596439361572, -0.6900275349617004, -1.5055714845657349, -0.5258944630622864, -0.1648794263601303, -0.047146257013082504, -0.10585355013608932, -0.6505281925201416, -1.3262500762939453, -0.06946739554405212, 0.8085676431655884, 1.8968250751495361, 1.970312476158142, 0.5807281136512756, -0.6014745235443115, 1.0379585027694702, 1.5006284713745117, 1.7575592994689941, 2.059908151626587, 1.9297244548797607, 0.7173689603805542, 1.6350113153457642, 1.5797631740570068, 2.63350510597229, 3.186211585998535, 2.803286075592041, 2.08583664894104, 2.1095664501190186, 2.2437660694122314, 2.6005029678344727, 2.430745840072632, 1.8869543075561523, 0.5606533288955688, 1.3396588563919067, 1.9195181131362915, 3.0591847896575928, 3.670835018157959, 2.4822440147399902, 1.5180699825286865, 1.7448481321334839, 2.4938600063323975, 3.108944892883301, 3.1059558391571045, 2.2593750953674316]
[test]
test/correction_beneficial_ratio: 0.4918227791786194
test/correction_beneficial_ratio_far: 0.4989229440689087
test/correction_beneficial_ratio_middle: 0.49288028478622437
test/correction_beneficial_ratio_near: 0.4836650788784027
test/correction_cosine_far: 0.009114010259509087
test/correction_cosine_mean: 0.005433386191725731
test/correction_cosine_middle: 0.008033853024244308
test/correction_cosine_near: -0.0008476967923343182
test/correction_magnitude_ratio_far: 0.025435157120227814
test/correction_magnitude_ratio_mean: 0.029576439410448074
test/correction_magnitude_ratio_middle: 0.027499856427311897
test/correction_magnitude_ratio_near: 0.035794299095869064
test/correction_optimal_scalar_far: -0.4894751310348511
test/correction_optimal_scalar_mean: -1.0478804111480713
test/correction_optimal_scalar_middle: -1.0592786073684692
test/correction_optimal_scalar_near: -1.5948894023895264
test/correction_patch_beneficial_ratio: [0.429219514131546, 0.4742153584957123, 0.47477084398269653, 0.4663456976413727, 0.473104327917099, 0.4690306484699249, 0.49013981223106384, 0.5021757483482361, 0.5028238296508789, 0.49875012040138245, 0.5064345598220825, 0.4963429272174835, 0.4982872009277344, 0.4917137324810028, 0.4816220700740814, 0.4892139732837677, 0.4935654103755951, 0.4810665547847748, 0.4982872009277344, 0.49263957142829895, 0.4849551022052765, 0.4992130398750305, 0.5052310228347778, 0.505323588848114, 0.5063419938087463, 0.4904175400733948, 0.48541802167892456, 0.48902878165245056, 0.48588094115257263, 0.486621618270874, 0.48838070034980774, 0.4868067800998688, 0.4867141842842102, 0.4902323782444, 0.49449124932289124, 0.49412092566490173, 0.49338024854660034, 0.48430702090263367, 0.4785667955875397, 0.5017127990722656, 0.5243958830833435, 0.5200444459915161, 0.5170817375183105, 0.5065271854400635, 0.5170817375183105]
test/correction_patch_cosine: [-0.05364921689033508, -0.013131107203662395, -0.010057345032691956, -0.021307682618498802, -0.022920044139027596, -0.016232861205935478, 0.005835221614688635, 0.018222728744149208, 0.02640344388782978, 0.022946225479245186, 0.02117609791457653, 0.019460568204522133, 0.010981837287545204, -0.002788849174976349, 0.002345398534089327, 0.007250519935041666, 0.0006349444738589227, -0.007825509645044804, 0.003940882161259651, 0.0035319977905601263, 0.0060415733605623245, 0.017927302047610283, 0.02343459613621235, 0.02338266372680664, 0.016223428770899773, 0.0012012132210657, 0.0035032278392463923, 0.009946003556251526, 0.00804162211716175, 0.003273308975622058, -0.000987730105407536, -0.004113716538995504, 0.0012935613049194217, 0.007358489092439413, 0.007197197061032057, 0.008372073993086815, -0.0023290712852030993, -0.012048189528286457, -0.01265712920576334, 0.010594306513667107, 0.029134728014469147, 0.03200709447264671, 0.027335621416568756, 0.0169460941106081, 0.028606876730918884]
test/correction_patch_magnitude_ratio: [0.05488445982336998, 0.0400095097720623, 0.038024917244911194, 0.0367223359644413, 0.035390738397836685, 0.03567419946193695, 0.03563807159662247, 0.03476499393582344, 0.034289538860321045, 0.03362136334180832, 0.033297594636678696, 0.03295557573437691, 0.031582143157720566, 0.03024202212691307, 0.02981710433959961, 0.029352039098739624, 0.028303232043981552, 0.02785034291446209, 0.028761086985468864, 0.028284765779972076, 0.028000684455037117, 0.027316832914948463, 0.02732735686004162, 0.027195606380701065, 0.027545161545276642, 0.02708919532597065, 0.026506241410970688, 0.02643486298620701, 0.026251068338751793, 0.026279497891664505, 0.02642221935093403, 0.02622935362160206, 0.02583581581711769, 0.02520683780312538, 0.02540774457156658, 0.02593645267188549, 0.02623002417385578, 0.025676658377051353, 0.024824067950248718, 0.02466684579849243, 0.024986084550619125, 0.025532804429531097, 0.02577146515250206, 0.02442968636751175, 0.024371260777115822]
test/correction_patch_optimal_scalar: [-0.705653965473175, -1.1393029689788818, -4.650627613067627, -6.949892520904541, -2.2477831840515137, -1.1130626201629639, 1.1098999977111816, 1.7581406831741333, -3.0435831546783447, -4.738457202911377, -0.6761413812637329, 0.40464848279953003, 0.16161780059337616, -0.18528056144714355, -1.907871127128601, -4.772421836853027, -1.2490043640136719, -1.7073506116867065, -0.8311721086502075, 0.15847386419773102, -2.0518321990966797, -4.220480918884277, 0.8733177781105042, 1.3362782001495361, 0.9414910674095154, 0.6167388558387756, -1.6615967750549316, -3.594327926635742, 0.0511922724545002, 0.22153981029987335, -0.22022560238838196, 0.14109936356544495, -3.1455297470092773, -4.940601348876953, -0.6012359857559204, -0.05633649602532387, 0.34010422229766846, 0.24999873340129852, -0.10610725730657578, -1.7317719459533691, 1.550318717956543, 2.376368284225464, 1.4156278371810913, 0.6467825770378113, -3.2606067657470703]
