[train]
train/correction_beneficial_ratio: 0.5051700472831726
train/correction_beneficial_ratio_far: 0.4959816038608551
train/correction_beneficial_ratio_middle: 0.5219454169273376
train/correction_beneficial_ratio_near: 0.4975830316543579
train/correction_cosine_far: 0.0060591548681259155
train/correction_cosine_mean: 0.015468030236661434
train/correction_cosine_middle: 0.039072491228580475
train/correction_cosine_near: 0.0012723042163997889
train/correction_magnitude_ratio_far: 0.007021739147603512
train/correction_magnitude_ratio_mean: 0.009682442992925644
train/correction_magnitude_ratio_middle: 0.007984234020113945
train/correction_magnitude_ratio_near: 0.014041358605027199
train/correction_optimal_scalar_far: 3.479257583618164
train/correction_optimal_scalar_mean: 3.7191362380981445
train/correction_optimal_scalar_middle: 6.245733737945557
train/correction_optimal_scalar_near: 1.4324102401733398
train/correction_patch_beneficial_ratio: [0.43171706795692444, 0.4604092538356781, 0.4624110460281372, 0.46908363699913025, 0.47953736782073975, 0.48576512932777405, 0.49621886014938354, 0.49977758526802063, 0.5160142183303833, 0.5202401876449585, 0.5175711512565613, 0.5242437720298767, 0.5313612222671509, 0.5318060517311096, 0.5375889539718628, 0.5362544655799866, 0.5315836071968079, 0.5284697413444519, 0.5329181551933289, 0.5342526435852051, 0.5380337834358215, 0.5262455344200134, 0.522464394569397, 0.5204626321792603, 0.5171263217926025, 0.5133451819419861, 0.5088967680931091, 0.5111209750175476, 0.5086743831634521, 0.4993327260017395, 0.4951067566871643, 0.5020017623901367, 0.49911031126976013, 0.4897686839103699, 0.49266013503074646, 0.4879893362522125, 0.4799821972846985, 0.4764235019683838, 0.4755338132381439, 0.4902135133743286, 0.4964412748813629, 0.5068950057029724, 0.517793595790863, 0.5186832547187805, 0.5111209750175476]
train/correction_patch_cosine: [-0.05218038335442543, -0.046986810863018036, -0.04099822789430618, -0.026972979307174683, -0.014535065740346909, -0.017484553158283234, -0.0017632623203098774, 0.006091110873967409, 0.013206655159592628, 0.01833154819905758, 0.02037324197590351, 0.031680237501859665, 0.04090353101491928, 0.045611392706632614, 0.0438082255423069, 0.04664282500743866, 0.049553677439689636, 0.0482964850962162, 0.046057604253292084, 0.046191394329071045, 0.04199998825788498, 0.0372336246073246, 0.03747130185365677, 0.037554919719696045, 0.039027970284223557, 0.036807410418987274, 0.034290675073862076, 0.033857960253953934, 0.029117869213223457, 0.02198576182126999, 0.018176818266510963, 0.015368354506790638, 0.009675638750195503, 0.0048301140777766705, 0.002133071655407548, -0.0004919111961498857, -0.0009556415025144815, 0.001220420002937317, 0.0014865784905850887, 0.002462629461660981, 0.001110504730604589, 0.0044403076171875, 0.007697600871324539, 0.011671855114400387, 0.0120612271130085]
train/correction_patch_magnitude_ratio: [0.033269092440605164, 0.021195368841290474, 0.01754469983279705, 0.01564076915383339, 0.014320324175059795, 0.013272912241518497, 0.012280689552426338, 0.011736981570720673, 0.01130205113440752, 0.010808045044541359, 0.010457540862262249, 0.010196956805884838, 0.00989945326000452, 0.009481103159487247, 0.009214366786181927, 0.009029824286699295, 0.008879709988832474, 0.008607065305113792, 0.008289637975394726, 0.008126056753098965, 0.008063056506216526, 0.008007867261767387, 0.00798056460916996, 0.007894209586083889, 0.007737222593277693, 0.007584200240671635, 0.007546703331172466, 0.0074507384561002254, 0.007333419285714626, 0.007233211770653725, 0.007197890896350145, 0.007178153842687607, 0.007188551127910614, 0.0072044976986944675, 0.0071519301272928715, 0.007097761612385511, 0.007057047914713621, 0.006965594366192818, 0.006946288049221039, 0.006947141140699387, 0.0069299801252782345, 0.00684709707275033, 0.006837819237262011, 0.006859884597361088, 0.006916445679962635]
train/correction_patch_optimal_scalar: [-1.8859857320785522, -1.2766910791397095, 0.22279103100299835, 2.078402042388916, 2.028134822845459, 0.7192093729972839, 1.6565020084381104, 1.7826446294784546, 1.1158112287521362, 0.16219277679920197, 0.35741665959358215, 1.6407206058502197, 2.7481374740600586, 4.460230350494385, 5.6767258644104, 6.8680009841918945, 7.165339469909668, 7.202032089233398, 7.4760966300964355, 7.569226264953613, 7.086482048034668, 6.494418621063232, 7.2275519371032715, 7.033563613891602, 6.815805912017822, 5.92093563079834, 5.224796295166016, 5.182744026184082, 3.918546438217163, 2.500438928604126, 1.7882518768310547, 1.4465667009353638, 1.0109803676605225, 1.0865228176116943, 1.5455641746520996, 1.7334171533584595, 2.0005855560302734, 3.0118255615234375, 3.8951923847198486, 4.314326763153076, 4.205554485321045, 5.141443252563477, 6.129687309265137, 7.309788227081299, 7.569209098815918]
[test]
test/correction_beneficial_ratio: 0.18969646096229553
test/correction_beneficial_ratio_far: 0.11286550015211105
test/correction_beneficial_ratio_middle: 0.17276524007320404
test/correction_beneficial_ratio_near: 0.2834586501121521
test/correction_cosine_far: -0.5329556465148926
test/correction_cosine_mean: -0.3944995403289795
test/correction_cosine_middle: -0.4147724509239197
test/correction_cosine_near: -0.2357708066701889
test/correction_magnitude_ratio_far: 0.003999003674834967
test/correction_magnitude_ratio_mean: 0.006891404278576374
test/correction_magnitude_ratio_middle: 0.005386996082961559
test/correction_magnitude_ratio_near: 0.01128822099417448
test/correction_optimal_scalar_far: -148.91966247558594
test/correction_optimal_scalar_mean: -104.99510955810547
test/correction_optimal_scalar_middle: -112.67523193359375
test/correction_optimal_scalar_near: -53.39027786254883
test/correction_patch_beneficial_ratio: [0.35087719559669495, 0.33959898352622986, 0.31328320503234863, 0.32957392930984497, 0.3308270573616028, 0.3220551311969757, 0.2994987368583679, 0.26691728830337524, 0.24185463786125183, 0.239348366856575, 0.23182956874370575, 0.24436090886592865, 0.24060150980949402, 0.25689223408699036, 0.24436090886592865, 0.25689223408699036, 0.2719298303127289, 0.2493734359741211, 0.22932331264019012, 0.20802004635334015, 0.2030075192451477, 0.20426064729690552, 0.18295739591121674, 0.15288220345973969, 0.12406015396118164, 0.12280701845884323, 0.10275689512491226, 0.09774436056613922, 0.09649122506380081, 0.08897243440151215, 0.11152882128953934, 0.10902255773544312, 0.12531328201293945, 0.1416040062904358, 0.14035087823867798, 0.13283208012580872, 0.11027568578720093, 0.1077694222331047, 0.09774436056613922, 0.09649122506380081, 0.095238097012043, 0.09147869795560837, 0.10401002317667007, 0.11152882128953934, 0.11779448390007019]
test/correction_patch_cosine: [-0.13833855092525482, -0.1714836210012436, -0.19263051450252533, -0.18774767220020294, -0.2082691192626953, -0.2036673128604889, -0.21471957862377167, -0.2376565933227539, -0.2595182955265045, -0.26266786456108093, -0.2704232335090637, -0.2769622504711151, -0.2916981875896454, -0.3049761950969696, -0.3158015012741089, -0.3246886730194092, -0.33761849999427795, -0.34875717759132385, -0.3510577082633972, -0.3566231429576874, -0.3570198714733124, -0.3669826090335846, -0.38002651929855347, -0.4150627851486206, -0.4424639642238617, -0.4745537042617798, -0.5010473132133484, -0.515311598777771, -0.5220012068748474, -0.5283663272857666, -0.5336138010025024, -0.5313194990158081, -0.5183500051498413, -0.5074884295463562, -0.505257785320282, -0.5114549398422241, -0.5191575288772583, -0.5295726656913757, -0.541911780834198, -0.5461682677268982, -0.5536128282546997, -0.5580165386199951, -0.5515159368515015, -0.5448724031448364, -0.5420253872871399]
test/correction_patch_magnitude_ratio: [0.026208482682704926, 0.018173258751630783, 0.014789708890020847, 0.012842417694628239, 0.01168791577219963, 0.010481031611561775, 0.009691222570836544, 0.009001246653497219, 0.008700109086930752, 0.008569222874939442, 0.00842488557100296, 0.008083510212600231, 0.007799722719937563, 0.007492225617170334, 0.007378239184617996, 0.00704584363847971, 0.006646895315498114, 0.0062127611599862576, 0.006004473194479942, 0.005709195043891668, 0.005396370310336351, 0.005211817566305399, 0.005091111641377211, 0.0050487518310546875, 0.004938493948429823, 0.0048426492139697075, 0.00478620920330286, 0.004705567844212055, 0.00461149774491787, 0.004553310107439756, 0.004487853031605482, 0.0043612378649413586, 0.004292395897209644, 0.004291106015443802, 0.0042294166050851345, 0.0041311574168503284, 0.004033354576677084, 0.003934381529688835, 0.003880763193592429, 0.0038277998100966215, 0.003769581438973546, 0.003682994982227683, 0.003673846833407879, 0.0036932716611772776, 0.0036958749406039715]
test/correction_patch_optimal_scalar: [-9.334437370300293, -20.885459899902344, -29.723840713500977, -37.52007293701172, -46.39430618286133, -47.71596145629883, -52.624107360839844, -58.681175231933594, -63.92537307739258, -64.80517578125, -68.2561264038086, -71.22173309326172, -72.73139190673828, -77.35345458984375, -79.68115997314453, -83.74392700195312, -91.4381103515625, -96.46987915039062, -97.5487060546875, -97.6147232055664, -95.53010559082031, -99.29403686523438, -101.42897033691406, -110.71843719482422, -119.93750762939453, -129.25108337402344, -136.8031768798828, -141.4210205078125, -143.6610565185547, -145.2684326171875, -144.97227478027344, -143.53317260742188, -140.00973510742188, -138.4913330078125, -140.3467254638672, -143.0914764404297, -146.33163452148438, -151.01177978515625, -155.32154846191406, -155.515380859375, -157.68560791015625, -160.75474548339844, -157.30264282226562, -151.5777587890625, -147.8507843017578]
