[train]
train/correction_beneficial_ratio: 0.3859172463417053
train/correction_beneficial_ratio_far: 0.39555490016937256
train/correction_beneficial_ratio_middle: 0.3727189302444458
train/correction_beneficial_ratio_near: 0.38947793841362
train/correction_cosine_far: -0.09194738417863846
train/correction_cosine_mean: -0.09452351182699203
train/correction_cosine_middle: -0.1140143945813179
train/correction_cosine_near: -0.07760873436927795
train/correction_magnitude_ratio_far: 0.10052352398633957
train/correction_magnitude_ratio_mean: 0.11330429464578629
train/correction_magnitude_ratio_middle: 0.1079062968492508
train/correction_magnitude_ratio_near: 0.1314830631017685
train/correction_optimal_scalar_far: 0.43613386154174805
train/correction_optimal_scalar_mean: -0.12741734087467194
train/correction_optimal_scalar_middle: -0.4070439636707306
train/correction_optimal_scalar_near: -0.4113418161869049
train/correction_patch_beneficial_ratio: [0.4223736822605133, 0.41997334361076355, 0.4117054343223572, 0.3994073271751404, 0.4044451117515564, 0.4057786464691162, 0.398873895406723, 0.38654616475105286, 0.3722032904624939, 0.36802488565444946, 0.37543338537216187, 0.3720551133155823, 0.3665728271007538, 0.37081047892570496, 0.3679656386375427, 0.36316490173339844, 0.3665728271007538, 0.3641132116317749, 0.35608237981796265, 0.3538301885128021, 0.3586605489253998, 0.36541709303855896, 0.38058972358703613, 0.3829604387283325, 0.3823677599430084, 0.3763520419597626, 0.3753741383552551, 0.3798784911632538, 0.3904578387737274, 0.39496222138404846, 0.38873907923698425, 0.3802637457847595, 0.38553860783576965, 0.38915395736694336, 0.3949325680732727, 0.4069047272205353, 0.4074974060058594, 0.40080010890960693, 0.39875537157058716, 0.39893317222595215, 0.4012446403503418, 0.4027559757232666, 0.3956734240055084, 0.39217662811279297, 0.3899540603160858]
train/correction_patch_cosine: [0.0030684741213917732, -0.03117205575108528, -0.04798588529229164, -0.06426110118627548, -0.0561678484082222, -0.050041232258081436, -0.0600719153881073, -0.08603157848119736, -0.1051989197731018, -0.10966161638498306, -0.09845403581857681, -0.10226278752088547, -0.11523079127073288, -0.11820831894874573, -0.12245146185159683, -0.12650400400161743, -0.11738418787717819, -0.1190851554274559, -0.1321776807308197, -0.13715015351772308, -0.13135075569152832, -0.12025018036365509, -0.10805965960025787, -0.10410088300704956, -0.10843534022569656, -0.11341352760791779, -0.11060827225446701, -0.10373016446828842, -0.09070014953613281, -0.08726579695940018, -0.09619580954313278, -0.1044880673289299, -0.09802789241075516, -0.0912989154458046, -0.08346354961395264, -0.0735413059592247, -0.0783141478896141, -0.08838049322366714, -0.09254565089941025, -0.09220263361930847, -0.08737069368362427, -0.0874519944190979, -0.09488542377948761, -0.10344663262367249, -0.10759762674570084]
train/correction_patch_magnitude_ratio: [0.19284288585186005, 0.15162068605422974, 0.13944807648658752, 0.13414257764816284, 0.13115961849689484, 0.1332380771636963, 0.1279069483280182, 0.12357814610004425, 0.12279685586690903, 0.12177900969982147, 0.12189233303070068, 0.12366452813148499, 0.1204959973692894, 0.11479610204696655, 0.1128842905163765, 0.11223307996988297, 0.1116882935166359, 0.11324840784072876, 0.11276625841856003, 0.11063674837350845, 0.10888831317424774, 0.10689440369606018, 0.10636778175830841, 0.10849225521087646, 0.10712424665689468, 0.10506600886583328, 0.10380233079195023, 0.10359949618577957, 0.10291611403226852, 0.1048707664012909, 0.10472546517848969, 0.10316786915063858, 0.10204847902059555, 0.10094001144170761, 0.1010628342628479, 0.10222551971673965, 0.10041330754756927, 0.09907916933298111, 0.09919293969869614, 0.09908434003591537, 0.09988957643508911, 0.1010056659579277, 0.09925775974988937, 0.09777232259511948, 0.0979875773191452]
train/correction_patch_optimal_scalar: [-0.1260845959186554, -0.4186658263206482, -0.46827900409698486, -0.38349276781082153, -0.14207369089126587, -0.05398810654878616, -0.304200679063797, -0.5265576243400574, -0.5717229247093201, -0.4914065897464752, -0.38340291380882263, -0.37028539180755615, -0.584818959236145, -0.7187310457229614, -0.6264190077781677, -0.5159125328063965, -0.5290097594261169, -0.6330794095993042, -0.7736727595329285, -0.8431605100631714, -0.7431437969207764, -0.49965086579322815, -0.2943387031555176, -0.32030144333839417, -0.22993367910385132, -0.41711995005607605, -0.3630129098892212, -0.13026829063892365, 0.08076430857181549, 0.10618482530117035, 0.09823381155729294, 0.022855360060930252, 0.07299686223268509, 0.29189756512641907, 0.8217722773551941, 0.8082149028778076, 0.6852493286132812, 0.5909227132797241, 0.5721580386161804, 0.7304337024688721, 0.5985078811645508, 0.5137049555778503, 0.26872459053993225, 0.25861504673957825, 0.20771773159503937]
[test]
test/correction_beneficial_ratio: 0.3143700659275055
test/correction_beneficial_ratio_far: 0.3083973824977875
test/correction_beneficial_ratio_middle: 0.2943863272666931
test/correction_beneficial_ratio_near: 0.3403265178203583
test/correction_cosine_far: -0.1782262921333313
test/correction_cosine_mean: -0.1689220815896988
test/correction_cosine_middle: -0.20110751688480377
test/correction_cosine_near: -0.12743231654167175
test/correction_magnitude_ratio_far: 0.08667605370283127
test/correction_magnitude_ratio_mean: 0.09920652955770493
test/correction_magnitude_ratio_middle: 0.0964345932006836
test/correction_magnitude_ratio_near: 0.1145089864730835
test/correction_optimal_scalar_far: -2.0009355545043945
test/correction_optimal_scalar_mean: -1.5470325946807861
test/correction_optimal_scalar_middle: -1.7437156438827515
test/correction_optimal_scalar_near: -0.8964460492134094
test/correction_patch_beneficial_ratio: [0.3582075834274292, 0.37061384320259094, 0.36885473132133484, 0.36339226365089417, 0.3785760700702667, 0.3805203139781952, 0.3678362965583801, 0.33219146728515625, 0.31756317615509033, 0.3255254030227661, 0.3276548385620117, 0.3180260956287384, 0.30126839876174927, 0.2953430116176605, 0.2993241250514984, 0.30450883507728577, 0.3083047866821289, 0.3176557719707489, 0.3120081424713135, 0.299416720867157, 0.2944171726703644, 0.29052865505218506, 0.28154799342155457, 0.28201091289520264, 0.2741412818431854, 0.26534581184387207, 0.28015923500061035, 0.2907138168811798, 0.29987964034080505, 0.3151560127735138, 0.30673086643218994, 0.29802796244621277, 0.2975650429725647, 0.30450883507728577, 0.3018239140510559, 0.318118691444397, 0.31598925590515137, 0.3094157874584198, 0.30386075377464294, 0.30571243166923523, 0.30284231901168823, 0.31645217537879944, 0.3162670135498047, 0.3118229806423187, 0.31682252883911133]
test/correction_patch_cosine: [-0.058619048446416855, -0.08242769539356232, -0.08667547255754471, -0.09243737161159515, -0.07593891024589539, -0.07009712606668472, -0.09732738882303238, -0.13714437186717987, -0.16060014069080353, -0.16035202145576477, -0.15497948229312897, -0.1611897051334381, -0.1814195066690445, -0.19169647991657257, -0.20058012008666992, -0.19645874202251434, -0.18300576508045197, -0.16408133506774902, -0.17833632230758667, -0.200355663895607, -0.21112234890460968, -0.21430125832557678, -0.21906554698944092, -0.21886849403381348, -0.22402091324329376, -0.22801758348941803, -0.2134745717048645, -0.20305044949054718, -0.18757207691669464, -0.17488332092761993, -0.1852881759405136, -0.1889716386795044, -0.1868317872285843, -0.1815616637468338, -0.17597749829292297, -0.16761808097362518, -0.1737709790468216, -0.17981304228305817, -0.1802220344543457, -0.17968310415744781, -0.1758844405412674, -0.16820058226585388, -0.17315441370010376, -0.17896418273448944, -0.17745310068130493]
test/correction_patch_magnitude_ratio: [0.16643819212913513, 0.1310480535030365, 0.12176159024238586, 0.11926295608282089, 0.11647029221057892, 0.11834423243999481, 0.11243212968111038, 0.10624011605978012, 0.10506872087717056, 0.10400936752557755, 0.10471867769956589, 0.10822848230600357, 0.10596632957458496, 0.09992965310811996, 0.09771576523780823, 0.09703914076089859, 0.09780527651309967, 0.10091838985681534, 0.09950588643550873, 0.09643500298261642, 0.09470927715301514, 0.09353581070899963, 0.09464723616838455, 0.09737958014011383, 0.09816062450408936, 0.09660497307777405, 0.09549964964389801, 0.09425469487905502, 0.0939236730337143, 0.09609898179769516, 0.09474342316389084, 0.0927020013332367, 0.0909181758761406, 0.08954846113920212, 0.08989480137825012, 0.08991367369890213, 0.0876583382487297, 0.08598409593105316, 0.08511434495449066, 0.08343416452407837, 0.08286639302968979, 0.08402574062347412, 0.08224852383136749, 0.08051352202892303, 0.08057523518800735]
test/correction_patch_optimal_scalar: [-0.5193771719932556, -0.5258839726448059, -0.48843371868133545, -0.3774826228618622, -0.22284385561943054, 0.07992938160896301, -0.7406389713287354, -1.0974687337875366, -1.16330885887146, -1.0279484987258911, -0.8666860461235046, -0.9600058794021606, -1.6254557371139526, -1.9709601402282715, -1.9401216506958008, -1.8453260660171509, -1.4739052057266235, -1.1203805208206177, -1.6920849084854126, -2.026005268096924, -1.9386945962905884, -1.6818130016326904, -1.687334418296814, -1.823317289352417, -2.2564711570739746, -2.4166784286499023, -2.0931499004364014, -1.592991590499878, -1.2784943580627441, -1.2290974855422974, -1.7224246263504028, -2.0928826332092285, -2.2186410427093506, -2.0084476470947266, -1.836279273033142, -1.7134147882461548, -1.973678708076477, -2.096820116043091, -1.8807792663574219, -1.7477480173110962, -1.8144521713256836, -1.7044693231582642, -2.2596328258514404, -2.5000154972076416, -2.4443509578704834]
