pattern_count: 32
pattern_p_inv_min: 0.0
pattern_p_inv_p10: 0.991923713684082
pattern_p_inv_p50: 0.9983832836151123
pattern_p_inv_p90: 0.998703122138977
pattern_p_inv_max: 0.9987667798995972
pattern_mass_inv: 29.763572692871094
mapping_count: 1024
invariant_mapping_effective_mass: 0.4916453957557678
variant_mapping_effective_mass: 0.5083545446395874
pattern_environment_occurrence [pattern x environment]:
P00: 0.99991006 0.99991184 0.99991024 0.99991232 0.99990678 0.99991596
P01: 0.99991065 0.99991310 0.99990803 0.99990857 0.99991375 0.99990696
P02: 0.99991155 0.99991423 0.99990839 0.99991089 0.99991059 0.99991393
P03: 0.99991161 0.99991417 0.99990863 0.99991113 0.99991012 0.99991435
P04: 0.99990928 0.99990994 0.99991095 0.99991268 0.99990529 0.99991560
P05: 0.99991024 0.99991268 0.99990815 0.99990827 0.99991435 0.99990559
P06: 0.99991059 0.99991310 0.99990946 0.99991173 0.99990821 0.99991584
P07: 0.99984086 0.99983889 0.99989635 0.99987191 0.99990803 0.99975628
P08: 0.99991077 0.99991322 0.99990934 0.99991179 0.99990821 0.99991572
P09: 0.99991012 0.99991208 0.99990988 0.99991214 0.99990702 0.99991596
P10: 0.99991006 0.99991161 0.99991024 0.99991244 0.99990678 0.99991596
P11: 0.99991155 0.99991447 0.99990815 0.99991071 0.99991077 0.99991351
P12: 0.99990964 0.99991059 0.99991083 0.99991250 0.99990565 0.99991572
P13: 0.99991155 0.99991417 0.99990863 0.99991107 0.99991018 0.99991435
P14: 0.99990928 0.99990994 0.99991107 0.99991268 0.99990529 0.99991560
P15: 0.99991006 0.99991196 0.99990988 0.99991226 0.99990702 0.99991596
P16: 0.99991155 0.99991417 0.99990851 0.99991107 0.99991035 0.99991417
P17: 0.99990970 0.99991083 0.99991071 0.99991250 0.99990594 0.99991596
P18: 0.99991035 0.99991280 0.99990803 0.99990833 0.99991405 0.99990600
P19: 0.99991143 0.99991393 0.99990863 0.99991143 0.99990922 0.99991518
P20: 0.99991101 0.99991381 0.99990803 0.99990946 0.99991310 0.99990982
P21: 0.99990940 0.99991030 0.99991095 0.99991262 0.99990541 0.99991560
P22: 0.99990970 0.99991083 0.99991059 0.99991250 0.99990594 0.99991596
P23: 0.99990982 0.99991155 0.99991024 0.99991262 0.99990672 0.99991596
P24: 0.99990952 0.99991155 0.99990827 0.99990690 0.99991536 0.99990231
P25: 0.99991155 0.99991447 0.99990815 0.99991059 0.99991077 0.99991351
P26: 0.99990845 0.99991030 0.99990875 0.99990612 0.99991632 0.99989945
P27: 0.99990982 0.99991095 0.99991047 0.99991250 0.99990612 0.99991596
P28: 0.99991059 0.99991268 0.99990946 0.99991196 0.99990755 0.99991596
P29: 0.99991077 0.99991345 0.99990791 0.99990863 0.99991345 0.99990803
P30: 0.99989647 0.99989635 0.99990910 0.99989897 0.99991924 0.99986905
P31: 0.99990994 0.99991119 0.99991035 0.99991250 0.99990654 0.99991584
