[train]
train/correction_beneficial_ratio: 0.3989647924900055
train/correction_beneficial_ratio_far: 0.4157613515853882
train/correction_beneficial_ratio_middle: 0.38163086771965027
train/correction_beneficial_ratio_near: 0.399502158164978
train/correction_cosine_far: -0.06825778633356094
train/correction_cosine_mean: -0.08160793781280518
train/correction_cosine_middle: -0.1061086356639862
train/correction_cosine_near: -0.07045737653970718
train/correction_magnitude_ratio_far: 0.08980592340230942
train/correction_magnitude_ratio_mean: 0.1002231016755104
train/correction_magnitude_ratio_middle: 0.09591195732355118
train/correction_magnitude_ratio_near: 0.1149514764547348
train/correction_optimal_scalar_far: -0.0004930823342874646
train/correction_optimal_scalar_mean: -0.4396367073059082
train/correction_optimal_scalar_middle: -0.6119976043701172
train/correction_optimal_scalar_near: -0.706419825553894
train/correction_patch_beneficial_ratio: [0.4326566755771637, 0.43464216589927673, 0.415913462638855, 0.39345088601112366, 0.39958512783050537, 0.39851829409599304, 0.39617720246315, 0.3972736597061157, 0.39656245708465576, 0.3836420178413391, 0.388264924287796, 0.3860127329826355, 0.3866054117679596, 0.39386576414108276, 0.3893613815307617, 0.3763224184513092, 0.3715513348579407, 0.3706919550895691, 0.36903244256973267, 0.3713735342025757, 0.3741591274738312, 0.37863388657569885, 0.3817750811576843, 0.3836420178413391, 0.3839679956436157, 0.3909912705421448, 0.38539043068885803, 0.3889465034008026, 0.39943695068359375, 0.3985479474067688, 0.3977774381637573, 0.40886056423187256, 0.4139576256275177, 0.415557861328125, 0.4133056700229645, 0.415913462638855, 0.4212179481983185, 0.42664098739624023, 0.42284783720970154, 0.41946956515312195, 0.4179878532886505, 0.4179285764694214, 0.41517260670661926, 0.4156171381473541, 0.41416504979133606]
train/correction_patch_cosine: [-0.0027053705416619778, -0.026215750724077225, -0.052176110446453094, -0.07454294711351395, -0.06808292865753174, -0.06259360164403915, -0.06748262047767639, -0.07191282510757446, -0.08335717767477036, -0.09343712031841278, -0.08688844740390778, -0.08880101144313812, -0.08892102539539337, -0.08745567500591278, -0.1022881343960762, -0.11447698622941971, -0.11740783601999283, -0.11615000665187836, -0.11933679133653641, -0.1162007674574852, -0.11490185558795929, -0.1109209731221199, -0.10902716219425201, -0.10312836617231369, -0.10180124640464783, -0.09888138622045517, -0.10216400772333145, -0.0984080359339714, -0.0860704854130745, -0.08275370299816132, -0.0812055841088295, -0.07272851467132568, -0.0667133554816246, -0.06393972784280777, -0.06399355083703995, -0.061454907059669495, -0.05838618054986, -0.05904708057641983, -0.06566614657640457, -0.06778424233198166, -0.06672587990760803, -0.07166788727045059, -0.07252532243728638, -0.07414726912975311, -0.07788126915693283]
train/correction_patch_magnitude_ratio: [0.1621098816394806, 0.12824930250644684, 0.11649244278669357, 0.11379417777061462, 0.11484481394290924, 0.11987077444791794, 0.1175454780459404, 0.11016777902841568, 0.10517451167106628, 0.10477012395858765, 0.10724607855081558, 0.11204645782709122, 0.11027725785970688, 0.10288733243942261, 0.09879572689533234, 0.09851506352424622, 0.09991467744112015, 0.10337930172681808, 0.1028830036520958, 0.09844257682561874, 0.09495609998703003, 0.09307006746530533, 0.09383625537157059, 0.097025565803051, 0.09665382653474808, 0.09328652173280716, 0.09091439843177795, 0.09060487151145935, 0.09115837514400482, 0.09403827786445618, 0.09418672323226929, 0.09067994356155396, 0.08763208240270615, 0.08682796359062195, 0.08897783607244492, 0.0921836793422699, 0.09171824157238007, 0.08843919634819031, 0.08700363337993622, 0.08762911707162857, 0.08999651670455933, 0.092591792345047, 0.09208948165178299, 0.08965197950601578, 0.08748039603233337]
train/correction_patch_optimal_scalar: [-0.8042215704917908, -1.3627264499664307, -1.32663893699646, -0.6048390865325928, -0.18255366384983063, -0.28375399112701416, -1.2318549156188965, -1.1086300611495972, -0.543627917766571, -0.010811693035066128, -0.0617263987660408, -0.22630907595157623, -0.933341920375824, -1.0131914615631104, -0.9020591378211975, -0.5382527112960815, -0.33146512508392334, -0.5905734300613403, -1.2513169050216675, -1.2021998167037964, -0.8272007703781128, -0.37681543827056885, -0.48491066694259644, -0.5128288865089417, -0.9234120845794678, -0.8919259309768677, -0.7673227787017822, -0.36397722363471985, -0.09341910481452942, -0.02434583753347397, -0.471925288438797, -0.3024524450302124, -0.12308844923973083, 0.1421971470117569, 0.3208763599395752, 0.26514384150505066, 0.06499868631362915, 0.12906143069267273, 0.028179999440908432, 0.12346441298723221, 0.27447399497032166, 0.265775203704834, -0.22419434785842896, -0.24492007493972778, -0.2549898028373718]
[test]
test/correction_beneficial_ratio: 0.33929163217544556
test/correction_beneficial_ratio_far: 0.3397339880466461
test/correction_beneficial_ratio_middle: 0.3185383975505829
test/correction_beneficial_ratio_near: 0.35960251092910767
test/correction_cosine_far: -0.14342406392097473
test/correction_cosine_mean: -0.141483873128891
test/correction_cosine_middle: -0.17262981832027435
test/correction_cosine_near: -0.10839764773845673
test/correction_magnitude_ratio_far: 0.07533102482557297
test/correction_magnitude_ratio_mean: 0.08583297580480576
test/correction_magnitude_ratio_middle: 0.08363479375839233
test/correction_magnitude_ratio_near: 0.09853309392929077
test/correction_optimal_scalar_far: -1.9390588998794556
test/correction_optimal_scalar_mean: -1.2807767391204834
test/correction_optimal_scalar_middle: -1.3636775016784668
test/correction_optimal_scalar_near: -0.5395920872688293
test/correction_patch_beneficial_ratio: [0.3865382969379425, 0.396259605884552, 0.3797796368598938, 0.36228126287460327, 0.3664475381374359, 0.3754281997680664, 0.38357558846473694, 0.3671882152557373, 0.3484862446784973, 0.3408943712711334, 0.3406166136264801, 0.3435792922973633, 0.34219053387641907, 0.3342283070087433, 0.3265438377857208, 0.3245069980621338, 0.3240440785884857, 0.3457087278366089, 0.3468197286128998, 0.338116854429245, 0.3187667727470398, 0.31311914324760437, 0.3007128834724426, 0.3080270290374756, 0.31034162640571594, 0.3008054792881012, 0.29737988114356995, 0.3039533495903015, 0.31108230352401733, 0.33469122648239136, 0.3333950638771057, 0.3317285478115082, 0.3226553201675415, 0.32367372512817383, 0.3195074498653412, 0.3328395485877991, 0.35126376152038574, 0.3502453565597534, 0.34376445412635803, 0.34302380681037903, 0.33570966124534607, 0.34330153465270996, 0.3578372299671173, 0.35654106736183167, 0.35052311420440674]
test/correction_patch_cosine: [-0.04618331417441368, -0.0661936104297638, -0.08658261597156525, -0.10109882056713104, -0.09182074666023254, -0.07747327536344528, -0.07460429519414902, -0.10195142775774002, -0.12740139663219452, -0.13656076788902283, -0.14000487327575684, -0.129960834980011, -0.13021808862686157, -0.14625275135040283, -0.16965806484222412, -0.17310582101345062, -0.16599661111831665, -0.1391882449388504, -0.13814523816108704, -0.15486577153205872, -0.17560750246047974, -0.18318042159080505, -0.18968942761421204, -0.18571703135967255, -0.18113580346107483, -0.18808113038539886, -0.19600456953048706, -0.19148583710193634, -0.17269062995910645, -0.15455423295497894, -0.1509591042995453, -0.15333323180675507, -0.1596311628818512, -0.15833887457847595, -0.15515315532684326, -0.14446783065795898, -0.13491962850093842, -0.13822677731513977, -0.1434425711631775, -0.1437819004058838, -0.14498649537563324, -0.13466770946979523, -0.12324404716491699, -0.13024336099624634, -0.13596539199352264]
test/correction_patch_magnitude_ratio: [0.14175650477409363, 0.11087179183959961, 0.10086139291524887, 0.10034990310668945, 0.10076522082090378, 0.10530419647693634, 0.10192400962114334, 0.09266720712184906, 0.08814764022827148, 0.08834254741668701, 0.09077940881252289, 0.09576620161533356, 0.09371110796928406, 0.08536890894174576, 0.08138079196214676, 0.0820193737745285, 0.08533869683742523, 0.09030227363109589, 0.08944344520568848, 0.08378343284130096, 0.08007757365703583, 0.08008978515863419, 0.0826910212635994, 0.08591067790985107, 0.0862797424197197, 0.08255723118782043, 0.08048942685127258, 0.08032487332820892, 0.08130915462970734, 0.08390472829341888, 0.08270002156496048, 0.07798635214567184, 0.07459481805562973, 0.07463555783033371, 0.07796816527843475, 0.08012073487043381, 0.07834529131650925, 0.07408517599105835, 0.07214971631765366, 0.07200965285301208, 0.073348268866539, 0.0759471133351326, 0.07499123364686966, 0.07170652598142624, 0.06937680393457413]
test/correction_patch_optimal_scalar: [-0.9118518829345703, -0.48065364360809326, -0.31124088168144226, 0.2348332703113556, 0.35981830954551697, 0.9272969365119934, -1.004201054573059, -1.172309398651123, -0.7722213268280029, -0.14935003221035004, -0.10725659877061844, -0.030019260942935944, -1.1503528356552124, -1.8602688312530518, -1.6661019325256348, -1.5188497304916382, -0.8737434148788452, -0.5047023892402649, -1.4821609258651733, -1.8346326351165771, -1.4178109169006348, -0.9171575307846069, -1.1721669435501099, -1.472222089767456, -2.0983691215515137, -2.3511223793029785, -2.085358142852783, -1.1202722787857056, -0.8572406768798828, -0.7493716478347778, -1.4242864847183228, -2.1378753185272217, -2.7148361206054688, -2.397332191467285, -2.0570473670959473, -1.5990469455718994, -1.7820955514907837, -1.9348089694976807, -1.5806469917297363, -1.4043707847595215, -1.7886067628860474, -1.351323127746582, -2.0653817653656006, -2.436098337173462, -2.412132978439331]
