[train]
train/correction_beneficial_ratio: 0.440735787153244
train/correction_beneficial_ratio_far: 0.44437289237976074
train/correction_beneficial_ratio_middle: 0.43537580966949463
train/correction_beneficial_ratio_near: 0.4424586296081543
train/correction_cosine_far: -0.015438033267855644
train/correction_cosine_mean: -0.0176203865557909
train/correction_cosine_middle: -0.024750862270593643
train/correction_cosine_near: -0.012672314420342445
train/correction_magnitude_ratio_far: 0.06679616868495941
train/correction_magnitude_ratio_mean: 0.07577907294034958
train/correction_magnitude_ratio_middle: 0.06944975256919861
train/correction_magnitude_ratio_near: 0.09109120815992355
train/correction_optimal_scalar_far: 0.9599537253379822
train/correction_optimal_scalar_mean: 0.7408868074417114
train/correction_optimal_scalar_middle: 0.7375211119651794
train/correction_optimal_scalar_near: 0.5251853466033936
train/correction_patch_beneficial_ratio: [0.4322085380554199, 0.4435375928878784, 0.4679010808467865, 0.4420757591724396, 0.4348885416984558, 0.44743573665618896, 0.4291631281375885, 0.4314776360988617, 0.4424412250518799, 0.4296503961086273, 0.42709222435951233, 0.4373248815536499, 0.43342673778533936, 0.4462175667285919, 0.44755756855010986, 0.44743573665618896, 0.4375685155391693, 0.43890851736068726, 0.4351321756839752, 0.45279571413993835, 0.451212078332901]
train/correction_patch_cosine: [-0.006433536298573017, -0.0067481184378266335, 0.015990538522601128, -0.019815495237708092, -0.025503624230623245, -0.014691736549139023, -0.03150419145822525, -0.029683848842978477, -0.020349912345409393, -0.03256439045071602, -0.028565946966409683, -0.024390853941440582, -0.024827780202031136, -0.012872946448624134, -0.019443048164248466, -0.015516013838350773, -0.021482016891241074, -0.023120878264307976, -0.014489258639514446, -0.00666329450905323, -0.0073517742566764355]
train/correction_patch_magnitude_ratio: [0.11768586188554764, 0.10096389800310135, 0.09532076865434647, 0.08640006184577942, 0.0821169763803482, 0.07976928353309631, 0.07538241147994995, 0.07329937815666199, 0.07195033878087997, 0.06938351690769196, 0.06931734830141068, 0.06799749284982681, 0.06692693382501602, 0.0672730803489685, 0.06609188765287399, 0.06633619964122772, 0.06573708355426788, 0.06635761260986328, 0.06782210618257523, 0.06809365004301071, 0.06713467091321945]
train/correction_patch_optimal_scalar: [0.16098710894584656, 0.38706856966018677, 0.7546457052230835, 0.5138274431228638, 0.6128294467926025, 0.7091606259346008, 0.5377787947654724, 0.6395477056503296, 0.8439589142799377, 0.7365092039108276, 0.6503003239631653, 0.6671321988105774, 0.6641418933868408, 0.9610662460327148, 0.9539872407913208, 1.0045671463012695, 0.753180205821991, 0.6830295920372009, 0.98470139503479, 1.135076642036438, 1.2051278352737427]
[test]
test/correction_beneficial_ratio: 0.41395828127861023
test/correction_beneficial_ratio_far: 0.4610159993171692
test/correction_beneficial_ratio_middle: 0.38860511779785156
test/correction_beneficial_ratio_near: 0.39225372672080994
test/correction_cosine_far: 0.016506705433130264
test/correction_cosine_mean: -0.025081468746066093
test/correction_cosine_middle: -0.05563364923000336
test/correction_cosine_near: -0.03611743077635765
test/correction_magnitude_ratio_far: 0.05848170444369316
test/correction_magnitude_ratio_mean: 0.06914856284856796
test/correction_magnitude_ratio_middle: 0.06238282844424248
test/correction_magnitude_ratio_near: 0.08658125251531601
test/correction_optimal_scalar_far: 0.16614612936973572
test/correction_optimal_scalar_mean: -0.3552612066268921
test/correction_optimal_scalar_middle: -1.1665593385696411
test/correction_optimal_scalar_near: -0.06537004560232162
test/correction_patch_beneficial_ratio: [0.4294695556163788, 0.42239686846733093, 0.4341846704483032, 0.393320232629776, 0.35952848196029663, 0.35559922456741333, 0.35127702355384827, 0.35442042350769043, 0.3717092275619507, 0.3795677721500397, 0.3803536295890808, 0.4047151207923889, 0.4137524664402008, 0.41571709513664246, 0.4487229883670807, 0.4679764211177826, 0.46601179242134094, 0.46365422010421753, 0.4565815329551697, 0.46208250522613525, 0.46208250522613525]
test/correction_patch_cosine: [0.00760097848251462, 0.0006597901228815317, 0.012362560257315636, -0.03684642165899277, -0.0757787674665451, -0.0746224969625473, -0.08619777113199234, -0.08415960520505905, -0.07234393805265427, -0.06970375776290894, -0.05429808050394058, -0.045484405010938644, -0.03361411765217781, -0.029832089319825172, -0.010164019651710987, 0.015926089137792587, 0.02028302662074566, 0.02176767960190773, 0.01779354363679886, 0.025286061689257622, 0.024654844775795937]
test/correction_patch_magnitude_ratio: [0.11026329547166824, 0.09600073099136353, 0.09001176059246063, 0.08270180970430374, 0.07825209945440292, 0.07661674916744232, 0.07222183048725128, 0.06891059875488281, 0.0664372369647026, 0.06257380545139313, 0.06124091148376465, 0.05890950188040733, 0.05847172066569328, 0.060135893523693085, 0.059333935379981995, 0.05941656604409218, 0.05801921710371971, 0.05782806873321533, 0.05761592835187912, 0.05839931219816208, 0.058758851140737534]
test/correction_patch_optimal_scalar: [0.15914638340473175, 0.24448703229427338, 0.577542245388031, 0.025756968185305595, -0.34583961963653564, -0.40919139981269836, -0.7094946503639221, -1.0231863260269165, -1.1191118955612183, -1.5511817932128906, -1.5132536888122559, -1.3098413944244385, -0.9710613489151001, -0.6782811880111694, -0.3789955973625183, 0.20319291949272156, 0.20364119112491608, 0.15940138697624207, 0.25246480107307434, 0.37917542457580566, 0.3441449701786041]
