[train]
train/correction_beneficial_ratio: 0.5783906579017639
train/correction_beneficial_ratio_far: 0.5971975326538086
train/correction_beneficial_ratio_middle: 0.6090450882911682
train/correction_beneficial_ratio_near: 0.5289294123649597
train/correction_cosine_far: 0.10395456105470657
train/correction_cosine_mean: 0.08821512013673782
train/correction_cosine_middle: 0.11924465000629425
train/correction_cosine_near: 0.04144610837101936
train/correction_magnitude_ratio_far: 0.010939648374915123
train/correction_magnitude_ratio_mean: 0.021265465766191483
train/correction_magnitude_ratio_middle: 0.015547744929790497
train/correction_magnitude_ratio_near: 0.037308987230062485
train/correction_optimal_scalar_far: 13.991800308227539
train/correction_optimal_scalar_mean: 9.561091423034668
train/correction_optimal_scalar_middle: 11.514019966125488
train/correction_optimal_scalar_near: 3.1774518489837646
train/correction_patch_beneficial_ratio: [0.41970640420913696, 0.4243772327899933, 0.43838968873023987, 0.48887899518013, 0.5035586953163147, 0.5231316685676575, 0.5516014099121094, 0.5413700938224792, 0.5475978851318359, 0.5522686839103699, 0.565391480922699, 0.5805160403251648, 0.5920818448066711, 0.6023131608963013, 0.60275799036026, 0.6109875440597534, 0.625, 0.6325622797012329, 0.6167704463005066, 0.6196619272232056, 0.6292259693145752, 0.6060943007469177, 0.5987544655799866, 0.6003113985061646, 0.5989768505096436, 0.5916370153427124, 0.5949733257293701, 0.601201057434082, 0.604314923286438, 0.6052046418190002, 0.6016458868980408, 0.6107650995254517, 0.6054270267486572, 0.5983096361160278, 0.6016458868980408, 0.6016458868980408, 0.5916370153427124, 0.5947508811950684, 0.5927491188049316, 0.5911921858787537, 0.587855875492096, 0.5896352529525757, 0.5907473564147949, 0.6003113985061646, 0.599644124507904]
train/correction_patch_cosine: [-0.04355120286345482, -0.04117550700902939, -0.02703029476106167, -0.0073164585046470165, 0.012383464723825455, 0.037302739918231964, 0.05653120577335358, 0.06102093681693077, 0.06326982378959656, 0.06631901115179062, 0.0730859786272049, 0.08155578374862671, 0.09075091779232025, 0.09597040712833405, 0.10257484763860703, 0.10898560285568237, 0.11594562232494354, 0.11964044719934464, 0.11706287413835526, 0.12039780616760254, 0.12427636235952377, 0.12513652443885803, 0.12562496960163116, 0.12438849359750748, 0.1212049201130867, 0.11645106971263885, 0.11678652465343475, 0.11837689578533173, 0.11818305402994156, 0.1162099838256836, 0.1124599352478981, 0.11069386452436447, 0.10925422608852386, 0.1070074737071991, 0.10652907192707062, 0.10310735553503036, 0.10082118958234787, 0.10196007043123245, 0.10208927094936371, 0.10164828598499298, 0.09988901019096375, 0.09814685583114624, 0.09951862692832947, 0.10197749733924866, 0.10421493649482727]
train/correction_patch_magnitude_ratio: [0.09679592400789261, 0.0639941394329071, 0.05199799686670303, 0.0450502373278141, 0.03992766886949539, 0.03526637330651283, 0.03169746696949005, 0.029216410592198372, 0.027189113199710846, 0.025469543412327766, 0.024261604994535446, 0.023478969931602478, 0.022584188729524612, 0.021740956231951714, 0.02096441015601158, 0.019862396642565727, 0.018553875386714935, 0.017397036775946617, 0.01665431074798107, 0.016164015978574753, 0.015783116221427917, 0.015661688521504402, 0.015458045527338982, 0.015215778723359108, 0.014738171361386776, 0.014324887655675411, 0.013990301638841629, 0.013560446910560131, 0.01309795118868351, 0.012754257768392563, 0.012509560212492943, 0.012220731936395168, 0.012021793983876705, 0.011836085468530655, 0.011585269123315811, 0.01129539031535387, 0.011057427152991295, 0.010846146382391453, 0.010614857077598572, 0.01041572168469429, 0.010244901292026043, 0.010060875676572323, 0.00988820567727089, 0.009779227897524834, 0.009718489833176136]
train/correction_patch_optimal_scalar: [-0.3270346224308014, -0.2363613098859787, 0.06918253749608994, 0.33770447969436646, 0.7277706861495972, 1.6171952486038208, 2.6414825916290283, 3.1724936962127686, 3.408947467803955, 3.97568941116333, 5.022555828094482, 5.9349141120910645, 6.562491416931152, 7.135544776916504, 7.61928129196167, 8.248842239379883, 8.843769073486328, 9.347787857055664, 9.503257751464844, 10.28247356414795, 11.39279556274414, 12.171358108520508, 12.520334243774414, 12.573871612548828, 12.780558586120605, 12.9910249710083, 13.130375862121582, 13.152235984802246, 13.040806770324707, 12.730794906616211, 12.590158462524414, 12.796014785766602, 13.255520820617676, 13.715335845947266, 13.781017303466797, 13.233658790588379, 12.80161190032959, 13.099000930786133, 13.4630126953125, 13.751147270202637, 13.936100959777832, 14.627164840698242, 15.7293701171875, 16.28435707092285, 16.813505172729492]
[test]
test/correction_beneficial_ratio: 0.4674185514450073
test/correction_beneficial_ratio_far: 0.4974937438964844
test/correction_beneficial_ratio_middle: 0.4342522919178009
test/correction_beneficial_ratio_near: 0.4705096185207367
test/correction_cosine_far: -0.010025211609899998
test/correction_cosine_mean: -0.03146985545754433
test/correction_cosine_middle: -0.07667271047830582
test/correction_cosine_near: -0.007711708080023527
test/correction_magnitude_ratio_far: 0.008364412933588028
test/correction_magnitude_ratio_mean: 0.017217669636011124
test/correction_magnitude_ratio_middle: 0.01283240970224142
test/correction_magnitude_ratio_near: 0.030456170439720154
test/correction_optimal_scalar_far: -19.031627655029297
test/correction_optimal_scalar_mean: -12.139410018920898
test/correction_optimal_scalar_middle: -15.396231651306152
test/correction_optimal_scalar_near: -1.9903680086135864
test/correction_patch_beneficial_ratio: [0.4498746991157532, 0.46992480754852295, 0.5338345766067505, 0.5413534045219421, 0.5751879811286926, 0.5764411091804504, 0.5438596606254578, 0.49498745799064636, 0.43358394503593445, 0.4022556245326996, 0.4197995066642761, 0.44611528515815735, 0.40977442264556885, 0.3796992599964142, 0.380952388048172, 0.4035087823867798, 0.448621541261673, 0.44736841320991516, 0.4674185514450073, 0.45739349722862244, 0.4636591374874115, 0.4536340832710266, 0.4310776889324188, 0.4135338366031647, 0.40977442264556885, 0.4047619104385376, 0.4072681665420532, 0.4135338366031647, 0.4385964870452881, 0.4536340832710266, 0.4498746991157532, 0.45864662528038025, 0.4611528813838959, 0.47117793560028076, 0.4749373495578766, 0.48370927572250366, 0.49624061584472656, 0.5162907242774963, 0.5100250840187073, 0.5075187683105469, 0.5125313401222229, 0.5100250840187073, 0.5213032364845276, 0.5350877046585083, 0.5538846850395203]
test/correction_patch_cosine: [-0.026344528421759605, -0.006680397316813469, 0.0424494594335556, 0.08139412105083466, 0.09721145033836365, 0.08592759817838669, 0.056335363537073135, 0.01493907067924738, -0.020901866257190704, -0.03381545469164848, -0.04384663701057434, -0.06707143038511276, -0.08960463106632233, -0.10326479375362396, -0.10240267217159271, -0.08895701915025711, -0.07049665600061417, -0.058831509202718735, -0.05886048078536987, -0.05406001955270767, -0.048853449523448944, -0.06020854786038399, -0.07755734026432037, -0.09439539909362793, -0.09210864454507828, -0.09861589968204498, -0.09775891155004501, -0.09286162257194519, -0.08220694959163666, -0.07431811094284058, -0.06673573702573776, -0.05831622704863548, -0.054733071476221085, -0.04398629814386368, -0.03596070036292076, -0.021522417664527893, -0.009114783257246017, -0.0011199654545634985, 0.004490947816520929, 0.011218300089240074, 0.01631777547299862, 0.013597247190773487, 0.021758249029517174, 0.03267952799797058, 0.04104942828416824]
test/correction_patch_magnitude_ratio: [0.08070347458124161, 0.05359416455030441, 0.042363863438367844, 0.0358659066259861, 0.031249921768903732, 0.02679719403386116, 0.025039315223693848, 0.02356567047536373, 0.02235172688961029, 0.021258411929011345, 0.020302673801779747, 0.019331637769937515, 0.01848733052611351, 0.018036628141999245, 0.017894772812724113, 0.017434684559702873, 0.016442498192191124, 0.015135153196752071, 0.014319845475256443, 0.01353122852742672, 0.012820741161704063, 0.012371218763291836, 0.012130445800721645, 0.01183996256440878, 0.011504823341965675, 0.011274607852101326, 0.011178429238498211, 0.011076762340962887, 0.010834189131855965, 0.010591649450361729, 0.0103688333183527, 0.010089565999805927, 0.009812254458665848, 0.00965647492557764, 0.009308923967182636, 0.008935736492276192, 0.008538716472685337, 0.008173785172402859, 0.007867790758609772, 0.007581825368106365, 0.007318636402487755, 0.007127251476049423, 0.006977973505854607, 0.006898991763591766, 0.006809447426348925]
test/correction_patch_optimal_scalar: [-0.3966113328933716, -0.16229698061943054, 1.0665422677993774, 2.210871458053589, 2.4061665534973145, 2.4112205505371094, 2.3624427318573, 1.0373692512512207, -0.058036528527736664, -1.3137222528457642, -2.956878900527954, -5.766765594482422, -7.986191272735596, -10.505724906921387, -12.203937530517578, -13.344779014587402, -13.591398239135742, -13.296242713928223, -12.622905731201172, -11.81515884399414, -11.228549003601074, -12.367472648620605, -14.350265502929688, -16.23488426208496, -15.695717811584473, -17.074134826660156, -17.835426330566406, -19.332094192504883, -20.3330020904541, -21.82125473022461, -23.25733184814453, -23.598125457763672, -24.207395553588867, -24.479347229003906, -24.265520095825195, -22.076622009277344, -20.03327178955078, -18.856660842895508, -18.248092651367188, -16.762475967407227, -15.899421691894531, -17.178964614868164, -15.624958038330078, -12.095008850097656, -8.89141845703125]
