[train]
train/correction_beneficial_ratio: 0.5047846436500549
train/correction_beneficial_ratio_far: 0.5184370875358582
train/correction_beneficial_ratio_middle: 0.5246951580047607
train/correction_beneficial_ratio_near: 0.4712216556072235
train/correction_cosine_far: 0.03842385113239288
train/correction_cosine_mean: 0.03196798637509346
train/correction_cosine_middle: 0.044615209102630615
train/correction_cosine_near: 0.012864905409514904
train/correction_magnitude_ratio_far: 0.06017095968127251
train/correction_magnitude_ratio_mean: 0.07183312624692917
train/correction_magnitude_ratio_middle: 0.06505362689495087
train/correction_magnitude_ratio_near: 0.09027470648288727
train/correction_optimal_scalar_far: 0.9584659337997437
train/correction_optimal_scalar_mean: 0.8292070031166077
train/correction_optimal_scalar_middle: 1.031482219696045
train/correction_optimal_scalar_near: 0.4976724684238434
train/correction_patch_beneficial_ratio: [0.41197606921195984, 0.48900043964385986, 0.5209841728210449, 0.5249615907669067, 0.4822525680065155, 0.4364713728427887, 0.4329054057598114, 0.4676596522331238, 0.5006857514381409, 0.5335472822189331, 0.5633366107940674, 0.5586734414100647, 0.5387316346168518, 0.5102314949035645, 0.48315778374671936, 0.4860379695892334, 0.5019475817680359, 0.5263056755065918, 0.5442725419998169, 0.550554096698761, 0.5367840528488159]
train/correction_patch_cosine: [-0.015810072422027588, 0.03221745043992996, 0.051243867725133896, 0.05111740529537201, 0.011571880429983139, -0.021684842184185982, -0.01860108971595764, 0.004643716383725405, 0.02935919538140297, 0.05222783237695694, 0.07178431004285812, 0.06971891969442368, 0.05392974242568016, 0.03064258210361004, 0.011800473555922508, 0.01558744441717863, 0.02818169817328453, 0.0447542779147625, 0.058910686522722244, 0.060100723057985306, 0.04963148385286331]
train/correction_patch_magnitude_ratio: [0.12273086607456207, 0.0860762745141983, 0.07968733459711075, 0.08282482624053955, 0.08682696521282196, 0.08911898732185364, 0.08465782552957535, 0.07471811771392822, 0.06502683460712433, 0.05979539453983307, 0.0584598146378994, 0.061401281505823135, 0.06559988111257553, 0.07037440687417984, 0.0724843293428421, 0.06884577125310898, 0.06109865754842758, 0.054788537323474884, 0.052693311125040054, 0.05368872359395027, 0.05759737268090248]
train/correction_patch_optimal_scalar: [-0.14053231477737427, 0.4535357654094696, 0.8964629173278809, 1.0881836414337158, 0.6573415994644165, 0.28204724192619324, 0.24666790664196014, 0.507312536239624, 0.7647736668586731, 0.913455069065094, 1.3177233934402466, 1.4157054424285889, 1.3052781820297241, 0.9961304068565369, 0.62230384349823, 0.5869889259338379, 0.805844247341156, 1.0590925216674805, 1.2131874561309814, 1.265960454940796, 1.1558855772018433]
[test]
test/correction_beneficial_ratio: 0.5344449281692505
test/correction_beneficial_ratio_far: 0.5293582081794739
test/correction_beneficial_ratio_middle: 0.5355742573738098
test/correction_beneficial_ratio_near: 0.5384023189544678
test/correction_cosine_far: 0.04118146747350693
test/correction_cosine_mean: 0.05083240941166878
test/correction_cosine_middle: 0.048712171614170074
test/correction_cosine_near: 0.06260360032320023
test/correction_magnitude_ratio_far: 0.04363436996936798
test/correction_magnitude_ratio_mean: 0.0516575425863266
test/correction_magnitude_ratio_middle: 0.0465172603726387
test/correction_magnitude_ratio_near: 0.06482094526290894
test/correction_optimal_scalar_far: 0.8407684564590454
test/correction_optimal_scalar_mean: 0.9733183979988098
test/correction_optimal_scalar_middle: 0.9509152770042419
test/correction_optimal_scalar_near: 1.1282709836959839
test/correction_patch_beneficial_ratio: [0.4721677899360657, 0.5271462202072144, 0.551548421382904, 0.5780086517333984, 0.5662485361099243, 0.5450803637504578, 0.5286162495613098, 0.5360642671585083, 0.5457663536071777, 0.5222461819648743, 0.5171501636505127, 0.5309682488441467, 0.5514504313468933, 0.54537433385849, 0.5296942591667175, 0.5215601921081543, 0.528910219669342, 0.5427283644676208, 0.5368483066558838, 0.5204821825027466, 0.5252842307090759]
test/correction_patch_cosine: [0.028486618772149086, 0.050819795578718185, 0.07567326724529266, 0.09146777540445328, 0.07843334227800369, 0.06434522569179535, 0.04899926483631134, 0.05361014977097511, 0.06029582396149635, 0.03972509875893593, 0.03531649708747864, 0.043079815804958344, 0.056387025862932205, 0.052570756524801254, 0.03809916973114014, 0.03229318931698799, 0.03778519108891487, 0.05557723343372345, 0.04726164788007736, 0.0303072277456522, 0.04694658890366554]
test/correction_patch_magnitude_ratio: [0.10163772106170654, 0.06662295013666153, 0.058767277747392654, 0.057490959763526917, 0.056941092014312744, 0.05707480385899544, 0.055212024599313736, 0.05175052583217621, 0.04877401888370514, 0.04519378021359444, 0.043224092572927475, 0.04408048093318939, 0.045834776014089584, 0.046763211488723755, 0.04690348356962204, 0.046068668365478516, 0.04400312528014183, 0.04307502508163452, 0.041790809482336044, 0.04101042076945305, 0.042589180171489716]
test/correction_patch_optimal_scalar: [-0.16147831082344055, 0.24106965959072113, 1.159478783607483, 1.8823952674865723, 1.9753315448760986, 1.6743491888046265, 1.1267547607421875, 0.8904600143432617, 0.9591279029846191, 0.528874397277832, 0.5043430328369141, 0.8847430348396301, 1.4189567565917969, 1.4699032306671143, 1.086350440979004, 0.744983971118927, 0.7614367604255676, 1.083746075630188, 0.9401861429214478, 0.46866172552108765, 0.800013542175293]
