[train]
train/correction_beneficial_ratio: 0.5327426195144653
train/correction_beneficial_ratio_far: 0.5627007484436035
train/correction_beneficial_ratio_middle: 0.5389904379844666
train/correction_beneficial_ratio_near: 0.4965367317199707
train/correction_cosine_far: 0.07180742174386978
train/correction_cosine_mean: 0.04791003465652466
train/correction_cosine_middle: 0.05494856834411621
train/correction_cosine_near: 0.016974082216620445
train/correction_magnitude_ratio_far: 0.024953646585345268
train/correction_magnitude_ratio_mean: 0.027686571702361107
train/correction_magnitude_ratio_middle: 0.02648446522653103
train/correction_magnitude_ratio_near: 0.031621623784303665
train/correction_optimal_scalar_far: 3.842482805252075
train/correction_optimal_scalar_mean: 2.7972793579101562
train/correction_optimal_scalar_middle: 3.1489579677581787
train/correction_optimal_scalar_near: 1.4003958702087402
train/correction_patch_beneficial_ratio: [0.4674760401248932, 0.4788498282432556, 0.4716932773590088, 0.47859424352645874, 0.4848562180995941, 0.47795528173446655, 0.4968689978122711, 0.4957188367843628, 0.4834504723548889, 0.498658150434494, 0.507220447063446, 0.5165495276451111, 0.5315015912055969, 0.5377635955810547, 0.5208945870399475, 0.5240894556045532, 0.5284345149993896, 0.5143769979476929, 0.5224280953407288, 0.543258786201477, 0.5419808030128479, 0.5407028794288635, 0.5505431294441223, 0.5400639176368713, 0.5555271506309509, 0.5569329261779785, 0.5410862565040588, 0.5428754091262817, 0.5483705997467041, 0.5341852903366089, 0.5431309938430786, 0.5437699556350708, 0.5484983921051025, 0.5523322820663452, 0.5460702776908875, 0.5493929982185364, 0.5495207905769348, 0.5533546209335327, 0.5679233074188232, 0.5740575194358826, 0.5923322439193726, 0.5818530321121216, 0.5790415406227112, 0.5853034853935242, 0.5739297270774841]
train/correction_patch_cosine: [0.00030775004415772855, 0.0009484619367867708, -0.001870234147645533, 0.0026295895222574472, 0.006657395977526903, 0.004258656874299049, 0.013395056128501892, 0.01830364391207695, 0.01220372412353754, 0.0175921767950058, 0.02150449901819229, 0.03159341588616371, 0.04253401607275009, 0.045946016907691956, 0.03860720619559288, 0.04030398279428482, 0.04431789740920067, 0.03723502531647682, 0.047311969101428986, 0.05687788873910904, 0.056714415550231934, 0.05675669014453888, 0.06286193430423737, 0.059495434165000916, 0.06585397571325302, 0.06464534997940063, 0.05808006227016449, 0.0583932027220726, 0.061210256069898605, 0.05417037755250931, 0.05631963536143303, 0.057097241282463074, 0.05843029543757439, 0.06217055767774582, 0.06231662258505821, 0.06356584280729294, 0.06452681124210358, 0.06911207735538483, 0.0763733759522438, 0.08212410658597946, 0.08885182440280914, 0.08590225130319595, 0.08338833600282669, 0.08559558540582657, 0.08133690059185028]
train/correction_patch_magnitude_ratio: [0.04348226264119148, 0.03672928735613823, 0.03502301126718521, 0.0323348343372345, 0.032231517136096954, 0.03190387040376663, 0.030929341912269592, 0.030673976987600327, 0.030074184760451317, 0.029355818405747414, 0.02872704714536667, 0.02856452390551567, 0.028094472363591194, 0.02824069745838642, 0.027959389612078667, 0.027554849162697792, 0.027430929243564606, 0.027398666366934776, 0.027021605521440506, 0.026914183050394058, 0.026793723925948143, 0.02648972161114216, 0.026396263390779495, 0.026572952046990395, 0.026154719293117523, 0.026064308360219002, 0.025997692719101906, 0.025503113865852356, 0.02552713453769684, 0.025447113439440727, 0.025439608842134476, 0.025640955194830894, 0.025614425539970398, 0.025261711329221725, 0.025214772671461105, 0.025068344548344612, 0.0250045545399189, 0.024780675768852234, 0.024965595453977585, 0.024720536544919014, 0.024732084944844246, 0.02475067786872387, 0.024345703423023224, 0.02442491613328457, 0.02433987334370613]
train/correction_patch_optimal_scalar: [0.46066224575042725, 0.4350526034832001, 0.5539673566818237, 0.7057487964630127, 0.9389898180961609, 0.916752278804779, 1.3864103555679321, 1.5591750144958496, 1.2674065828323364, 1.4928178787231445, 1.5488334894180298, 1.9428476095199585, 2.5078279972076416, 2.778616189956665, 2.5108304023742676, 2.4513368606567383, 2.7296242713928223, 2.506751775741577, 2.9621939659118652, 3.3871467113494873, 3.42516827583313, 3.338324785232544, 3.560819149017334, 3.3981800079345703, 3.675849199295044, 3.5436553955078125, 3.193352222442627, 3.154942750930786, 3.115095376968384, 2.7919483184814453, 2.8985495567321777, 2.9079651832580566, 3.04250168800354, 3.2269229888916016, 3.187443971633911, 3.4567391872406006, 3.534207820892334, 3.7766661643981934, 4.19482421875, 4.4313578605651855, 4.883065700531006, 4.705871105194092, 4.475122451782227, 4.608290195465088, 4.3077168464660645]
[test]
test/correction_beneficial_ratio: 0.514998197555542
test/correction_beneficial_ratio_far: 0.5257133841514587
test/correction_beneficial_ratio_middle: 0.5001388192176819
test/correction_beneficial_ratio_near: 0.5191423892974854
test/correction_cosine_far: 0.026247208938002586
test/correction_cosine_mean: 0.02319505624473095
test/correction_cosine_middle: 0.01002515759319067
test/correction_cosine_near: 0.03331279009580612
test/correction_magnitude_ratio_far: 0.024634644389152527
test/correction_magnitude_ratio_mean: 0.027301738038659096
test/correction_magnitude_ratio_middle: 0.02690746635198593
test/correction_magnitude_ratio_near: 0.03036315180361271
test/correction_optimal_scalar_far: 1.590167760848999
test/correction_optimal_scalar_mean: 1.7738871574401855
test/correction_optimal_scalar_middle: 1.3505055904388428
test/correction_optimal_scalar_near: 2.380986213684082
test/correction_patch_beneficial_ratio: [0.45025449991226196, 0.4298935532569885, 0.4409995377063751, 0.44007402658462524, 0.45210549235343933, 0.47431743144989014, 0.5076353549957275, 0.5585377216339111, 0.5474317669868469, 0.5816751718521118, 0.5960203409194946, 0.5830634236335754, 0.5960203409194946, 0.564553439617157, 0.564553439617157, 0.5714946985244751, 0.5414159893989563, 0.5275335311889648, 0.5104118585586548, 0.5094863772392273, 0.4974548816680908, 0.48912540078163147, 0.47339195013046265, 0.4659879803657532, 0.5034705996513367, 0.5006940960884094, 0.48681166768074036, 0.47478020191192627, 0.4738546907901764, 0.4761684536933899, 0.5016196370124817, 0.49560388922691345, 0.5067098736763, 0.5219805836677551, 0.5256825685501099, 0.5247570276260376, 0.551596462726593, 0.545117974281311, 0.5576122403144836, 0.5474317669868469, 0.5400277376174927, 0.5113373398780823, 0.5159648060798645, 0.5229060649871826, 0.5173530578613281]
test/correction_patch_cosine: [-0.01259278692305088, -0.030201757326722145, -0.023785484954714775, -0.024349479004740715, -0.010660993866622448, 0.011976993642747402, 0.03214701637625694, 0.056969061493873596, 0.04990710690617561, 0.06314241141080856, 0.07551494240760803, 0.08171209692955017, 0.08399315923452377, 0.07801681756973267, 0.06790249049663544, 0.05983215570449829, 0.043843213468790054, 0.02577780932188034, 0.007223188411444426, 0.010581915266811848, 0.014267963357269764, -0.0020144504960626364, -0.010110232047736645, -0.01646621711552143, 0.0009992426494136453, 0.015229140408337116, 0.006859451066702604, 0.0017627370543777943, -0.003074111184105277, -0.004334168042987585, 0.005077746231108904, 0.0029002611991018057, 0.018181193619966507, 0.012658168561756611, 0.023233750835061073, 0.0252742487937212, 0.03833358734846115, 0.04767037183046341, 0.05510615184903145, 0.0371270589530468, 0.032489191740751266, 0.022746115922927856, 0.01785738207399845, 0.0262365210801363, 0.028816696256399155]
test/correction_patch_magnitude_ratio: [0.037767648696899414, 0.033759620040655136, 0.03226344659924507, 0.030657431110739708, 0.03144011273980141, 0.030953872948884964, 0.030495822429656982, 0.030415238812565804, 0.02960168570280075, 0.028927670791745186, 0.028423523530364037, 0.028209233656525612, 0.027459653094410896, 0.027688831090927124, 0.02738318219780922, 0.026875117793679237, 0.0274474136531353, 0.027786118909716606, 0.027780681848526, 0.0278148390352726, 0.027073094621300697, 0.02663465403020382, 0.02651253342628479, 0.026484990492463112, 0.025871269404888153, 0.026481948792934418, 0.02684367075562477, 0.026163099333643913, 0.027012377977371216, 0.026830054819583893, 0.026764314621686935, 0.02716055139899254, 0.02659120038151741, 0.0257201436907053, 0.025678575038909912, 0.025267185643315315, 0.02489377371966839, 0.024402931332588196, 0.0241529680788517, 0.02360631339251995, 0.023558948189020157, 0.023421544581651688, 0.022892510518431664, 0.02282986044883728, 0.0225786492228508]
test/correction_patch_optimal_scalar: [0.292053759098053, -0.42963942885398865, -0.3228335976600647, -0.2692915201187134, 0.47290003299713135, 1.6209149360656738, 2.274807929992676, 3.3828017711639404, 3.088590621948242, 3.254589080810547, 3.6913185119628906, 4.592020034790039, 5.035431385040283, 4.636782646179199, 4.3943634033203125, 3.7496488094329834, 3.0698511600494385, 2.498563289642334, 1.4817317724227905, 1.5951759815216064, 1.4402692317962646, 0.6578806638717651, 0.1849944293498993, -0.14745213091373444, 0.6298370361328125, 1.0354533195495605, 1.2410953044891357, 1.2315119504928589, 0.7053132653236389, 0.8837272524833679, 1.2018555402755737, 0.6513282656669617, 1.3502438068389893, 1.070687174797058, 1.2093504667282104, 1.3385993242263794, 2.174685001373291, 2.5812747478485107, 2.775266408920288, 2.0941109657287598, 1.6062690019607544, 1.0347861051559448, 0.912662148475647, 1.5263646841049194, 2.325021266937256]
