[train]
train/correction_beneficial_ratio: 0.5468118190765381
train/correction_beneficial_ratio_far: 0.5110896825790405
train/correction_beneficial_ratio_middle: 0.5635600090026855
train/correction_beneficial_ratio_near: 0.5657857656478882
train/correction_cosine_far: 0.011528583243489265
train/correction_cosine_mean: 0.04624524712562561
train/correction_cosine_middle: 0.05879998207092285
train/correction_cosine_near: 0.06840714812278748
train/correction_magnitude_ratio_far: 0.024459615349769592
train/correction_magnitude_ratio_mean: 0.027981039136648178
train/correction_magnitude_ratio_middle: 0.024467984214425087
train/correction_magnitude_ratio_near: 0.035015542060136795
train/correction_optimal_scalar_far: 0.9788447618484497
train/correction_optimal_scalar_mean: 2.027069091796875
train/correction_optimal_scalar_middle: 2.914417266845703
train/correction_optimal_scalar_near: 2.187946081161499
train/correction_patch_beneficial_ratio: [0.5378812551498413, 0.534233033657074, 0.5506912469863892, 0.586871862411499, 0.5809469223022461, 0.5693712830543518, 0.6005046963691711, 0.6071977019309998, 0.6052775979042053, 0.5934277176856995, 0.580892026424408, 0.5530228018760681, 0.5197224020957947, 0.4853796362876892, 0.46521833539009094, 0.46456003189086914, 0.47657451033592224, 0.5114384293556213, 0.5530776977539062, 0.5676157474517822, 0.5391430854797363]
train/correction_patch_cosine: [0.05373435840010643, 0.04646972939372063, 0.0582897812128067, 0.08124933391809464, 0.07859523594379425, 0.06768130511045456, 0.09283042699098587, 0.10200252383947372, 0.10201548784971237, 0.08851224184036255, 0.0716099739074707, 0.047759611159563065, 0.015512569807469845, -0.015812499448657036, -0.03320525586605072, -0.02917313016951084, -0.01542783621698618, 0.012751092202961445, 0.0475277416408062, 0.06172560155391693, 0.036501917988061905]
train/correction_patch_magnitude_ratio: [0.053992386907339096, 0.03884626924991608, 0.035000767558813095, 0.032745201140642166, 0.030613811686635017, 0.027935048565268517, 0.025975288823246956, 0.0256502628326416, 0.024446483701467514, 0.022737614810466766, 0.021580293774604797, 0.022488398477435112, 0.025365378707647324, 0.029007449746131897, 0.031202780082821846, 0.030711950734257698, 0.027451682835817337, 0.023345686495304108, 0.01989184506237507, 0.01848706603050232, 0.02012615278363228]
train/correction_patch_optimal_scalar: [0.8460879921913147, 0.8733567595481873, 1.3649845123291016, 2.7306182384490967, 2.69189453125, 2.4664857387542725, 4.342203140258789, 4.624019145965576, 4.731522560119629, 4.445291519165039, 3.383211612701416, 2.264237403869629, 0.9521317481994629, 0.0004954703035764396, -0.5690364837646484, -0.5372235178947449, 0.025717323645949364, 1.0812278985977173, 2.306946277618408, 3.0098655223846436, 1.534417986869812]
[test]
test/correction_beneficial_ratio: 0.5336982607841492
test/correction_beneficial_ratio_far: 0.5163941383361816
test/correction_beneficial_ratio_middle: 0.5403903126716614
test/correction_beneficial_ratio_near: 0.5443103313446045
test/correction_cosine_far: 0.01183945033699274
test/correction_cosine_mean: 0.034565847367048264
test/correction_cosine_middle: 0.04235311597585678
test/correction_cosine_near: 0.04950496926903725
test/correction_magnitude_ratio_far: 0.0166612695902586
test/correction_magnitude_ratio_mean: 0.02035306580364704
test/correction_magnitude_ratio_middle: 0.017341524362564087
test/correction_magnitude_ratio_near: 0.027056366205215454
test/correction_optimal_scalar_far: 1.3732978105545044
test/correction_optimal_scalar_mean: 1.702955961227417
test/correction_optimal_scalar_middle: 2.1119847297668457
test/correction_optimal_scalar_near: 1.623584508895874
test/correction_patch_beneficial_ratio: [0.5149941444396973, 0.5629165172576904, 0.5569384694099426, 0.5801646709442139, 0.5251861810684204, 0.5173461437225342, 0.5526264309883118, 0.569678544998169, 0.5721285939216614, 0.5382202863693237, 0.5132300853729248, 0.5218541622161865, 0.5401803255081177, 0.5274401903152466, 0.5117601156234741, 0.513818085193634, 0.5348882675170898, 0.54400235414505, 0.5118581056594849, 0.49029791355133057, 0.5081340670585632]
test/correction_patch_cosine: [0.03429568186402321, 0.07210978120565414, 0.06388538330793381, 0.06891392916440964, 0.02272191271185875, 0.02588849514722824, 0.05871960148215294, 0.07309755682945251, 0.07456088811159134, 0.038118693977594376, 0.017385464161634445, 0.03521081805229187, 0.03966671600937843, 0.018431544303894043, 0.006409693509340286, 0.009313811548054218, 0.026368359103798866, 0.03656614571809769, 0.006636146456003189, -0.01323574036359787, 0.010817964561283588]
test/correction_patch_magnitude_ratio: [0.04617316648364067, 0.031804829835891724, 0.02665800228714943, 0.024150697514414787, 0.02152351662516594, 0.020007314160466194, 0.01907719112932682, 0.018715130165219307, 0.01834145002067089, 0.01709342747926712, 0.015976926311850548, 0.016012653708457947, 0.017030254006385803, 0.01822088658809662, 0.019113413989543915, 0.01911281608045101, 0.01786271668970585, 0.016353102400898933, 0.015033373609185219, 0.01420766580849886, 0.014945837669074535]
test/correction_patch_optimal_scalar: [0.44678202271461487, 1.5092136859893799, 2.0246341228485107, 3.4553582668304443, 0.8035315871238708, 0.7884236574172974, 2.337149143218994, 2.890933036804199, 3.3160769939422607, 1.7322193384170532, 0.34999942779541016, 2.050150156021118, 2.6642353534698486, 1.7802718877792358, 1.388766884803772, 1.372800588607788, 2.6262547969818115, 3.687000036239624, 1.2497695684432983, -0.9843089580535889, 0.27281472086906433]
