[train]
train/correction_beneficial_ratio: 0.5437277555465698
train/correction_beneficial_ratio_far: 0.5196025967597961
train/correction_beneficial_ratio_middle: 0.5669780373573303
train/correction_beneficial_ratio_near: 0.544602632522583
train/correction_cosine_far: 0.04917344078421593
train/correction_cosine_mean: 0.063936248421669
train/correction_cosine_middle: 0.09378372132778168
train/correction_cosine_near: 0.04885154590010643
train/correction_magnitude_ratio_far: 0.014143306761980057
train/correction_magnitude_ratio_mean: 0.02223631739616394
train/correction_magnitude_ratio_middle: 0.017518049106001854
train/correction_magnitude_ratio_near: 0.03504759445786476
train/correction_optimal_scalar_far: 4.445040225982666
train/correction_optimal_scalar_mean: 5.442038536071777
train/correction_optimal_scalar_middle: 8.537208557128906
train/correction_optimal_scalar_near: 3.3438613414764404
train/correction_patch_beneficial_ratio: [0.4971085488796234, 0.4810943007469177, 0.4793149530887604, 0.49755337834358215, 0.5020017623901367, 0.5344750881195068, 0.5493772029876709, 0.5475978851318359, 0.5678380727767944, 0.5738434195518494, 0.5693950057029724, 0.5778470039367676, 0.5927491188049316, 0.602535605430603, 0.5963078141212463, 0.5889679789543152, 0.5889679789543152, 0.601201057434082, 0.5907473564147949, 0.584964394569397, 0.601201057434082, 0.5780693888664246, 0.5651690363883972, 0.560943067073822, 0.5620551705360413, 0.5538256168365479, 0.5375889539718628, 0.5369216799736023, 0.5320284962654114, 0.5220195651054382, 0.5108985900878906, 0.5117882490158081, 0.5093416571617126, 0.5122330784797668, 0.5124555230140686, 0.5131227970123291, 0.5169039368629456, 0.5197953581809998, 0.5129003524780273, 0.5258007049560547, 0.5226868391036987, 0.5186832547187805, 0.5246886014938354, 0.5455960631370544, 0.537144124507904]
train/correction_patch_cosine: [0.025041967630386353, -0.011821587570011616, -0.0035781613551080227, 0.010507702827453613, 0.022103017196059227, 0.038691017776727676, 0.05796685069799423, 0.059190426021814346, 0.06743814051151276, 0.06971533596515656, 0.0697336345911026, 0.07294429838657379, 0.0820796936750412, 0.0852176770567894, 0.08754260838031769, 0.08797655999660492, 0.09337746351957321, 0.0983414426445961, 0.09763697534799576, 0.10180331021547318, 0.1069360002875328, 0.1064378023147583, 0.10205720365047455, 0.09828110039234161, 0.09888744354248047, 0.08943943679332733, 0.08477405458688736, 0.084874227643013, 0.08092501759529114, 0.07500860840082169, 0.06715786457061768, 0.06346864253282547, 0.05781154707074165, 0.05583789944648743, 0.05343286693096161, 0.04803986847400665, 0.0445389449596405, 0.043234292417764664, 0.0434565544128418, 0.04448487609624863, 0.043258991092443466, 0.04045061022043228, 0.04135901853442192, 0.0448077954351902, 0.04626235365867615]
train/correction_patch_magnitude_ratio: [0.08228546380996704, 0.056020140647888184, 0.045972540974617004, 0.04060333967208862, 0.036378007382154465, 0.03274308145046234, 0.029865607619285583, 0.028460929170250893, 0.02715255506336689, 0.02621527761220932, 0.025553956627845764, 0.025141427293419838, 0.024201525375247, 0.022939413785934448, 0.022180642932653427, 0.02143508940935135, 0.02043217234313488, 0.019410576671361923, 0.018645422533154488, 0.018046056851744652, 0.017570847645401955, 0.017305579036474228, 0.017182176932692528, 0.017122987657785416, 0.016604961827397346, 0.016230152919888496, 0.01610197126865387, 0.015788447111845016, 0.01549235824495554, 0.015401950106024742, 0.015332634560763836, 0.015157869085669518, 0.015211476944386959, 0.01508241519331932, 0.014866886660456657, 0.014523778110742569, 0.014292475767433643, 0.014102461747825146, 0.013768838718533516, 0.013572628609836102, 0.01345639955252409, 0.013348883017897606, 0.013211039826273918, 0.013131602667272091, 0.013090222142636776]
train/correction_patch_optimal_scalar: [0.9306265115737915, 0.522481381893158, 0.8221715092658997, 1.0965906381607056, 1.2776330709457397, 1.6825653314590454, 2.53731632232666, 3.4305050373077393, 3.981616497039795, 4.500396251678467, 5.119158744812012, 5.217535495758057, 5.637887477874756, 6.341038703918457, 7.060390949249268, 7.40249490737915, 7.849582672119141, 8.502443313598633, 8.520716667175293, 9.000682830810547, 9.960693359375, 10.42955207824707, 10.114282608032227, 9.330991744995117, 9.370424270629883, 8.472504615783691, 7.7707929611206055, 7.396353244781494, 7.083913326263428, 6.852719783782959, 6.077850818634033, 5.461474418640137, 4.764255523681641, 4.806168556213379, 4.861449718475342, 4.2746381759643555, 3.7631001472473145, 3.286043643951416, 3.297434091567993, 3.276183843612671, 3.4231455326080322, 3.7623255252838135, 4.535344123840332, 5.39352560043335, 5.692721366882324]
[test]
test/correction_beneficial_ratio: 0.45611250400543213
test/correction_beneficial_ratio_far: 0.42005011439323425
test/correction_beneficial_ratio_middle: 0.44060149788856506
test/correction_beneficial_ratio_near: 0.5076858997344971
test/correction_cosine_far: -0.150629922747612
test/correction_cosine_mean: -0.07988448441028595
test/correction_cosine_middle: -0.09142172336578369
test/correction_cosine_near: 0.0023981884587556124
test/correction_magnitude_ratio_far: 0.008046640083193779
test/correction_magnitude_ratio_mean: 0.01533738523721695
test/correction_magnitude_ratio_middle: 0.011827009730041027
test/correction_magnitude_ratio_near: 0.02613851986825466
test/correction_optimal_scalar_far: -28.813655853271484
test/correction_optimal_scalar_mean: -14.87846565246582
test/correction_optimal_scalar_middle: -13.842694282531738
test/correction_optimal_scalar_near: -1.9790599346160889
test/correction_patch_beneficial_ratio: [0.5939849615097046, 0.602756917476654, 0.6528822183609009, 0.6553884744644165, 0.5852130055427551, 0.5664160251617432, 0.5213032364845276, 0.4661654233932495, 0.4373433589935303, 0.4523809552192688, 0.43358394503593445, 0.4047619104385376, 0.3934836983680725, 0.4160400927066803, 0.43358394503593445, 0.44486215710639954, 0.4536340832710266, 0.4636591374874115, 0.4774436056613922, 0.4749373495578766, 0.4661654233932495, 0.47117793560028076, 0.44736841320991516, 0.4248120188713074, 0.4060150384902954, 0.40977442264556885, 0.4010024964809418, 0.4160400927066803, 0.4160400927066803, 0.43609023094177246, 0.43483710289001465, 0.4260651767253876, 0.4436090290546417, 0.4611528813838959, 0.4398496150970459, 0.4310776889324188, 0.4385964870452881, 0.43233081698417664, 0.4160400927066803, 0.4035087823867798, 0.4022556245326996, 0.38596490025520325, 0.3959899842739105, 0.39724311232566833, 0.3922305703163147]
test/correction_patch_cosine: [0.1074981614947319, 0.10139655321836472, 0.13114860653877258, 0.12034013867378235, 0.09575282037258148, 0.07590525597333908, 0.037182096391916275, -0.0051575712859630585, -0.040575917810201645, -0.053312793374061584, -0.07901699841022491, -0.10517607629299164, -0.12213613092899323, -0.12509585916996002, -0.10277922451496124, -0.07965990155935287, -0.06399188935756683, -0.057779841125011444, -0.05641724169254303, -0.05356103926897049, -0.0559326596558094, -0.07002139091491699, -0.09098599851131439, -0.1060563400387764, -0.10847486555576324, -0.120595283806324, -0.12239835411310196, -0.12442312389612198, -0.1300860345363617, -0.13094304502010345, -0.13716110587120056, -0.14108867943286896, -0.1405901461839676, -0.13332146406173706, -0.13921120762825012, -0.13731786608695984, -0.13893446326255798, -0.14315730333328247, -0.15311065316200256, -0.15759234130382538, -0.16093891859054565, -0.16959889233112335, -0.17318332195281982, -0.16878660023212433, -0.16545483469963074]
test/correction_patch_magnitude_ratio: [0.06248544529080391, 0.044367898255586624, 0.0365658737719059, 0.03055568039417267, 0.026975734159350395, 0.02317490428686142, 0.02176903374493122, 0.020537491887807846, 0.019685426726937294, 0.01911873184144497, 0.0187459085136652, 0.01802906207740307, 0.017183005809783936, 0.016497813165187836, 0.016385480761528015, 0.015770504251122475, 0.014640968292951584, 0.013600308448076248, 0.01310676708817482, 0.012558834627270699, 0.012027294375002384, 0.011648688465356827, 0.011344571597874165, 0.011084772646427155, 0.010765996761620045, 0.010537431575357914, 0.010359792038798332, 0.010180537588894367, 0.009954787790775299, 0.009823966771364212, 0.009698161855340004, 0.009435686282813549, 0.009375056251883507, 0.009264776483178139, 0.008958001621067524, 0.008645696565508842, 0.008237700909376144, 0.007924162782728672, 0.007569215726107359, 0.00729542039334774, 0.007082508876919746, 0.006904437206685543, 0.00676700146868825, 0.006766792386770248, 0.0067750527523458]
test/correction_patch_optimal_scalar: [3.14577579498291, 5.190414905548096, 7.470485687255859, 7.133663177490234, 5.893810272216797, 5.7098188400268555, 4.111762523651123, 1.4824299812316895, -2.0243911743164062, -5.890845775604248, -10.042841911315918, -12.26009464263916, -13.846421241760254, -14.107823371887207, -11.651612281799316, -10.396634101867676, -10.706196784973145, -9.956686973571777, -8.48299789428711, -7.848204612731934, -8.101506233215332, -9.78567123413086, -12.004878044128418, -14.874809265136719, -15.987813949584961, -16.88799476623535, -17.119779586791992, -19.304824829101562, -22.12363624572754, -24.05879783630371, -26.59720802307129, -28.413501739501953, -28.7402400970459, -29.11139678955078, -30.108810424804688, -30.148738861083984, -29.204938888549805, -28.08913230895996, -29.20291519165039, -28.898408889770508, -29.216503143310547, -29.62188720703125, -29.488134384155273, -28.376070022583008, -26.986785888671875]
