[train]
train/correction_beneficial_ratio: 0.5143800973892212
train/correction_beneficial_ratio_far: 0.5229515433311462
train/correction_beneficial_ratio_middle: 0.5179018974304199
train/correction_beneficial_ratio_near: 0.5022867321968079
train/correction_cosine_far: 0.027732620015740395
train/correction_cosine_mean: 0.020127547904849052
train/correction_cosine_middle: 0.021442463621497154
train/correction_cosine_near: 0.011207534931600094
train/correction_magnitude_ratio_far: 0.01702273264527321
train/correction_magnitude_ratio_mean: 0.02038685791194439
train/correction_magnitude_ratio_middle: 0.01864611729979515
train/correction_magnitude_ratio_near: 0.02549171634018421
train/correction_optimal_scalar_far: 5.6684184074401855
train/correction_optimal_scalar_mean: 4.731257915496826
train/correction_optimal_scalar_middle: 5.195828437805176
train/correction_optimal_scalar_near: 3.3295209407806396
train/correction_patch_beneficial_ratio: [0.48851680755615234, 0.5159282684326172, 0.506119430065155, 0.498918354511261, 0.49388056993484497, 0.49583640694618225, 0.503956139087677, 0.4966958165168762, 0.49625128507614136, 0.4995999336242676, 0.49862203001976013, 0.5034819841384888, 0.5170247554779053, 0.5079567432403564, 0.511512815952301, 0.5201066732406616, 0.5220921635627747, 0.5290561318397522, 0.5238109230995178, 0.5067713856697083, 0.5126093029975891, 0.5094087719917297, 0.514565110206604, 0.5281671285629272, 0.5289968848228455, 0.5171136260032654, 0.5064157843589783, 0.5137057304382324, 0.509705126285553, 0.5260038375854492, 0.5303600430488586, 0.5161949992179871, 0.5172914266586304, 0.5239887237548828, 0.5193362236022949, 0.5265669226646423, 0.5223588943481445, 0.5208771824836731, 0.5191880464553833, 0.5209364295005798, 0.5177359580993652, 0.5202548503875732, 0.5344198942184448, 0.5286709070205688, 0.5260927677154541]
train/correction_patch_cosine: [0.0004832886334042996, 0.023707320913672447, 0.017457308247685432, 0.011294114403426647, 0.007822115905582905, 0.0045341672375798225, 0.009595002047717571, 0.005614590831100941, 0.007946287281811237, 0.007438187953084707, 0.00551298912614584, 0.009084194898605347, 0.019527215510606766, 0.01819472387433052, 0.019901663064956665, 0.024358408525586128, 0.026009555906057358, 0.028656426817178726, 0.024420136585831642, 0.013912900350987911, 0.01438987161964178, 0.011566930450499058, 0.018809355795383453, 0.02831762284040451, 0.030461959540843964, 0.0203247107565403, 0.016012748703360558, 0.0169932059943676, 0.018432801589369774, 0.028970517218112946, 0.032999444752931595, 0.023556480184197426, 0.02130785770714283, 0.021274736151099205, 0.023289434611797333, 0.02853826992213726, 0.02703232690691948, 0.026597367599606514, 0.02682875283062458, 0.023472193628549576, 0.02202051877975464, 0.029878374189138412, 0.03888116404414177, 0.03583937883377075, 0.0344730019569397]
train/correction_patch_magnitude_ratio: [0.04255079850554466, 0.030772054567933083, 0.027799826115369797, 0.02668803744018078, 0.025828497484326363, 0.02553912065923214, 0.02469894103705883, 0.024053454399108887, 0.023430190980434418, 0.022816520184278488, 0.02291971445083618, 0.022768283262848854, 0.021523017436265945, 0.020716335624456406, 0.020270973443984985, 0.019898511469364166, 0.019420787692070007, 0.019409336149692535, 0.01961926929652691, 0.01927034929394722, 0.018942993134260178, 0.01840031147003174, 0.018368331715464592, 0.018909573554992676, 0.01875831000506878, 0.018279019743204117, 0.017776871100068092, 0.01748248189687729, 0.017481837421655655, 0.017673801630735397, 0.017684992402791977, 0.017489798367023468, 0.01695234328508377, 0.016656290739774704, 0.016808131709694862, 0.017253601923584938, 0.017535530030727386, 0.01740860566496849, 0.01686069741845131, 0.016557155176997185, 0.01682537980377674, 0.01722683571279049, 0.017199736088514328, 0.016711298376321793, 0.016170598566532135]
train/correction_patch_optimal_scalar: [0.826076865196228, 1.5481653213500977, 5.38765287399292, 7.437014579772949, 4.186596870422363, 2.2620491981506348, 2.925508975982666, 2.473968982696533, 5.25644588470459, 7.584650993347168, 4.605050563812256, 1.017034888267517, -0.9516502022743225, -0.12522071599960327, 5.509427547454834, 10.446701049804688, 6.50750207901001, 4.73470401763916, 3.1799025535583496, 3.777296304702759, 4.50687837600708, 8.407750129699707, 6.7422966957092285, 5.16763973236084, 2.2456562519073486, 0.3831183612346649, 2.875842809677124, 7.851281642913818, 6.1041693687438965, 5.006791591644287, 3.716663122177124, 2.922635555267334, 4.688162326812744, 8.530241966247559, 7.109259605407715, 6.187442779541016, 3.7982256412506104, 3.7199349403381348, 6.174186706542969, 9.51727294921875, 7.40696382522583, 6.273968696594238, 5.3578948974609375, 3.8798928260803223, 5.743551731109619]
[test]
test/correction_beneficial_ratio: 0.49717414379119873
test/correction_beneficial_ratio_far: 0.4954417943954468
test/correction_beneficial_ratio_middle: 0.49478134512901306
test/correction_beneficial_ratio_near: 0.501299262046814
test/correction_cosine_far: 0.0035056923516094685
test/correction_cosine_mean: 0.007527873385697603
test/correction_cosine_middle: 0.006933805998414755
test/correction_cosine_near: 0.012144123204052448
test/correction_magnitude_ratio_far: 0.01616624929010868
test/correction_magnitude_ratio_mean: 0.019077260047197342
test/correction_magnitude_ratio_middle: 0.017968812957406044
test/correction_magnitude_ratio_near: 0.0230967178940773
test/correction_optimal_scalar_far: 8.536036491394043
test/correction_optimal_scalar_mean: 8.519859313964844
test/correction_optimal_scalar_middle: 9.1675443649292
test/correction_optimal_scalar_near: 7.856009483337402
test/correction_patch_beneficial_ratio: [0.48014071583747864, 0.4810665547847748, 0.4741227626800537, 0.48402926325798035, 0.4751411974430084, 0.48791778087615967, 0.5234700441360474, 0.515970766544342, 0.5316174626350403, 0.5324506759643555, 0.5201370120048523, 0.5235626101493835, 0.5161558985710144, 0.4884732961654663, 0.4852328598499298, 0.49088045954704285, 0.4981946051120758, 0.5100453495979309, 0.5103231072425842, 0.4867141842842102, 0.4902323782444, 0.507638156414032, 0.5008795261383057, 0.5010647177696228, 0.49625036120414734, 0.483751505613327, 0.48652902245521545, 0.49078789353370667, 0.4859735071659088, 0.4824553430080414, 0.48439958691596985, 0.4720859229564667, 0.49125081300735474, 0.5023608803749084, 0.49125081300735474, 0.4917137324810028, 0.4835663437843323, 0.48180723190307617, 0.4835663437843323, 0.5006017684936523, 0.5078233480453491, 0.5166188478469849, 0.5195814967155457, 0.4970836043357849, 0.5079159140586853]
test/correction_patch_cosine: [-0.018173420801758766, -0.01351647824048996, -0.019963756203651428, -0.021580057218670845, -0.01737108826637268, 0.003432866185903549, 0.03098614327609539, 0.031856637448072433, 0.0470217727124691, 0.04938840866088867, 0.03866894915699959, 0.043279219418764114, 0.03326912596821785, -0.0004013385623693466, -0.004735288675874472, 0.004210989456623793, 0.006169436499476433, 0.015918081626296043, 0.016638513654470444, 0.0002955353702418506, 0.005752788856625557, 0.021612370386719704, 0.018065333366394043, 0.018443843349814415, 0.00521012581884861, -0.008107544854283333, -0.0027580561581999063, 0.002320073312148452, 0.0006308176089078188, -0.0003950798709411174, -0.0096663236618042, -0.022654788568615913, -0.008065552450716496, 0.004649914801120758, -0.002311099087819457, -0.0023040776140987873, -0.009951930493116379, -0.01295953057706356, -0.010999985970556736, 0.012709051370620728, 0.021333610638976097, 0.03522505238652229, 0.030283868312835693, 0.009497623890638351, 0.017799541354179382]
test/correction_patch_magnitude_ratio: [0.03439750522375107, 0.025560522451996803, 0.024782884865999222, 0.023712852969765663, 0.022981448099017143, 0.023572904989123344, 0.022773252800107002, 0.022183619439601898, 0.022307677194476128, 0.021723657846450806, 0.021570580080151558, 0.021397413685917854, 0.020540105178952217, 0.019481642171740532, 0.019464803859591484, 0.019071565940976143, 0.018307924270629883, 0.018466541543602943, 0.01878570206463337, 0.01840922050178051, 0.01828613132238388, 0.017645809799432755, 0.017749032005667686, 0.018147282302379608, 0.018075473606586456, 0.017441967502236366, 0.017120493575930595, 0.01708810403943062, 0.017313169315457344, 0.017623646184802055, 0.017257390543818474, 0.016680728644132614, 0.016142813488841057, 0.015975983813405037, 0.01644112728536129, 0.016929423436522484, 0.016707710921764374, 0.016050202772021294, 0.015515398234128952, 0.015551086515188217, 0.01611001417040825, 0.016698595136404037, 0.01619131863117218, 0.015232721343636513, 0.01500921230763197]
test/correction_patch_optimal_scalar: [-1.7991317510604858, 0.966002881526947, 11.733839988708496, 20.0809326171875, 5.779850482940674, 3.464608669281006, 1.6364052295684814, 2.6280956268310547, 15.385059356689453, 20.656579971313477, 10.065707206726074, 7.708122253417969, 4.810051441192627, 4.581497669219971, 10.142487525939941, 15.931318283081055, 4.914608001708984, 6.18705940246582, 8.09659194946289, 7.952767848968506, 16.198976516723633, 21.68538475036621, 6.882369041442871, 6.623298645019531, 5.2579450607299805, 4.518356800079346, 10.544286727905273, 16.646602630615234, 3.8916966915130615, 2.181825637817383, 3.980670928955078, 3.6340413093566895, 12.001683235168457, 16.2342529296875, 4.760263919830322, 4.292454242706299, 5.2865400314331055, 5.542891502380371, 7.0895538330078125, 15.952410697937012, 8.032038688659668, 8.9310302734375, 10.400524139404297, 6.753427028656006, 15.148730278015137]
