[train]
train/correction_beneficial_ratio: 0.3700413107872009
train/correction_beneficial_ratio_far: 0.3821820616722107
train/correction_beneficial_ratio_middle: 0.355736643075943
train/correction_beneficial_ratio_near: 0.3722052574157715
train/correction_cosine_far: -0.10736948996782303
train/correction_cosine_mean: -0.11508431285619736
train/correction_cosine_middle: -0.13789142668247223
train/correction_cosine_near: -0.0999920517206192
train/correction_magnitude_ratio_far: 0.0899713858962059
train/correction_magnitude_ratio_mean: 0.09833987057209015
train/correction_magnitude_ratio_middle: 0.09374092519283295
train/correction_magnitude_ratio_near: 0.111307293176651
train/correction_optimal_scalar_far: -4.664516448974609
train/correction_optimal_scalar_mean: -3.9736850261688232
train/correction_optimal_scalar_middle: -3.680440664291382
train/correction_optimal_scalar_near: -3.576097249984741
train/correction_patch_beneficial_ratio: [0.40809008479118347, 0.40566009283065796, 0.3916431963443756, 0.3770928978919983, 0.3793747127056122, 0.37501850724220276, 0.374959260225296, 0.3705141544342041, 0.3565268814563751, 0.34882205724716187, 0.35895687341690063, 0.3603496849536896, 0.3578011691570282, 0.36363905668258667, 0.35463032126426697, 0.3538301885128021, 0.35463032126426697, 0.35104459524154663, 0.34336939454078674, 0.340820848941803, 0.33839088678359985, 0.35151875019073486, 0.35883834958076477, 0.35818639397621155, 0.3564379811286926, 0.3599940836429596, 0.3530893325805664, 0.361831396818161, 0.3762631416320801, 0.37780413031578064, 0.3712846338748932, 0.372440367937088, 0.3733590245246887, 0.3775966763496399, 0.38325679302215576, 0.3868424892425537, 0.39093199372291565, 0.39152467250823975, 0.3816269040107727, 0.3836716413497925, 0.3907245397567749, 0.38909468054771423, 0.385746031999588, 0.3795228898525238, 0.37510743737220764]
train/correction_patch_cosine: [-0.025555305182933807, -0.054922815412282944, -0.07714233547449112, -0.09266877174377441, -0.08685056120157242, -0.08889476954936981, -0.08991780132055283, -0.10621186345815659, -0.12478014826774597, -0.1299399733543396, -0.1179150864481926, -0.11844068765640259, -0.12232332676649094, -0.12652182579040527, -0.1377953737974167, -0.1383233219385147, -0.13827261328697205, -0.1433030515909195, -0.15013304352760315, -0.1547633558511734, -0.15920181572437286, -0.14836585521697998, -0.13963252305984497, -0.1363716721534729, -0.1358209252357483, -0.13366824388504028, -0.1382499635219574, -0.12553569674491882, -0.11378064751625061, -0.11294911801815033, -0.11488240212202072, -0.11427336186170578, -0.11017319560050964, -0.10274998843669891, -0.10040394961833954, -0.09918168932199478, -0.09402424842119217, -0.1006106361746788, -0.10924012959003448, -0.10361317545175552, -0.09956482797861099, -0.10499153286218643, -0.10956305265426636, -0.12004636228084564, -0.12722310423851013]
train/correction_patch_magnitude_ratio: [0.15650317072868347, 0.1232440397143364, 0.11183610558509827, 0.11039435118436813, 0.11152800172567368, 0.1151718720793724, 0.1130385771393776, 0.10773339867591858, 0.10362594574689865, 0.10320773720741272, 0.10418930649757385, 0.1071469634771347, 0.10580596327781677, 0.0998426303267479, 0.09634152799844742, 0.0955989733338356, 0.09595396369695663, 0.09840311110019684, 0.09892719238996506, 0.09595287591218948, 0.09298350661993027, 0.09187046438455582, 0.09233488887548447, 0.09484074264764786, 0.09431105107069016, 0.09167928248643875, 0.09006067365407944, 0.09013495594263077, 0.09046567976474762, 0.09259600937366486, 0.09336329251527786, 0.09119920432567596, 0.08872484415769577, 0.08834411948919296, 0.08993563055992126, 0.09217327833175659, 0.09167806059122086, 0.08928166329860687, 0.08775947242975235, 0.0878026932477951, 0.08919993788003922, 0.09109382331371307, 0.0910731703042984, 0.08973310887813568, 0.08820857852697372]
train/correction_patch_optimal_scalar: [-3.411824941635132, -5.452313423156738, -4.831090450286865, -1.6668336391448975, -0.3945518732070923, -1.616613745689392, -6.711453914642334, -7.17365026473999, -4.2160539627075195, 0.6375828385353088, 0.64914470911026, -1.0224826335906982, -6.337831497192383, -6.9213175773620605, -5.172206878662109, -1.9306080341339111, -0.3216971755027771, -2.8044564723968506, -8.743789672851562, -8.426928520202637, -5.575902462005615, -1.4286466836929321, -1.1184967756271362, -1.6419683694839478, -6.490198612213135, -6.958017349243164, -6.192000389099121, -2.36533260345459, -0.6034817695617676, -0.605060338973999, -6.155610084533691, -6.699540138244629, -6.113837242126465, -3.4539167881011963, -1.2006696462631226, -1.8308775424957275, -4.329925537109375, -4.149415493011475, -5.399496078491211, -4.623070240020752, -3.139171600341797, -2.505368232727051, -7.393429756164551, -6.925853729248047, -6.04755973815918]
[test]
test/correction_beneficial_ratio: 0.3076278865337372
test/correction_beneficial_ratio_far: 0.3053235709667206
test/correction_beneficial_ratio_middle: 0.2857513129711151
test/correction_beneficial_ratio_near: 0.33180877566337585
test/correction_cosine_far: -0.18804867565631866
test/correction_cosine_mean: -0.18343780934810638
test/correction_cosine_middle: -0.22110462188720703
test/correction_cosine_near: -0.14115984737873077
test/correction_magnitude_ratio_far: 0.07240010052919388
test/correction_magnitude_ratio_mean: 0.08114481717348099
test/correction_magnitude_ratio_middle: 0.07908942550420761
test/correction_magnitude_ratio_near: 0.09194497019052505
test/correction_optimal_scalar_far: -1.8027929067611694
test/correction_optimal_scalar_mean: 1.4083282947540283
test/correction_optimal_scalar_middle: 4.703372955322266
test/correction_optimal_scalar_near: 1.3243954181671143
test/correction_patch_beneficial_ratio: [0.36635497212409973, 0.3761688768863678, 0.3489491641521454, 0.3432089686393738, 0.347467839717865, 0.3406166136264801, 0.353948712348938, 0.3374687433242798, 0.311637818813324, 0.31098973751068115, 0.3205258846282959, 0.31524857878685, 0.3120081424713135, 0.301453560590744, 0.2910841703414917, 0.29802796244621277, 0.30274975299835205, 0.31274881958961487, 0.3097861409187317, 0.2961762845516205, 0.2849736213684082, 0.28414034843444824, 0.2863623797893524, 0.2724747657775879, 0.2662716507911682, 0.2587723433971405, 0.2563651502132416, 0.26932692527770996, 0.2852513790130615, 0.30284231901168823, 0.3046939969062805, 0.2943246066570282, 0.2852513790130615, 0.292935848236084, 0.29673177003860474, 0.2985834777355194, 0.31247106194496155, 0.31034162640571594, 0.3033052384853363, 0.30987870693206787, 0.311637818813324, 0.31034162640571594, 0.3190445303916931, 0.31284141540527344, 0.31747061014175415]
test/correction_patch_cosine: [-0.06674385815858841, -0.08864650130271912, -0.10676196217536926, -0.11435813456773758, -0.10680323839187622, -0.11052260547876358, -0.11121901869773865, -0.1428564190864563, -0.17365007102489471, -0.1740778386592865, -0.1693774312734604, -0.16883555054664612, -0.17612391710281372, -0.19244053959846497, -0.21498166024684906, -0.20504069328308105, -0.19827497005462646, -0.18458813428878784, -0.1904211938381195, -0.21635670959949493, -0.2347577065229416, -0.22849735617637634, -0.2277609407901764, -0.23440079391002655, -0.23832519352436066, -0.2515283524990082, -0.2553783059120178, -0.23767970502376556, -0.2142074853181839, -0.19935449957847595, -0.19396331906318665, -0.20147868990898132, -0.21198979020118713, -0.20112407207489014, -0.1909657120704651, -0.1863018274307251, -0.17936499416828156, -0.1865369975566864, -0.19086062908172607, -0.1816241294145584, -0.17571184039115906, -0.17762316763401031, -0.172294020652771, -0.1839771270751953, -0.18691349029541016]
test/correction_patch_magnitude_ratio: [0.1332661360502243, 0.10308878123760223, 0.09328950196504593, 0.0939980074763298, 0.09583982080221176, 0.09803681075572968, 0.09412332624197006, 0.08620834350585938, 0.08231116831302643, 0.08309825509786606, 0.08546048402786255, 0.08893471956253052, 0.08671821653842926, 0.07926657050848007, 0.0755334198474884, 0.07711052149534225, 0.08026933670043945, 0.08444061875343323, 0.08368736505508423, 0.07863108813762665, 0.07567708194255829, 0.07619920372962952, 0.07802560180425644, 0.08084506541490555, 0.0810280293226242, 0.07808608561754227, 0.07706718891859055, 0.07761118561029434, 0.07806222885847092, 0.07960067689418793, 0.07906670868396759, 0.0752694308757782, 0.07271482050418854, 0.0731053277850151, 0.0754605084657669, 0.07694631069898605, 0.07495763897895813, 0.07148029655218124, 0.0694437026977539, 0.06869614869356155, 0.06985502690076828, 0.07192882150411606, 0.07128749787807465, 0.06884593516588211, 0.06694371998310089]
test/correction_patch_optimal_scalar: [-2.564333200454712, -1.3895306587219238, -0.3081112205982208, 2.5060417652130127, 3.4087071418762207, 5.044493675231934, -3.595247507095337, -3.2352237701416016, 1.2901654243469238, 7.306814193725586, 8.686418533325195, 8.383057594299316, -0.9438790082931519, -3.904681444168091, -0.8187611103057861, 1.2043451070785522, 7.857181072235107, 7.226446628570557, 0.24533744156360626, -0.9592371582984924, 4.489068031311035, 10.25889778137207, 9.572702407836914, 4.898104190826416, -1.5950227975845337, -3.1177711486816406, 1.845438003540039, 10.027717590332031, 10.271621704101562, 8.325901985168457, 1.0669797658920288, -4.475244045257568, -6.018081188201904, -1.942793607711792, 2.198535919189453, 3.9551308155059814, -0.5928032994270325, -2.6198151111602783, 0.6066896319389343, 1.7818748950958252, -0.29308706521987915, 0.6902748942375183, -7.3916544914245605, -8.061816215515137, -5.946065902709961]
