[train]
train/correction_beneficial_ratio: 0.48185664415359497
train/correction_beneficial_ratio_far: 0.4848453104496002
train/correction_beneficial_ratio_middle: 0.4693913459777832
train/correction_beneficial_ratio_near: 0.4913333058357239
train/correction_cosine_far: -0.005836991593241692
train/correction_cosine_mean: -0.008696775883436203
train/correction_cosine_middle: -0.022212278097867966
train/correction_cosine_near: 0.001958969747647643
train/correction_magnitude_ratio_far: 0.018042471259832382
train/correction_magnitude_ratio_mean: 0.023016026243567467
train/correction_magnitude_ratio_middle: 0.021202366799116135
train/correction_magnitude_ratio_near: 0.029803233221173286
train/correction_optimal_scalar_far: -3.011033058166504
train/correction_optimal_scalar_mean: -1.6800575256347656
train/correction_optimal_scalar_middle: -1.1708685159683228
train/correction_optimal_scalar_near: -0.8582621812820435
train/correction_patch_beneficial_ratio: [0.4603416323661804, 0.501626193523407, 0.5151044726371765, 0.503677248954773, 0.5074862837791443, 0.4814087748527527, 0.4696885347366333, 0.45597586035728455, 0.4598142206668854, 0.4554191529750824, 0.46933692693710327, 0.4670807719230652, 0.48934924602508545, 0.4887632131576538, 0.48000234365463257, 0.47631046175956726, 0.49427172541618347, 0.4901110529899597, 0.49626415967941284, 0.4769843816757202, 0.47997304797172546]
train/correction_patch_cosine: [-0.020951956510543823, 0.011764978989958763, 0.025125829502940178, 0.014349008910357952, 0.010057016275823116, -0.006494343280792236, -0.020137812942266464, -0.0323580726981163, -0.03176276385784149, -0.03553885221481323, -0.022169848904013634, -0.02623836323618889, -0.0064982143230736256, -0.0009199221385642886, -0.008758919313549995, -0.013539981096982956, 0.0015210775891318917, 0.003889058018103242, 0.002018272876739502, -0.012468304485082626, -0.013520196080207825]
train/correction_patch_magnitude_ratio: [0.04573478177189827, 0.032277416437864304, 0.02957691065967083, 0.02766733430325985, 0.025367192924022675, 0.02471829205751419, 0.023280661553144455, 0.022132763639092445, 0.02176280878484249, 0.02173265814781189, 0.021562116220593452, 0.022009117528796196, 0.02026469260454178, 0.018952464684844017, 0.018020668998360634, 0.017860816791653633, 0.018159769475460052, 0.01871250569820404, 0.018358387053012848, 0.017619028687477112, 0.017566131427884102]
train/correction_patch_optimal_scalar: [0.9451934099197388, 2.4619226455688477, -2.452120780944824, -3.0547902584075928, -0.9370788335800171, -0.7283541560173035, -2.24261474609375, -2.3896641731262207, -3.3085856437683105, -3.8745782375335693, -1.522653579711914, -0.542605459690094, 1.0978879928588867, 2.344099521636963, -3.073157548904419, -5.855875015258789, -2.3515701293945312, -1.3206334114074707, -2.114067554473877, -2.1507749557495117, -4.2111897468566895]
[test]
test/correction_beneficial_ratio: 0.4718734622001648
test/correction_beneficial_ratio_far: 0.48548439145088196
test/correction_beneficial_ratio_middle: 0.48193371295928955
test/correction_beneficial_ratio_near: 0.44820231199264526
test/correction_cosine_far: -0.007132802624255419
test/correction_cosine_mean: -0.019880380481481552
test/correction_cosine_middle: -0.006670929491519928
test/correction_cosine_near: -0.045837368816137314
test/correction_magnitude_ratio_far: 0.01660233549773693
test/correction_magnitude_ratio_mean: 0.020362576469779015
test/correction_magnitude_ratio_middle: 0.01892000436782837
test/correction_magnitude_ratio_near: 0.02556537836790085
test/correction_optimal_scalar_far: -2.8625197410583496
test/correction_optimal_scalar_mean: -2.067595958709717
test/correction_optimal_scalar_middle: 1.2467726469039917
test/correction_optimal_scalar_near: -4.587037086486816
test/correction_patch_beneficial_ratio: [0.42896735668182373, 0.4398748278617859, 0.44336163997650146, 0.44354045391082764, 0.4523915946483612, 0.46151095628738403, 0.4677693247795105, 0.47197139263153076, 0.4755476117134094, 0.4677693247795105, 0.4852033853530884, 0.4936075210571289, 0.4983460009098053, 0.4810907542705536, 0.4805543124675751, 0.4768886864185333, 0.4875279366970062, 0.48672330379486084, 0.48261064291000366, 0.4904783070087433, 0.4936075210571289]
test/correction_patch_cosine: [-0.057364288717508316, -0.05725885555148125, -0.05296610668301582, -0.05225665867328644, -0.04908211529254913, -0.03189603611826897, -0.0200375746935606, -0.01722039096057415, -0.021657926961779594, -0.01951206661760807, -0.0005064986762590706, 0.0054800380021333694, 0.012182139791548252, -0.005461839027702808, -0.013561723753809929, -0.016583044081926346, -0.003051054198294878, -0.006576649844646454, -0.0071669938042759895, -0.0026131158228963614, -0.0003771877090912312]
test/correction_patch_magnitude_ratio: [0.03709571436047554, 0.026621537283062935, 0.025460047647356987, 0.02374604530632496, 0.021744942292571068, 0.0227068942040205, 0.02158264070749283, 0.019478239119052887, 0.019120894372463226, 0.019444433972239494, 0.019066793844103813, 0.019882939755916595, 0.01853688433766365, 0.01690973900258541, 0.016270466148853302, 0.016508538275957108, 0.016805725172162056, 0.01766623556613922, 0.01709342747926712, 0.015770483762025833, 0.016101466491818428]
test/correction_patch_optimal_scalar: [2.036280870437622, -1.7082207202911377, -14.09703254699707, -15.135329246520996, -3.8768908977508545, -1.7016737461090088, 2.3736226558685303, 4.135189533233643, -2.8255794048309326, -3.0618584156036377, 2.155930519104004, 1.663501501083374, 3.6997838020324707, 2.960404634475708, -3.468656301498413, -7.1920294761657715, 1.2502453327178955, -0.6935266852378845, -2.061140775680542, -0.9379652738571167, -6.934562683105469]
