[train]
train/correction_beneficial_ratio: 0.47228115797042847
train/correction_beneficial_ratio_far: 0.4923791289329529
train/correction_beneficial_ratio_middle: 0.4688647389411926
train/correction_beneficial_ratio_near: 0.4555995762348175
train/correction_cosine_far: 0.00422500167042017
train/correction_cosine_mean: -0.008359385654330254
train/correction_cosine_middle: -0.007490837015211582
train/correction_cosine_near: -0.021812330931425095
train/correction_magnitude_ratio_far: 0.009363185614347458
train/correction_magnitude_ratio_mean: 0.010421676561236382
train/correction_magnitude_ratio_middle: 0.01001507043838501
train/correction_magnitude_ratio_near: 0.011886774562299252
train/correction_optimal_scalar_far: 0.808498740196228
train/correction_optimal_scalar_mean: -0.09316597878932953
train/correction_optimal_scalar_middle: 0.2511822581291199
train/correction_optimal_scalar_near: -1.3391752243041992
train/correction_patch_beneficial_ratio: [0.4421725273132324, 0.4670926630496979, 0.458402544260025, 0.4576357901096344, 0.4621086120605469, 0.4644089341163635, 0.4686262011528015, 0.46632587909698486, 0.44715654850006104, 0.450607031583786, 0.45111820101737976, 0.44932907819747925, 0.4552076756954193, 0.4509904086589813, 0.4428114891052246, 0.4486900866031647, 0.45431309938430786, 0.454057514667511, 0.4534185230731964, 0.4586581587791443, 0.47297126054763794, 0.466070294380188, 0.47233226895332336, 0.48140576481819153, 0.47552716732025146, 0.48242810368537903, 0.4792332351207733, 0.47897765040397644, 0.478083074092865, 0.4768051207065582, 0.4788498282432556, 0.4782108664512634, 0.47961661219596863, 0.4727156460285187, 0.47578275203704834, 0.4847284257411957, 0.49316293001174927, 0.4971246123313904, 0.5042811632156372, 0.5030031800270081, 0.5060703158378601, 0.5064536929130554, 0.4996805191040039, 0.5001916885375977, 0.5058146715164185]
train/correction_patch_cosine: [-0.027646977454423904, -0.01646772027015686, -0.025307537987828255, -0.025515370070934296, -0.0221303291618824, -0.02258942648768425, -0.017904622480273247, -0.0127848656848073, -0.021854832768440247, -0.023972226306796074, -0.025416342541575432, -0.025362210348248482, -0.017644468694925308, -0.02032548375427723, -0.02226240001618862, -0.01727260649204254, -0.01407246757298708, -0.015669815242290497, -0.016917861998081207, -0.01568286120891571, -0.005883906036615372, -0.011919106356799603, -0.005049958825111389, 0.00014771409041713923, -0.004168446641415358, 0.0027155501302331686, 0.0012644496746361256, -0.004638064652681351, -0.0005273369024507701, -0.004687963984906673, -0.004904704634100199, -0.004053241107612848, -0.0059741185978055, -0.0073155504651367664, -0.0058525032363832, 0.0007452955469489098, 0.00036261367495171726, 0.007252069655805826, 0.010626898147165775, 0.014792734757065773, 0.015006625093519688, 0.01342757511883974, 0.009495489299297333, 0.009842297993600368, 0.009923622943460941]
train/correction_patch_magnitude_ratio: [0.016297951340675354, 0.013661488890647888, 0.013098173774778843, 0.011944876052439213, 0.011877286247909069, 0.011828310787677765, 0.011562580242753029, 0.011476965621113777, 0.011307249777019024, 0.011085220612585545, 0.010896123014390469, 0.010927933268249035, 0.010798553936183453, 0.010795148089528084, 0.010743745602667332, 0.010513249784708023, 0.010421988554298878, 0.01036369800567627, 0.010219312272965908, 0.01014018151909113, 0.010183199308812618, 0.010001390241086483, 0.009918536059558392, 0.009977944195270538, 0.009823230095207691, 0.009804004803299904, 0.009843919426202774, 0.0096666868776083, 0.00965910591185093, 0.009689593687653542, 0.00967482291162014, 0.009658774361014366, 0.009602201171219349, 0.009386293590068817, 0.009291376918554306, 0.009303695522248745, 0.009355762973427773, 0.00926399976015091, 0.009398682974278927, 0.00936727225780487, 0.009331357665359974, 0.00931096263229847, 0.009204513393342495, 0.009189704433083534, 0.009108399040997028]
train/correction_patch_optimal_scalar: [-1.2140722274780273, -0.6437708139419556, -1.3039920330047607, -1.934568166732788, -1.5891318321228027, -1.5368083715438843, -1.136324167251587, -0.43551427125930786, -1.3687361478805542, -1.4885185956954956, -1.653866171836853, -2.005188465118408, -1.2137244939804077, -1.2216604948043823, -1.341756820678711, -1.0901440382003784, -0.5123525261878967, -0.6244170069694519, -0.7135148048400879, -0.5673325061798096, 0.7100867629051208, -0.008463037200272083, 0.7661000490188599, 1.4725978374481201, 0.745156466960907, 1.388411521911621, 1.0536736249923706, 0.3650617003440857, 0.8167706727981567, -0.033933330327272415, 0.008566356264054775, -0.09495482593774796, -0.4447263777256012, -0.813994824886322, -0.6691736578941345, 0.046204134821891785, 0.2941693067550659, 1.2807390689849854, 1.7744131088256836, 1.9494147300720215, 1.9938257932662964, 1.9826505184173584, 1.5822159051895142, 1.649387240409851, 1.588729977607727]
[test]
test/correction_beneficial_ratio: 0.4281454086303711
test/correction_beneficial_ratio_far: 0.3896035850048065
test/correction_beneficial_ratio_middle: 0.40249884128570557
test/correction_beneficial_ratio_near: 0.4923337996006012
test/correction_cosine_far: -0.09707792103290558
test/correction_cosine_mean: -0.059937167912721634
test/correction_cosine_middle: -0.07938165962696075
test/correction_cosine_near: -0.0033518136478960514
test/correction_magnitude_ratio_far: 0.010085324756801128
test/correction_magnitude_ratio_mean: 0.011328119784593582
test/correction_magnitude_ratio_middle: 0.01104841846972704
test/correction_magnitude_ratio_near: 0.012850616127252579
test/correction_optimal_scalar_far: -11.186736106872559
test/correction_optimal_scalar_mean: -6.011716365814209
test/correction_optimal_scalar_middle: -7.39420223236084
test/correction_optimal_scalar_near: 0.5457806587219238
test/correction_patch_beneficial_ratio: [0.47015270590782166, 0.48357242345809937, 0.4715409576892853, 0.4692271947860718, 0.481721431016922, 0.4807959198951721, 0.5071725845336914, 0.5252197980880737, 0.5326237678527832, 0.5321610569953918, 0.5168903470039368, 0.4946783781051636, 0.488199919462204, 0.47524294257164, 0.45580750703811646, 0.4595094919204712, 0.4618232250213623, 0.4488662779331207, 0.4076816141605377, 0.3789912164211273, 0.40259140729904175, 0.360944002866745, 0.354465514421463, 0.37945395708084106, 0.38500693440437317, 0.3998149037361145, 0.4155483543872833, 0.39379915595054626, 0.3854696750640869, 0.40351688861846924, 0.38593244552612305, 0.3785284459590912, 0.3831559419631958, 0.40027764439582825, 0.3817676901817322, 0.3817676901817322, 0.38500693440437317, 0.3845441937446594, 0.40166589617729187, 0.39379915595054626, 0.38361868262290955, 0.3933364152908325, 0.3988893926143646, 0.38593244552612305, 0.40583062171936035]
test/correction_patch_cosine: [-0.012454161420464516, -0.0029057308565825224, -0.017455462366342545, -0.01759910397231579, -0.006384050473570824, 0.0017489544115960598, 0.014285516925156116, 0.025619005784392357, 0.025243472307920456, 0.02490832842886448, 0.008790568448603153, -0.005101964343339205, -0.01676747016608715, -0.029389863833785057, -0.042815182358026505, -0.042535752058029175, -0.04294515401124954, -0.05171922594308853, -0.06916787475347519, -0.0846278965473175, -0.0714956521987915, -0.096576027572155, -0.10388646274805069, -0.09177853912115097, -0.0952925756573677, -0.08617222309112549, -0.08116667717695236, -0.09754282236099243, -0.09371635317802429, -0.08210334926843643, -0.08557791262865067, -0.08874592930078506, -0.08780056238174438, -0.09122435003519058, -0.1022869423031807, -0.10459637641906738, -0.10111165791749954, -0.09797877073287964, -0.09116267412900925, -0.09900467097759247, -0.10812598466873169, -0.09896772354841232, -0.09468922019004822, -0.10425055772066116, -0.10064546018838882]
test/correction_patch_magnitude_ratio: [0.015815533697605133, 0.014193717390298843, 0.013647099956870079, 0.012961200438439846, 0.012986392714083195, 0.012857303023338318, 0.01295811589807272, 0.012901290319859982, 0.012661606073379517, 0.01240619271993637, 0.012106369249522686, 0.012117438949644566, 0.01184802781790495, 0.011680605821311474, 0.011618445627391338, 0.011356431059539318, 0.011518364772200584, 0.011569245718419552, 0.011488476768136024, 0.011274632066488266, 0.011143849231302738, 0.010930703021585941, 0.01072450540959835, 0.01077935378998518, 0.010586513206362724, 0.010706751607358456, 0.0110021298751235, 0.010732383467257023, 0.010929973796010017, 0.010982813313603401, 0.011015454307198524, 0.010991686955094337, 0.010933134704828262, 0.010526908561587334, 0.010307298973202705, 0.01023540087044239, 0.01004545297473669, 0.009761030785739422, 0.00991898775100708, 0.009777489118278027, 0.009674648754298687, 0.009712020866572857, 0.009559622034430504, 0.009434386156499386, 0.009386435151100159]
test/correction_patch_optimal_scalar: [0.11396816372871399, 0.6161612272262573, -1.3088911771774292, -0.6998501420021057, -0.19586926698684692, 0.6130852103233337, 1.6265445947647095, 2.8808071613311768, 3.202333927154541, 3.2416131496429443, 1.7396907806396484, 0.4728819727897644, -0.041301000863313675, -1.2275774478912354, -2.84688401222229, -3.854013681411743, -3.346418857574463, -4.008119583129883, -5.984275817871094, -7.329192161560059, -6.575893402099609, -9.250995635986328, -9.788140296936035, -8.802424430847168, -9.86318302154541, -8.852338790893555, -7.628613471984863, -9.29098892211914, -8.643872261047363, -7.694554328918457, -8.187851905822754, -8.944537162780762, -9.321887969970703, -9.671531677246094, -10.806901931762695, -11.128775596618652, -11.35145378112793, -12.0012845993042, -11.7152738571167, -12.310576438903809, -13.02148151397705, -12.383193016052246, -11.785503387451172, -12.89836597442627, -12.272282600402832]
