[train]
train/correction_beneficial_ratio: 0.44776996970176697
train/correction_beneficial_ratio_far: 0.4556933045387268
train/correction_beneficial_ratio_middle: 0.4551735818386078
train/correction_beneficial_ratio_near: 0.4324430227279663
train/correction_cosine_far: -0.02023283950984478
train/correction_cosine_mean: -0.02353322133421898
train/correction_cosine_middle: -0.016885345801711082
train/correction_cosine_near: -0.03348145633935928
train/correction_magnitude_ratio_far: 0.00855471845716238
train/correction_magnitude_ratio_mean: 0.009942904114723206
train/correction_magnitude_ratio_middle: 0.009688462130725384
train/correction_magnitude_ratio_near: 0.01158552709966898
train/correction_optimal_scalar_far: -2.593231201171875
train/correction_optimal_scalar_mean: -1.2995227575302124
train/correction_optimal_scalar_middle: 0.8321221470832825
train/correction_optimal_scalar_near: -2.13746976852417
train/correction_patch_beneficial_ratio: [0.43450480699539185, 0.42466452717781067, 0.4480511248111725, 0.4241533577442169, 0.43130990862846375, 0.43309903144836426, 0.44089457392692566, 0.44753992557525635, 0.43514376878738403, 0.4227476119995117, 0.41047924757003784, 0.43910542130470276, 0.43028753995895386, 0.42849841713905334, 0.4361661374568939, 0.4399999976158142, 0.45431309938430786, 0.4424281120300293, 0.434376984834671, 0.4444728493690491, 0.4484345018863678, 0.45674121379852295, 0.4576357901096344, 0.4610862731933594, 0.477316290140152, 0.46236422657966614, 0.4624920189380646, 0.45571884512901306, 0.46913737058639526, 0.4610862731933594, 0.47476038336753845, 0.4852396249771118, 0.4722044765949249, 0.4516294002532959, 0.46837061643600464, 0.4558466374874115, 0.45533546805381775, 0.4596804976463318, 0.45392972230911255, 0.4527795612812042, 0.44894570112228394, 0.4311821162700653, 0.442044734954834, 0.4446006417274475, 0.4388498365879059]
train/correction_patch_cosine: [-0.03655489906668663, -0.035653579980134964, -0.026362763717770576, -0.03975134342908859, -0.03673652186989784, -0.03329510986804962, -0.034262511879205704, -0.02754557877779007, -0.029296716675162315, -0.035263337194919586, -0.039168041199445724, -0.029252180829644203, -0.033332183957099915, -0.03579053282737732, -0.029956689104437828, -0.0268680639564991, -0.014978144317865372, -0.02425198256969452, -0.027017585933208466, -0.021523313596844673, -0.022756721824407578, -0.021533038467168808, -0.018684884533286095, -0.011202464811503887, -0.009466877207159996, -0.00838779378682375, -0.009602263569831848, -0.017131980508565903, -0.006140443030744791, -0.013734747655689716, -0.011724421754479408, -0.01026072632521391, -0.019073527306318283, -0.027114497497677803, -0.01695162244141102, -0.02770339883863926, -0.023495694622397423, -0.02016070857644081, -0.012153692543506622, -0.016523724421858788, -0.015662049874663353, -0.024819402024149895, -0.026976758614182472, -0.022712375968694687, -0.028159992769360542]
train/correction_patch_magnitude_ratio: [0.015268710441887379, 0.013439340516924858, 0.013076097704470158, 0.012208671309053898, 0.01185903325676918, 0.011693479493260384, 0.011332087218761444, 0.011085241101682186, 0.010930639691650867, 0.010791356675326824, 0.010476822964847088, 0.010485795326530933, 0.010443496517837048, 0.010311033576726913, 0.01038113422691822, 0.010225203819572926, 0.010135693475604057, 0.010119968093931675, 0.009927386417984962, 0.009801994077861309, 0.00981662143021822, 0.009784083813428879, 0.009747637435793877, 0.00975847989320755, 0.00963546335697174, 0.009459842927753925, 0.009421435184776783, 0.009253580123186111, 0.00915350578725338, 0.0090860640630126, 0.009028734639286995, 0.008982514962553978, 0.008916639722883701, 0.008790232241153717, 0.008732929825782776, 0.008688323199748993, 0.008624831214547157, 0.008542533032596111, 0.008574715815484524, 0.008512117899954319, 0.00836242362856865, 0.008240831084549427, 0.008152879774570465, 0.008119301870465279, 0.008051788434386253]
train/correction_patch_optimal_scalar: [-2.408162832260132, -2.4518606662750244, -1.9028700590133667, -3.301682710647583, -2.930720567703247, -2.644291639328003, -2.75369930267334, -1.7261239290237427, -1.7342102527618408, -2.041334390640259, -2.0679523944854736, -1.4293737411499023, -1.8143630027770996, -1.8677271604537964, -0.987684965133667, -0.5956495404243469, 1.1177908182144165, 0.2983516454696655, -0.09852124005556107, 0.5443655252456665, 0.43430137634277344, 0.6195648908615112, 1.1964412927627563, 2.112034320831299, 1.7726151943206787, 1.7145332098007202, 1.3487672805786133, 0.3313015401363373, 1.521515130996704, 0.16463901102542877, -0.2925878167152405, -0.06686901301145554, -1.5487275123596191, -2.9712584018707275, -1.945406198501587, -3.0235846042633057, -2.644515037536621, -2.01552152633667, -1.4392340183258057, -2.375764846801758, -2.7835118770599365, -4.789646625518799, -4.753981590270996, -3.5905208587646484, -4.657393455505371]
[test]
test/correction_beneficial_ratio: 0.36169469356536865
test/correction_beneficial_ratio_far: 0.3762764036655426
test/correction_beneficial_ratio_middle: 0.31321918964385986
test/correction_beneficial_ratio_near: 0.3955884575843811
test/correction_cosine_far: -0.04917478933930397
test/correction_cosine_mean: -0.06000902131199837
test/correction_cosine_middle: -0.0851568728685379
test/correction_cosine_near: -0.04569528251886368
test/correction_magnitude_ratio_far: 0.010680986568331718
test/correction_magnitude_ratio_mean: 0.012540285475552082
test/correction_magnitude_ratio_middle: 0.012236404232680798
test/correction_magnitude_ratio_near: 0.01470350194722414
test/correction_optimal_scalar_far: -3.552377462387085
test/correction_optimal_scalar_mean: -5.0387396812438965
test/correction_optimal_scalar_middle: -7.544543743133545
test/correction_optimal_scalar_near: -4.019298553466797
test/correction_patch_beneficial_ratio: [0.5261452794075012, 0.45997223258018494, 0.47801944613456726, 0.4488662779331207, 0.4187875986099243, 0.40675613284111023, 0.4220268428325653, 0.41786208748817444, 0.3743637204170227, 0.37714022397994995, 0.3354928195476532, 0.34521055221557617, 0.31513187289237976, 0.3044886589050293, 0.3035631775856018, 0.3280888497829437, 0.33364182710647583, 0.30402591824531555, 0.30495139956474304, 0.3225358724594116, 0.2892179489135742, 0.314669132232666, 0.29939842224121094, 0.3137436509132385, 0.321147620677948, 0.30865341424942017, 0.3012494146823883, 0.3137436509132385, 0.31605738401412964, 0.32716333866119385, 0.3498380482196808, 0.3697362244129181, 0.36048126220703125, 0.37066173553466797, 0.3618695139884949, 0.33086535334587097, 0.3678852319717407, 0.33965757489204407, 0.3752892315387726, 0.38269320130348206, 0.39241093397140503, 0.40906986594200134, 0.40583062171936035, 0.42711707949638367, 0.400740385055542]
test/correction_patch_cosine: [0.01562616229057312, -0.017671212553977966, -0.0021046078763902187, -0.020757311955094337, -0.03141025826334953, -0.03410716354846954, -0.032940734177827835, -0.026220422238111496, -0.048427850008010864, -0.05557967722415924, -0.0751187652349472, -0.07659178972244263, -0.09535111486911774, -0.09111422300338745, -0.09366125613451004, -0.08054199069738388, -0.07417371869087219, -0.09274383634328842, -0.10242550820112228, -0.08634331822395325, -0.09412233531475067, -0.08965957164764404, -0.08277071267366409, -0.07496215403079987, -0.07905857264995575, -0.08558504283428192, -0.09069887548685074, -0.09337422996759415, -0.07761270552873611, -0.07328060269355774, -0.0692579448223114, -0.04853295162320137, -0.052388157695531845, -0.06140695884823799, -0.051676150411367416, -0.07024601101875305, -0.06419213861227036, -0.07183712720870972, -0.046648792922496796, -0.04592147469520569, -0.03657352179288864, -0.03318162262439728, -0.03439586982131004, -0.022287417203187943, -0.02907661907374859]
test/correction_patch_magnitude_ratio: [0.01813734509050846, 0.016797853633761406, 0.016359630972146988, 0.015487628988921642, 0.015367268584668636, 0.015294929035007954, 0.014959576539695263, 0.014702205546200275, 0.014284736476838589, 0.013766155578196049, 0.013504493050277233, 0.013266178779304028, 0.012792601250112057, 0.012983670458197594, 0.012847957201302052, 0.012812036089599133, 0.012903127819299698, 0.013080725446343422, 0.012809370644390583, 0.012752866372466087, 0.012566615827381611, 0.012203577905893326, 0.01203079055994749, 0.012038483284413815, 0.011711799539625645, 0.011773521080613136, 0.011922428384423256, 0.011450828984379768, 0.01169086154550314, 0.011799018830060959, 0.011660178191959858, 0.011849956586956978, 0.011697779409587383, 0.011323797516524792, 0.011229089461266994, 0.011078938841819763, 0.010580127127468586, 0.010538807138800621, 0.010472623631358147, 0.010219723917543888, 0.01010610070079565, 0.01021739561110735, 0.009888955391943455, 0.009745003655552864, 0.009606119245290756]
test/correction_patch_optimal_scalar: [0.6506226658821106, -1.7126281261444092, -0.5411998629570007, -1.8227027654647827, -3.2047512531280518, -3.0786948204040527, -2.7971324920654297, -1.8739479780197144, -3.2859416007995605, -3.9588491916656494, -6.1807990074157715, -6.550642967224121, -8.266082763671875, -8.852002143859863, -8.814723014831543, -7.836786270141602, -7.113844394683838, -8.541738510131836, -8.846501350402832, -7.28212833404541, -8.132354736328125, -7.305734157562256, -6.829918384552002, -6.658742904663086, -7.0568342208862305, -8.225933074951172, -8.670459747314453, -8.440296173095703, -6.444612503051758, -5.78226375579834, -4.61550235748291, -2.9520742893218994, -3.4233977794647217, -3.886263132095337, -3.516152858734131, -5.857040882110596, -5.545918941497803, -6.1926445960998535, -3.88370943069458, -3.5946342945098877, -2.701596975326538, -2.144688129425049, -2.251858949661255, -0.9923935532569885, -1.7277888059616089]
