[train]
train/correction_beneficial_ratio: 0.4978004992008209
train/correction_beneficial_ratio_far: 0.49494364857673645
train/correction_beneficial_ratio_middle: 0.5141310691833496
train/correction_beneficial_ratio_near: 0.4843268096446991
train/correction_cosine_far: 0.008673002943396568
train/correction_cosine_mean: 0.018665116280317307
train/correction_cosine_middle: 0.03743940591812134
train/correction_cosine_near: 0.009883048944175243
train/correction_magnitude_ratio_far: 0.028479093685746193
train/correction_magnitude_ratio_mean: 0.04152880609035492
train/correction_magnitude_ratio_middle: 0.03389301151037216
train/correction_magnitude_ratio_near: 0.06221431493759155
train/correction_optimal_scalar_far: 1.3462198972702026
train/correction_optimal_scalar_mean: 1.336179256439209
train/correction_optimal_scalar_middle: 2.04486346244812
train/correction_optimal_scalar_near: 0.6174610257148743
train/correction_patch_beneficial_ratio: [0.39835408329963684, 0.43371886014938354, 0.4421708285808563, 0.43038254976272583, 0.44417259097099304, 0.4721975028514862, 0.48709964752197266, 0.49822065234184265, 0.5082295536994934, 0.5162366628646851, 0.5233541131019592, 0.5286921858787537, 0.5375889539718628, 0.5282473564147949, 0.5162366628646851, 0.5037811398506165, 0.5100088715553284, 0.5129003524780273, 0.5162366628646851, 0.5111209750175476, 0.5186832547187805, 0.5171263217926025, 0.5126779079437256, 0.5169039368629456, 0.5166814923286438, 0.5155693888664246, 0.5113434195518494, 0.5171263217926025, 0.5131227970123291, 0.5186832547187805, 0.5144572854042053, 0.5086743831634521, 0.5088967680931091, 0.5048932433128357, 0.5040035843849182, 0.49977758526802063, 0.4895462691783905, 0.48843416571617126, 0.49043595790863037, 0.48843416571617126, 0.4882117509841919, 0.487322062253952, 0.48220640420913696, 0.48709964752197266, 0.4817615747451782]
train/correction_patch_cosine: [-0.03446875140070915, -0.027755293995141983, -0.0216375682502985, -0.03323602303862572, -0.02790970727801323, -0.010316603817045689, 0.003964439500123262, 0.013822226785123348, 0.02584661729633808, 0.03655014932155609, 0.03829808160662651, 0.04441458731889725, 0.04999873414635658, 0.048603542149066925, 0.0420713797211647, 0.04146519675850868, 0.043760813772678375, 0.04229667782783508, 0.03983955830335617, 0.03780157119035721, 0.039301905781030655, 0.03626085817813873, 0.03275531902909279, 0.036347661167383194, 0.038263097405433655, 0.03821946680545807, 0.03508620709180832, 0.03578808158636093, 0.034257374703884125, 0.0301473718136549, 0.028854452073574066, 0.02676711045205593, 0.023546097800135612, 0.0210128016769886, 0.015799501910805702, 0.010637486353516579, 0.006386873312294483, 0.004559865687042475, 0.00376973208039999, 0.0002932972856797278, -0.002438843948766589, -0.0023923779372125864, -0.0036763318348675966, -0.002118208911269903, -0.0009080254239961505]
train/correction_patch_magnitude_ratio: [0.1521507352590561, 0.09658059477806091, 0.07829492539167404, 0.06902851164340973, 0.06269724667072296, 0.058441758155822754, 0.05442579463124275, 0.051015496253967285, 0.04870964586734772, 0.04659779742360115, 0.04523405805230141, 0.04422818496823311, 0.04310722276568413, 0.04194604605436325, 0.04075659438967705, 0.039667125791311264, 0.0385051928460598, 0.0370265394449234, 0.035479944199323654, 0.03478403761982918, 0.034251101315021515, 0.033692214637994766, 0.03364352136850357, 0.033260516822338104, 0.03264588490128517, 0.03189471736550331, 0.031577590852975845, 0.03110484406352043, 0.03068646974861622, 0.03017541952431202, 0.02960081584751606, 0.029426831752061844, 0.02947542630136013, 0.029292263090610504, 0.028982818126678467, 0.028682010248303413, 0.028499074280261993, 0.028211351484060287, 0.02796265110373497, 0.02796255424618721, 0.027894241735339165, 0.027742737904191017, 0.027736425399780273, 0.02781827561557293, 0.02789919823408127]
train/correction_patch_optimal_scalar: [-0.22481295466423035, -0.014812353998422623, 0.3903214931488037, 0.2790796160697937, 0.2495914101600647, 0.4131426215171814, 0.4955967664718628, 0.6103736758232117, 0.703941822052002, 0.6728762984275818, 0.72589510679245, 0.9412585496902466, 1.1810264587402344, 1.3039238452911377, 1.5344874858856201, 1.8237754106521606, 1.8925347328186035, 1.9295799732208252, 1.8974591493606567, 1.9606053829193115, 2.1074328422546387, 2.204305410385132, 2.147124767303467, 2.1958816051483154, 2.2739853858947754, 2.3226733207702637, 2.1159753799438477, 2.068204879760742, 1.9293073415756226, 1.8040951490402222, 1.7660343647003174, 1.649659514427185, 1.5384714603424072, 1.5254238843917847, 1.351386547088623, 1.2594131231307983, 1.0984300374984741, 1.1616175174713135, 1.231390118598938, 1.222735047340393, 1.1926841735839844, 1.2579379081726074, 1.242070198059082, 1.3350481986999512, 1.3609369993209839]
[test]
test/correction_beneficial_ratio: 0.20476190745830536
test/correction_beneficial_ratio_far: 0.11996658146381378
test/correction_beneficial_ratio_middle: 0.17861320078372955
test/correction_beneficial_ratio_near: 0.31570592522621155
test/correction_cosine_far: -0.459058940410614
test/correction_cosine_mean: -0.31682389974594116
test/correction_cosine_middle: -0.32829976081848145
test/correction_cosine_near: -0.1631128489971161
test/correction_magnitude_ratio_far: 0.017850393429398537
test/correction_magnitude_ratio_mean: 0.030552029609680176
test/correction_magnitude_ratio_middle: 0.024369172751903534
test/correction_magnitude_ratio_near: 0.04943656921386719
test/correction_optimal_scalar_far: -31.761552810668945
test/correction_optimal_scalar_mean: -19.556997299194336
test/correction_optimal_scalar_middle: -19.94392204284668
test/correction_optimal_scalar_near: -6.965503692626953
test/correction_patch_beneficial_ratio: [0.3947368562221527, 0.4072681665420532, 0.4310776889324188, 0.3834586441516876, 0.3458646535873413, 0.31328320503234863, 0.3095238208770752, 0.3220551311969757, 0.30576440691947937, 0.25438597798347473, 0.2506265640258789, 0.2719298303127289, 0.2631579041481018, 0.25313282012939453, 0.22932331264019012, 0.23057644069194794, 0.22932331264019012, 0.2243107706308365, 0.2017543911933899, 0.1791979968547821, 0.16917292773723602, 0.16040100157260895, 0.15664160251617432, 0.14661654829978943, 0.14912280440330505, 0.15914787352085114, 0.17669172585010529, 0.18045112490653992, 0.16416040062904358, 0.15162907540798187, 0.1654135286808014, 0.15914787352085114, 0.1541353315114975, 0.1441102772951126, 0.12781955301761627, 0.12781955301761627, 0.12030075490474701, 0.10025062412023544, 0.1077694222331047, 0.09649122506380081, 0.10025062412023544, 0.09398496150970459, 0.10401002317667007, 0.09899749606847763, 0.09899749606847763]
test/correction_patch_cosine: [-0.04850485175848007, -0.061157360672950745, -0.06751125305891037, -0.1192440390586853, -0.15633101761341095, -0.161570206284523, -0.15708205103874207, -0.1608511507511139, -0.17490316927433014, -0.19661226868629456, -0.20885124802589417, -0.20978789031505585, -0.22087515890598297, -0.23930077254772186, -0.2641095519065857, -0.2766246199607849, -0.27650779485702515, -0.2807885706424713, -0.2899245321750641, -0.30410778522491455, -0.3176322281360626, -0.32410135865211487, -0.33084118366241455, -0.33775508403778076, -0.3492605984210968, -0.35454702377319336, -0.35761725902557373, -0.36285170912742615, -0.37579482793807983, -0.38614240288734436, -0.38835132122039795, -0.40138760209083557, -0.4199804663658142, -0.4285906255245209, -0.4357221722602844, -0.4426121413707733, -0.458082914352417, -0.47779300808906555, -0.4798017144203186, -0.48582619428634644, -0.48091837763786316, -0.4897257089614868, -0.49383658170700073, -0.49872010946273804, -0.5045377016067505]
test/correction_patch_magnitude_ratio: [0.11089207977056503, 0.07791346311569214, 0.06353458762168884, 0.05533316358923912, 0.050059590488672256, 0.04552282765507698, 0.042824581265449524, 0.040085550397634506, 0.03927237167954445, 0.039248865097761154, 0.03809478133916855, 0.03617770969867706, 0.034806109964847565, 0.03437560051679611, 0.033406514674425125, 0.031423456966876984, 0.02960900589823723, 0.028170093894004822, 0.026815271005034447, 0.025782039389014244, 0.024710670113563538, 0.023870283737778664, 0.023490380495786667, 0.022913288325071335, 0.022260917350649834, 0.021759748458862305, 0.021476473659276962, 0.02128639630973339, 0.021067917346954346, 0.020901832729578018, 0.020379221066832542, 0.019967269152402878, 0.019949931651353836, 0.019615529105067253, 0.01907922700047493, 0.01840016432106495, 0.017921993508934975, 0.017433924600481987, 0.017016882076859474, 0.016818497329950333, 0.016484275460243225, 0.016224734485149384, 0.016174431890249252, 0.01617765985429287, 0.01611209474503994]
test/correction_patch_optimal_scalar: [-0.5254222750663757, -0.9544486999511719, -1.7410141229629517, -3.4893789291381836, -5.141577243804932, -6.168011665344238, -6.761355400085449, -7.600806713104248, -8.272387504577637, -8.935839653015137, -9.33255672454834, -9.916874885559082, -10.914480209350586, -11.84537410736084, -12.883015632629395, -14.018207550048828, -14.901747703552246, -15.957951545715332, -16.400957107543945, -17.303239822387695, -18.497753143310547, -19.06755828857422, -19.955608367919922, -20.90264892578125, -21.99738121032715, -22.389158248901367, -22.891307830810547, -23.862253189086914, -24.94615936279297, -26.06696128845215, -26.56086540222168, -27.294458389282227, -28.063167572021484, -28.423799514770508, -29.30450439453125, -30.151996612548828, -31.407459259033203, -33.13629150390625, -33.87315368652344, -34.330413818359375, -34.072391510009766, -34.79035568237305, -34.88030242919922, -34.87328338623047, -35.260986328125]
