[train]
train/correction_beneficial_ratio: 0.5050920248031616
train/correction_beneficial_ratio_far: 0.5008350610733032
train/correction_beneficial_ratio_middle: 0.5050626993179321
train/correction_beneficial_ratio_near: 0.5093782544136047
train/correction_cosine_far: 0.0392795167863369
train/correction_cosine_mean: 0.0449647530913353
train/correction_cosine_middle: 0.04693692922592163
train/correction_cosine_near: 0.04867786169052124
train/correction_magnitude_ratio_far: 0.06717269867658615
train/correction_magnitude_ratio_mean: 0.07317212969064713
train/correction_magnitude_ratio_middle: 0.07197190821170807
train/correction_magnitude_ratio_near: 0.08037178963422775
train/correction_optimal_scalar_far: 1.27879798412323
train/correction_optimal_scalar_mean: 1.2270480394363403
train/correction_optimal_scalar_middle: 1.4812442064285278
train/correction_optimal_scalar_near: 0.921099841594696
train/correction_patch_beneficial_ratio: [0.5383398532867432, 0.5113539695739746, 0.49500423669815063, 0.49412521719932556, 0.5051422715187073, 0.514371931552887, 0.5073105096817017, 0.49397873878479004, 0.4925136864185333, 0.5008057951927185, 0.5137273073196411, 0.5173606276512146, 0.5105042457580566, 0.5065487027168274, 0.5007471442222595, 0.5070760846138, 0.509625256061554, 0.5072519183158875, 0.5004834532737732, 0.49383223056793213, 0.48682937026023865]
train/correction_patch_cosine: [0.0852598324418068, 0.04353220760822296, 0.025262586772441864, 0.03199925273656845, 0.04716786369681358, 0.057288505136966705, 0.050234708935022354, 0.035551074892282486, 0.030056321993470192, 0.03870689123868942, 0.054454002529382706, 0.06286906450986862, 0.05814257264137268, 0.04877821356058121, 0.04137413948774338, 0.04731113463640213, 0.05290890857577324, 0.049473535269498825, 0.03596700355410576, 0.025355469435453415, 0.022566495463252068]
train/correction_patch_magnitude_ratio: [0.09338677674531937, 0.08397350460290909, 0.08050109446048737, 0.07749244570732117, 0.07609202712774277, 0.07613123208284378, 0.07502539455890656, 0.07419340312480927, 0.07339590042829514, 0.0721154734492302, 0.07146253436803818, 0.07158420234918594, 0.07099004089832306, 0.07006168365478516, 0.06948082149028778, 0.06848981976509094, 0.06736461818218231, 0.06686201691627502, 0.06639815866947174, 0.06601335108280182, 0.0656001940369606]
train/correction_patch_optimal_scalar: [0.9556094408035278, 0.3423696458339691, 0.21490274369716644, 0.8384757041931152, 1.4294548034667969, 1.6022459268569946, 1.0646451711654663, 0.7347345948219299, 1.003997802734375, 1.769742488861084, 2.1460089683532715, 2.15055513381958, 1.5104039907455444, 1.0532714128494263, 0.9398548007011414, 1.5242832899093628, 1.9369597434997559, 1.7934364080429077, 1.0498034954071045, 0.8099632263183594, 0.8972913026809692]
[test]
test/correction_beneficial_ratio: 0.4696766436100006
test/correction_beneficial_ratio_far: 0.4726099967956543
test/correction_beneficial_ratio_middle: 0.46286481618881226
test/correction_beneficial_ratio_near: 0.47355514764785767
test/correction_cosine_far: 0.004417228512465954
test/correction_cosine_mean: 0.006540981587022543
test/correction_cosine_middle: -0.004941806197166443
test/correction_cosine_near: 0.02014750987291336
test/correction_magnitude_ratio_far: 0.0675986111164093
test/correction_magnitude_ratio_mean: 0.07422985881567001
test/correction_magnitude_ratio_middle: 0.07260987907648087
test/correction_magnitude_ratio_near: 0.08248105645179749
test/correction_optimal_scalar_far: 1.1197445392608643
test/correction_optimal_scalar_mean: 0.8914981484413147
test/correction_optimal_scalar_middle: 0.6985989212989807
test/correction_optimal_scalar_near: 0.8561496138572693
test/correction_patch_beneficial_ratio: [0.488332599401474, 0.4784979820251465, 0.46803754568099976, 0.4618685841560364, 0.4731336534023285, 0.4749217629432678, 0.47009387612342834, 0.469736248254776, 0.4649083614349365, 0.468305766582489, 0.46803754568099976, 0.4563254415988922, 0.4578453302383423, 0.4548949599266052, 0.46142154932022095, 0.476531058549881, 0.488332599401474, 0.4857398271560669, 0.47599464654922485, 0.46607062220573425, 0.45417970418930054]
test/correction_patch_cosine: [0.04440563917160034, 0.02011966146528721, 0.009426922537386417, 0.006117633078247309, 0.016928743571043015, 0.02282029390335083, 0.021213702857494354, 0.010315638966858387, -0.006257189437747002, -0.0031741331331431866, -0.005070437677204609, -0.010751222260296345, -0.011172647587954998, -0.008482509292662144, -0.006430757697671652, 0.010438553057610989, 0.021335173398256302, 0.016303779557347298, 0.007998241111636162, -0.0016204447019845247, -0.017103996127843857]
test/correction_patch_magnitude_ratio: [0.09730257838964462, 0.084968201816082, 0.08123703300952911, 0.07946046441793442, 0.07885416597127914, 0.07909148186445236, 0.07645339518785477, 0.07413844019174576, 0.07382176071405411, 0.07299899309873581, 0.0728999525308609, 0.0731627345085144, 0.07149787247180939, 0.069749616086483, 0.06949903070926666, 0.06875069439411163, 0.06859646737575531, 0.06808985024690628, 0.0667976588010788, 0.06573788076639175, 0.06571878492832184]
test/correction_patch_optimal_scalar: [0.567182719707489, 0.4834493398666382, 0.6333454847335815, 1.0448979139328003, 1.337192177772522, 1.481649398803711, 0.44534191489219666, 0.3222774863243103, 0.669511079788208, 1.1834522485733032, 1.2935147285461426, 1.1981486082077026, 0.26265326142311096, -0.03937208652496338, 0.5436676740646362, 1.0182455778121948, 1.8325929641723633, 1.880895733833313, 0.9287238717079163, 0.6777240633964539, 0.9563676118850708]
