[train]
train/correction_beneficial_ratio: 0.46653103828430176
train/correction_beneficial_ratio_far: 0.4778424799442291
train/correction_beneficial_ratio_middle: 0.45965099334716797
train/correction_beneficial_ratio_near: 0.46209967136383057
train/correction_cosine_far: -0.012616562657058239
train/correction_cosine_mean: -0.021494058892130852
train/correction_cosine_middle: -0.03015829622745514
train/correction_cosine_near: -0.02170730195939541
train/correction_magnitude_ratio_far: 0.010639304295182228
train/correction_magnitude_ratio_mean: 0.015358488075435162
train/correction_magnitude_ratio_middle: 0.013469202443957329
train/correction_magnitude_ratio_near: 0.021966950967907906
train/correction_optimal_scalar_far: -5.459630966186523
train/correction_optimal_scalar_mean: -2.439897060394287
train/correction_optimal_scalar_middle: -1.5898290872573853
train/correction_optimal_scalar_near: -0.27023306488990784
train/correction_patch_beneficial_ratio: [0.4671686887741089, 0.44993993639945984, 0.4349673390388489, 0.4434058964252472, 0.4722670018672943, 0.49643996357917786, 0.47050896286964417, 0.4505845606327057, 0.4366081655025482, 0.45360252261161804, 0.4723255932331085, 0.4782150089740753, 0.46441441774368286, 0.46180668473243713, 0.46303731203079224, 0.47050896286964417, 0.4852471649646759, 0.5026810169219971, 0.49037474393844604, 0.46889743208885193, 0.46415072679519653]
train/correction_patch_cosine: [-0.010618846863508224, -0.03519010916352272, -0.04639993980526924, -0.03314308822154999, -0.013544325716793537, 0.005574260372668505, -0.018628936260938644, -0.040237680077552795, -0.0471782349050045, -0.032192718237638474, -0.02190636470913887, -0.017722466960549355, -0.02626289241015911, -0.025607939809560776, -0.023425636813044548, -0.016018230468034744, -0.00835992582142353, 0.009048381820321083, -0.003936398774385452, -0.02081882581114769, -0.024805303663015366]
train/correction_patch_magnitude_ratio: [0.033274151384830475, 0.026229798793792725, 0.022213784977793694, 0.019375456497073174, 0.01813405565917492, 0.017827263101935387, 0.016714144498109818, 0.015530622564256191, 0.01430379506200552, 0.013405275531113148, 0.013262857683002949, 0.013378585688769817, 0.01262271124869585, 0.01178060658276081, 0.011208545416593552, 0.010912627913057804, 0.011059479787945747, 0.011075874790549278, 0.010556952096521854, 0.010010975413024426, 0.009650669060647488]
train/correction_patch_optimal_scalar: [-0.6753546595573425, -2.1021158695220947, -2.558147668838501, -0.8585402965545654, 0.5570001006126404, 3.165285348892212, 0.5802381038665771, -1.8123184442520142, -2.988571882247925, -1.6834876537322998, -0.48906275629997253, 0.6363743543624878, -1.9975570440292358, -2.7941746711730957, -5.108470916748047, -4.994634628295898, -3.941260576248169, 0.38943812251091003, -4.345642566680908, -12.096874237060547, -8.119959831237793]
[test]
test/correction_beneficial_ratio: 0.361568421125412
test/correction_beneficial_ratio_far: 0.37181174755096436
test/correction_beneficial_ratio_middle: 0.3367009460926056
test/correction_beneficial_ratio_near: 0.3761925995349884
test/correction_cosine_far: -0.13915696740150452
test/correction_cosine_mean: -0.13650743663311005
test/correction_cosine_middle: -0.16708806157112122
test/correction_cosine_near: -0.10327735543251038
test/correction_magnitude_ratio_far: 0.010546465404331684
test/correction_magnitude_ratio_mean: 0.015903862193226814
test/correction_magnitude_ratio_middle: 0.013510512188076973
test/correction_magnitude_ratio_near: 0.023654630407691002
test/correction_optimal_scalar_far: -12.01895523071289
test/correction_optimal_scalar_mean: -9.734233856201172
test/correction_optimal_scalar_middle: -11.895458221435547
test/correction_optimal_scalar_near: -5.288288116455078
test/correction_patch_beneficial_ratio: [0.40411263704299927, 0.37559232115745544, 0.35234689712524414, 0.36817166209220886, 0.3831023573875427, 0.4030397832393646, 0.34698256850242615, 0.32820743322372437, 0.32311129570007324, 0.33500224351882935, 0.35413500666618347, 0.35762181878089905, 0.33026373386383057, 0.3285650312900543, 0.33321413397789, 0.3538667857646942, 0.3837282061576843, 0.4158247709274292, 0.3946356773376465, 0.3680822551250458, 0.3533303439617157]
test/correction_patch_cosine: [-0.06196453794836998, -0.0967147946357727, -0.1190846785902977, -0.11675214022397995, -0.10683850944042206, -0.08526836335659027, -0.1363176703453064, -0.16650070250034332, -0.1748737245798111, -0.17006342113018036, -0.16114526987075806, -0.1540280431509018, -0.17125116288661957, -0.17175407707691193, -0.16769059002399445, -0.155416339635849, -0.13023442029953003, -0.09919117391109467, -0.11719048023223877, -0.1428166776895523, -0.16155922412872314]
test/correction_patch_magnitude_ratio: [0.036033857613801956, 0.028767503798007965, 0.0243889968842268, 0.020912710577249527, 0.019083889201283455, 0.0189527440816164, 0.01744263432919979, 0.01597185991704464, 0.014345072209835052, 0.013374066911637783, 0.013128833845257759, 0.01343374140560627, 0.012512587942183018, 0.0118073970079422, 0.011102639138698578, 0.010778199881315231, 0.010966664180159569, 0.011193715035915375, 0.01055055670440197, 0.009882100857794285, 0.009351350367069244]
test/correction_patch_optimal_scalar: [-2.729177713394165, -3.955364942550659, -5.355327129364014, -5.014833450317383, -4.546524524688721, -3.8338470458984375, -11.582905769348145, -13.444087028503418, -12.235958099365234, -9.25576400756836, -8.140612602233887, -8.555818557739258, -15.565938949584961, -16.070045471191406, -13.949134826660156, -12.289692878723145, -7.205338001251221, -3.410071849822998, -12.657196998596191, -17.517316818237305, -17.10394287109375]
