[train]
train/correction_beneficial_ratio: 0.5463473796844482
train/correction_beneficial_ratio_far: 0.5513938069343567
train/correction_beneficial_ratio_middle: 0.5708926320075989
train/correction_beneficial_ratio_near: 0.5167556405067444
train/correction_cosine_far: 0.08055480569601059
train/correction_cosine_mean: 0.06760206818580627
train/correction_cosine_middle: 0.08643721789121628
train/correction_cosine_near: 0.03581416234374046
train/correction_magnitude_ratio_far: 0.00963028147816658
train/correction_magnitude_ratio_mean: 0.018068827688694
train/correction_magnitude_ratio_middle: 0.013527849689126015
train/correction_magnitude_ratio_near: 0.0310483630746603
train/correction_optimal_scalar_far: 14.210861206054688
train/correction_optimal_scalar_mean: 9.585609436035156
train/correction_optimal_scalar_middle: 11.105684280395508
train/correction_optimal_scalar_near: 3.4402778148651123
train/correction_patch_beneficial_ratio: [0.48509785532951355, 0.47464412450790405, 0.48087188601493835, 0.4724199175834656, 0.4755338132381439, 0.4879893362522125, 0.5173487663269043, 0.5278024673461914, 0.5304715037345886, 0.5331405401229858, 0.5395907759666443, 0.5493772029876709, 0.5542704463005066, 0.560943067073822, 0.5618327260017395, 0.5725088715553284, 0.566948413848877, 0.5780693888664246, 0.5709519386291504, 0.5747330784797668, 0.5771797299385071, 0.5722864866256714, 0.5671707987785339, 0.5733985900878906, 0.5736209750175476, 0.561165452003479, 0.5571619272232056, 0.5702847242355347, 0.5794039368629456, 0.5685053467750549, 0.5602757930755615, 0.5622775554656982, 0.5616103410720825, 0.5689501762390137, 0.5658363103866577, 0.5600534081459045, 0.5527135133743286, 0.5398131608963013, 0.5462633371353149, 0.5451512336730957, 0.5475978851318359, 0.5398131608963013, 0.5411477088928223, 0.5438167452812195, 0.5355871915817261]
train/correction_patch_cosine: [0.0126426937058568, 0.00471908925101161, -0.000541230954695493, -0.01099520642310381, -0.007480212487280369, -0.0027797401417046785, 0.026196712628006935, 0.039915721863508224, 0.04560036584734917, 0.05598977953195572, 0.06078428775072098, 0.06884308159351349, 0.07392285764217377, 0.08208248019218445, 0.08831169456243515, 0.09050194919109344, 0.09431242942810059, 0.08879111707210541, 0.09147335588932037, 0.09186837077140808, 0.08931149542331696, 0.08562302589416504, 0.08140530437231064, 0.08126776665449142, 0.08155752718448639, 0.07730621844530106, 0.08100875467061996, 0.08809763193130493, 0.0887933000922203, 0.08523976802825928, 0.08269211649894714, 0.08402757346630096, 0.08416275680065155, 0.0822872743010521, 0.0834788903594017, 0.08150144666433334, 0.0788726806640625, 0.07981227338314056, 0.08104222267866135, 0.08217035233974457, 0.08211009949445724, 0.07733524590730667, 0.0761500895023346, 0.07679202407598495, 0.07588768750429153]
train/correction_patch_magnitude_ratio: [0.07778088003396988, 0.05280759558081627, 0.04310888797044754, 0.03741833567619324, 0.033546894788742065, 0.030018430203199387, 0.027270358055830002, 0.02490854077041149, 0.023211468011140823, 0.021688465029001236, 0.020467782393097878, 0.01976480893790722, 0.018822958692908287, 0.017834670841693878, 0.01707509160041809, 0.01646655797958374, 0.015991611406207085, 0.015266464091837406, 0.014829764142632484, 0.014432204887270927, 0.014188352040946484, 0.013778253458440304, 0.013417634181678295, 0.012945618480443954, 0.012596535496413708, 0.012206018902361393, 0.011967141181230545, 0.011850900948047638, 0.01159478910267353, 0.011385981924831867, 0.01119204144924879, 0.01094101369380951, 0.010720309801399708, 0.010461954399943352, 0.010286272503435612, 0.010136744007468224, 0.009965784847736359, 0.009726555086672306, 0.009450272656977177, 0.009109042584896088, 0.008872578851878643, 0.00862332433462143, 0.008428758941590786, 0.008321958594024181, 0.008217580616474152]
train/correction_patch_optimal_scalar: [0.547428548336029, 0.7586593627929688, 0.40777483582496643, -0.2579343616962433, -0.028303472325205803, 0.5946430563926697, 1.8872363567352295, 3.0296595096588135, 3.934399127960205, 4.824508190155029, 5.817600250244141, 6.565152645111084, 7.160205841064453, 7.926339149475098, 8.43681526184082, 8.745033264160156, 9.29773998260498, 9.35196304321289, 9.755049705505371, 10.278928756713867, 10.727499008178711, 10.830997467041016, 11.029646873474121, 11.50439453125, 11.698062896728516, 11.745330810546875, 12.539740562438965, 13.17724323272705, 13.143980026245117, 12.759712219238281, 13.054153442382812, 14.227422714233398, 14.406044006347656, 14.376324653625488, 14.399758338928223, 14.617836952209473, 13.955408096313477, 13.68272590637207, 14.260638236999512, 14.793059349060059, 14.860651969909668, 14.505474090576172, 14.677261352539062, 14.156147003173828, 13.190003395080566]
[test]
test/correction_beneficial_ratio: 0.5008354187011719
test/correction_beneficial_ratio_far: 0.5094402432441711
test/correction_beneficial_ratio_middle: 0.5020050406455994
test/correction_beneficial_ratio_near: 0.4910609722137451
test/correction_cosine_far: -0.033712588250637054
test/correction_cosine_mean: -0.017448920756578445
test/correction_cosine_middle: -0.015904590487480164
test/correction_cosine_near: -0.002729604486376047
test/correction_magnitude_ratio_far: 0.00567359384149313
test/correction_magnitude_ratio_mean: 0.013301094993948936
test/correction_magnitude_ratio_middle: 0.009405435994267464
test/correction_magnitude_ratio_near: 0.024824274703860283
test/correction_optimal_scalar_far: -8.031376838684082
test/correction_optimal_scalar_mean: -1.6606433391571045
test/correction_optimal_scalar_middle: -0.0899079442024231
test/correction_optimal_scalar_near: 3.1393604278564453
test/correction_patch_beneficial_ratio: [0.44611528515815735, 0.49498745799064636, 0.5, 0.4649122953414917, 0.47994986176490784, 0.5, 0.5112782120704651, 0.5062656402587891, 0.4774436056613922, 0.4736842215061188, 0.4736842215061188, 0.4862155318260193, 0.4987468719482422, 0.5250626802444458, 0.5275689363479614, 0.5375939607620239, 0.5288220643997192, 0.5350877046585083, 0.5313283205032349, 0.530075192451477, 0.5150375962257385, 0.49624061584472656, 0.48370927572250366, 0.4724310636520386, 0.4724310636520386, 0.48370927572250366, 0.4912280738353729, 0.4887218177318573, 0.47994986176490784, 0.48370927572250366, 0.4887218177318573, 0.49248120188713074, 0.5100250840187073, 0.518796980381012, 0.523809552192688, 0.5150375962257385, 0.5213032364845276, 0.5087719559669495, 0.5100250840187073, 0.5150375962257385, 0.5162907242774963, 0.5050125122070312, 0.5062656402587891, 0.5025062561035156, 0.5075187683105469]
test/correction_patch_cosine: [-0.0264881681650877, 0.011985613033175468, 0.014060534536838531, -0.024518895894289017, -0.010633244179189205, 0.011094906367361546, 0.02155422419309616, 0.015593579970300198, 0.0016372089739888906, -0.004473934415727854, -0.017928702756762505, -0.026953868567943573, -0.030187537893652916, -0.00062379619339481, 0.0249380674213171, 0.04420871287584305, 0.036445148289203644, 0.02494227886199951, 0.013601742684841156, 0.00653985608369112, -0.0029393353033810854, -0.012550350278615952, -0.026273446157574654, -0.042451586574316025, -0.04454180598258972, -0.04006323218345642, -0.046063825488090515, -0.05353157967329025, -0.04973747208714485, -0.046154387295246124, -0.047553133219480515, -0.049251098185777664, -0.035801514983177185, -0.028626950457692146, -0.02503693848848343, -0.024387257173657417, -0.026208912953734398, -0.0330037847161293, -0.03255460038781166, -0.03079262375831604, -0.03246736153960228, -0.037986721843481064, -0.037530165165662766, -0.035855360329151154, -0.02863197959959507]
test/correction_patch_magnitude_ratio: [0.0687219649553299, 0.045673489570617676, 0.034602463245391846, 0.0284083541482687, 0.025350552052259445, 0.022153589874505997, 0.020258748903870583, 0.01863679476082325, 0.017950236797332764, 0.016999579966068268, 0.016289692372083664, 0.015406135469675064, 0.014500937424600124, 0.013962119817733765, 0.013449244201183319, 0.012898926623165607, 0.012370585463941097, 0.011534196324646473, 0.010792440734803677, 0.010197639465332031, 0.009734109975397587, 0.009374098852276802, 0.008991371840238571, 0.008641695603728294, 0.008291110396385193, 0.007994662038981915, 0.007770595606416464, 0.0075984252616763115, 0.007513073738664389, 0.007378557696938515, 0.007155756000429392, 0.00685785012319684, 0.0066397469490766525, 0.00641992874443531, 0.006193418055772781, 0.005989867728203535, 0.00575597770512104, 0.005528878420591354, 0.005370275117456913, 0.0052024368196725845, 0.005059328395873308, 0.004894181154668331, 0.004778669681400061, 0.004675047006458044, 0.004582550376653671]
test/correction_patch_optimal_scalar: [-0.7382925748825073, 0.1899966299533844, 2.149747133255005, 1.3683165311813354, 2.3646128177642822, 3.806833028793335, 5.624027729034424, 5.513790607452393, 5.538208484649658, 5.597236633300781, 3.4931633472442627, 2.004554271697998, 1.0465372800827026, 3.967512369155884, 5.164125919342041, 5.541568756103516, 4.780754089355469, 5.382635116577148, 5.196078777313232, 4.227489948272705, 3.4954283237457275, 1.7716577053070068, -0.647125780582428, -2.355814218521118, -1.8861101865768433, -2.2739102840423584, -4.8093671798706055, -6.491170406341553, -5.895136833190918, -7.385629653930664, -9.264582633972168, -9.770054817199707, -7.399593830108643, -7.635356903076172, -7.387023448944092, -7.290626525878906, -7.483520030975342, -8.85711669921875, -8.993160247802734, -6.926468849182129, -7.1751813888549805, -9.489099502563477, -8.71601390838623, -8.272727966308594, -5.810125827789307]
