[train]
train/correction_beneficial_ratio: 0.5173128843307495
train/correction_beneficial_ratio_far: 0.4930601716041565
train/correction_beneficial_ratio_middle: 0.5225899815559387
train/correction_beneficial_ratio_near: 0.5362885594367981
train/correction_cosine_far: -0.011811698786914349
train/correction_cosine_mean: 0.01094900444149971
train/correction_cosine_middle: 0.013171889819204807
train/correction_cosine_near: 0.031486812978982925
train/correction_magnitude_ratio_far: 0.01741100288927555
train/correction_magnitude_ratio_mean: 0.02130737714469433
train/correction_magnitude_ratio_middle: 0.018562044948339462
train/correction_magnitude_ratio_near: 0.02794908545911312
train/correction_optimal_scalar_far: -1.1762676239013672
train/correction_optimal_scalar_mean: 0.027834955602884293
train/correction_optimal_scalar_middle: 0.20766888558864594
train/correction_optimal_scalar_near: 1.0521034002304077
train/correction_patch_beneficial_ratio: [0.5425260663032532, 0.5831670165061951, 0.5849412083625793, 0.5461022257804871, 0.49270904064178467, 0.46737080812454224, 0.4754657447338104, 0.5044633150100708, 0.5322410464286804, 0.5749611854553223, 0.5924539566040039, 0.5832778811454773, 0.5507041215896606, 0.5219283699989319, 0.4920159578323364, 0.4884120523929596, 0.5075404644012451, 0.5420547723770142, 0.5808106064796448, 0.5816145539283752, 0.5582723617553711, 0.5177977085113525, 0.4843091666698456, 0.4731370508670807, 0.47552117705345154, 0.4969782531261444, 0.5192947387695312, 0.5422765612602234, 0.5466289520263672, 0.5242015719413757, 0.4965069890022278, 0.4782657027244568, 0.4742182195186615, 0.48239630460739136, 0.4971723258495331, 0.5158571600914001, 0.5331559181213379, 0.5254213809967041, 0.5036593675613403, 0.481758713722229, 0.46626192331314087, 0.4577789008617401, 0.4748004078865051, 0.49392881989479065, 0.5147205591201782]
train/correction_patch_cosine: [0.04902686923742294, 0.07345309108495712, 0.07413408905267715, 0.04252789914608002, -0.003993959166109562, -0.025389190763235092, -0.020501727238297462, 0.007232649251818657, 0.03450441733002663, 0.06368792057037354, 0.075781911611557, 0.06316691637039185, 0.039491623640060425, 0.012184116058051586, -0.013004347681999207, -0.012987698428332806, 0.006651411764323711, 0.0347956083714962, 0.0590100921690464, 0.06022699922323227, 0.039107441902160645, 0.008522594347596169, -0.024385245516896248, -0.03321206197142601, -0.02489192597568035, -0.005701816640794277, 0.013468720950186253, 0.028922569006681442, 0.030653228983283043, 0.01739848591387272, 0.00025087830726988614, -0.02003292366862297, -0.027499111369252205, -0.02411031909286976, -0.009629322215914726, 0.00738369207829237, 0.01823456957936287, 0.012281802482903004, -0.0007800358580425382, -0.019397541880607605, -0.03429361805319786, -0.0390608087182045, -0.028276775032281876, -0.015204007737338543, 0.0029579955153167248]
train/correction_patch_magnitude_ratio: [0.05049319937825203, 0.034607402980327606, 0.030578235164284706, 0.030139705166220665, 0.030545903369784355, 0.030516667291522026, 0.02916794829070568, 0.02766207605600357, 0.025682449340820312, 0.023375360295176506, 0.021238096058368683, 0.020874079316854477, 0.021268120035529137, 0.021660784259438515, 0.021426178514957428, 0.020889591425657272, 0.02053588628768921, 0.019907517358660698, 0.01879725605249405, 0.018141647800803185, 0.0182360727339983, 0.018917879089713097, 0.018866848200559616, 0.01876171864569187, 0.018203791230916977, 0.017861971631646156, 0.017616117373108864, 0.01728576049208641, 0.016982227563858032, 0.01742631569504738, 0.01819361001253128, 0.01859135553240776, 0.0185844749212265, 0.018084321171045303, 0.017642918974161148, 0.017364058643579483, 0.016965903341770172, 0.01664029248058796, 0.017051201313734055, 0.017347754910588264, 0.01741233840584755, 0.017229802906513214, 0.01686478964984417, 0.01656496152281761, 0.016627339646220207]
train/correction_patch_optimal_scalar: [0.7006021738052368, 1.4410231113433838, 1.874963641166687, 1.0568515062332153, -0.1532161980867386, -0.6199913024902344, -0.34667742252349854, 0.6724490523338318, 1.33704674243927, 2.2918026447296143, 2.843825340270996, 2.563037633895874, 1.8220919370651245, 0.717490017414093, -0.41975536942481995, -0.6140565872192383, 0.24949802458286285, 1.452791452407837, 2.9176199436187744, 2.915060520172119, 1.623789668083191, -0.26023226976394653, -2.076371431350708, -2.38192081451416, -1.7791218757629395, -0.5796327590942383, 0.35150980949401855, 0.9356650114059448, 0.6111056208610535, -0.2506716251373291, -0.6346399784088135, -1.5290974378585815, -1.6329498291015625, -1.4473161697387695, -1.010313630104065, -0.3361145555973053, 0.14975272119045258, -0.3433854281902313, -0.9449132084846497, -1.897205114364624, -2.6330626010894775, -2.7666585445404053, -1.864585518836975, -0.9243536591529846, 0.17083843052387238]
[test]
test/correction_beneficial_ratio: 0.5111405253410339
test/correction_beneficial_ratio_far: 0.5131500363349915
test/correction_beneficial_ratio_middle: 0.49709436297416687
test/correction_beneficial_ratio_near: 0.5231772065162659
test/correction_cosine_far: 0.002018723404034972
test/correction_cosine_mean: 0.00533281872048974
test/correction_cosine_middle: -0.005824157502502203
test/correction_cosine_near: 0.019803892821073532
test/correction_magnitude_ratio_far: 0.012652328237891197
test/correction_magnitude_ratio_mean: 0.016405826434493065
test/correction_magnitude_ratio_middle: 0.01478686835616827
test/correction_magnitude_ratio_near: 0.021778272464871407
test/correction_optimal_scalar_far: -2.388404369354248
test/correction_optimal_scalar_mean: -1.6611087322235107
test/correction_optimal_scalar_middle: -2.354728937149048
test/correction_optimal_scalar_near: -0.24019519984722137
test/correction_patch_beneficial_ratio: [0.4601832926273346, 0.49093687534332275, 0.5375763773918152, 0.5654786229133606, 0.563645601272583, 0.5397148728370667, 0.5297352075576782, 0.5341140627861023, 0.5270875692367554, 0.48890021443367004, 0.48248472809791565, 0.5279022455215454, 0.5560081601142883, 0.5346232056617737, 0.5092667937278748, 0.48706722259521484, 0.4930753707885742, 0.4986761808395386, 0.4906313717365265, 0.5043787956237793, 0.5097759962081909, 0.517922580242157, 0.5090631246566772, 0.49164968729019165, 0.4871690571308136, 0.48503056168556213, 0.4816700518131256, 0.4737270772457123, 0.48839104175567627, 0.5381873846054077, 0.5525458455085754, 0.541344165802002, 0.5297352075576782, 0.5145621299743652, 0.5064154863357544, 0.5049898028373718, 0.49480652809143066, 0.5014256834983826, 0.52301424741745, 0.5190427899360657, 0.5192464590072632, 0.5071282982826233, 0.5102851390838623, 0.4935845136642456, 0.4791242480278015]
test/correction_patch_cosine: [-0.01866772212088108, -0.0008548173354938626, 0.04052416607737541, 0.06569192558526993, 0.046848561614751816, 0.034736040979623795, 0.027832457795739174, 0.03008314035832882, 0.02397681586444378, -0.001418700092472136, -0.008885383605957031, 0.018240254372358322, 0.030049405992031097, 0.01177950669080019, -0.0028772831428796053, -0.007357967551797628, 0.0018040580907836556, 0.0028868161607533693, -0.009284775704145432, -0.007721100468188524, 0.006037757731974125, 0.013253100216388702, -0.0025283985305577517, -0.010795263573527336, -0.012846170924603939, -0.012261765077710152, -0.015839803963899612, -0.025673354044556618, -0.01816810853779316, 0.011132494546473026, 0.022336900234222412, 0.011992325074970722, 0.006020651198923588, -0.0002509821788407862, -3.715989078045823e-05, -0.006200314033776522, -0.014853745698928833, -0.010883549228310585, 0.012279278598725796, 0.015213740058243275, 0.009277093224227428, 0.004532843362540007, 0.0038521792739629745, -0.0068947747349739075, -0.01610356755554676]
test/correction_patch_magnitude_ratio: [0.04551386088132858, 0.02971297688782215, 0.02497480809688568, 0.02332194708287716, 0.022004509344697, 0.021271809935569763, 0.020704947412014008, 0.020618321374058723, 0.020255886018276215, 0.018765725195407867, 0.016835210844874382, 0.016145607456564903, 0.01583494432270527, 0.015524706803262234, 0.015188918448984623, 0.015497475862503052, 0.01635742373764515, 0.01683776080608368, 0.016362613067030907, 0.015413173474371433, 0.015040847472846508, 0.015229078009724617, 0.014563693664968014, 0.014004706405103207, 0.013805410824716091, 0.013833649456501007, 0.01408569235354662, 0.013929693959653378, 0.013470140285789967, 0.013371730223298073, 0.013319372199475765, 0.013040860183537006, 0.012967131100594997, 0.013023200444877148, 0.013130350038409233, 0.01328898686915636, 0.013200221583247185, 0.012705229222774506, 0.012701286002993584, 0.012493581511080265, 0.011959484778344631, 0.011758538894355297, 0.011794092133641243, 0.011993836611509323, 0.012408768758177757]
test/correction_patch_optimal_scalar: [-1.48125159740448, -2.1764767169952393, 0.44312945008277893, 2.4549622535705566, 1.9362891912460327, 1.332629919052124, 0.6543882489204407, 0.31998196244239807, -0.9311473965644836, -3.094942569732666, -3.430135488510132, -0.1748274564743042, 1.1622984409332275, 0.22406277060508728, -0.8418675661087036, -1.189831256866455, -0.5451708436012268, -0.8598976731300354, -2.9929285049438477, -3.3948609828948975, -2.1173911094665527, -1.5627970695495605, -2.222799777984619, -2.7303974628448486, -3.3449275493621826, -2.690185070037842, -2.3882040977478027, -3.9197261333465576, -4.287671089172363, -1.0741240978240967, 0.7278150320053101, -0.234538733959198, -1.3100359439849854, -2.5503647327423096, -2.204232931137085, -2.626552104949951, -4.5878520011901855, -4.659016132354736, -1.9535291194915771, -1.569632649421692, -2.026301622390747, -2.518681287765503, -2.3083748817443848, -3.2085423469543457, -4.796233177185059]
