[train]
train/correction_beneficial_ratio: 0.4241395890712738
train/correction_beneficial_ratio_far: 0.4176948666572571
train/correction_beneficial_ratio_middle: 0.40293753147125244
train/correction_beneficial_ratio_near: 0.4517863690853119
train/correction_cosine_far: -0.07309866696596146
train/correction_cosine_mean: -0.06398947536945343
train/correction_cosine_middle: -0.09273114055395126
train/correction_cosine_near: -0.026138730347156525
train/correction_magnitude_ratio_far: 0.02945784479379654
train/correction_magnitude_ratio_mean: 0.03152063861489296
train/correction_magnitude_ratio_middle: 0.029834676533937454
train/correction_magnitude_ratio_near: 0.03526947274804115
train/correction_optimal_scalar_far: -0.3746388256549835
train/correction_optimal_scalar_mean: 0.36703959107398987
train/correction_optimal_scalar_middle: -0.7926581501960754
train/correction_optimal_scalar_near: 2.268413782119751
train/correction_patch_beneficial_ratio: [0.4681447148323059, 0.4685101807117462, 0.4707028865814209, 0.442319393157959, 0.4404921531677246, 0.4453648328781128, 0.42697039246559143, 0.4129613935947418, 0.40260690450668335, 0.3899378776550293, 0.3956632912158966, 0.4090632200241089, 0.4033378064632416, 0.4069923162460327, 0.4060177803039551, 0.4199049770832062, 0.4157631993293762, 0.41076865792274475, 0.4177122712135315, 0.43062493205070496, 0.4230722486972809]
train/correction_patch_cosine: [-0.015355539508163929, -0.0028738463297486305, 0.007638635579496622, -0.03211205452680588, -0.0357900895178318, -0.0389842763543129, -0.06549379229545593, -0.09017153084278107, -0.0937270000576973, -0.11484929174184799, -0.09736604988574982, -0.08563246577978134, -0.0856548324227333, -0.08171597123146057, -0.08210444450378418, -0.07089663296937943, -0.07400908321142197, -0.0818042904138565, -0.07178568840026855, -0.06223086267709732, -0.06885974109172821]
train/correction_patch_magnitude_ratio: [0.042805589735507965, 0.03803463652729988, 0.03623465448617935, 0.03325163945555687, 0.03285105153918266, 0.03235723450779915, 0.03135130926966667, 0.030819043517112732, 0.030470533296465874, 0.029101641848683357, 0.02968989685177803, 0.029720855876803398, 0.02956271357834339, 0.02947784774005413, 0.029322424903512, 0.029197240248322487, 0.02933511883020401, 0.02932921051979065, 0.02946554869413376, 0.02980484440922737, 0.0297504011541605]
train/correction_patch_optimal_scalar: [0.604248046875, 2.1022348403930664, 3.3082034587860107, 2.7561278343200684, 3.1760144233703613, 2.728572130203247, 1.2034978866577148, -0.11740359663963318, -0.47358909249305725, -1.615530252456665, -0.5245269536972046, -0.543744683265686, -1.2119637727737427, -1.0618399381637573, -1.0816516876220703, -0.6533297896385193, -0.7902340292930603, -0.6844403147697449, -0.031892742961645126, 0.4977602958679199, 0.12132008373737335]
[test]
test/correction_beneficial_ratio: 0.39240339398384094
test/correction_beneficial_ratio_far: 0.3921414613723755
test/correction_beneficial_ratio_middle: 0.3652539849281311
test/correction_beneficial_ratio_near: 0.4198147654533386
test/correction_cosine_far: -0.08602668344974518
test/correction_cosine_mean: -0.08409219980239868
test/correction_cosine_middle: -0.11252617835998535
test/correction_cosine_near: -0.053723666816949844
test/correction_magnitude_ratio_far: 0.027058355510234833
test/correction_magnitude_ratio_mean: 0.029648682102560997
test/correction_magnitude_ratio_middle: 0.027703842148184776
test/correction_magnitude_ratio_near: 0.03418385982513428
test/correction_optimal_scalar_far: -5.050098419189453
test/correction_optimal_scalar_mean: -3.9170987606048584
test/correction_optimal_scalar_middle: -5.165744781494141
test/correction_optimal_scalar_near: -1.5354576110839844
test/correction_patch_beneficial_ratio: [0.4322200417518616, 0.4463654160499573, 0.4565815329551697, 0.418860524892807, 0.40314340591430664, 0.3948919475078583, 0.3866404592990875, 0.3611001968383789, 0.3485265374183655, 0.3559921383857727, 0.35952848196029663, 0.3650294840335846, 0.3752455711364746, 0.39135560393333435, 0.38624754548072815, 0.39764243364334106, 0.3909626603126526, 0.38860511779785156, 0.3917485177516937, 0.3893909752368927, 0.40039291977882385]
test/correction_patch_cosine: [-0.02846425399184227, -0.031594064086675644, -0.019213087856769562, -0.05647791549563408, -0.07122866809368134, -0.07627777010202408, -0.09280955046415329, -0.10945183783769608, -0.11401129513978958, -0.12506386637687683, -0.11759001761674881, -0.11197075992822647, -0.10585799813270569, -0.1037377268075943, -0.09798866510391235, -0.089218869805336, -0.09067763388156891, -0.08702138066291809, -0.08145958185195923, -0.07993771135807037, -0.07588336616754532]
test/correction_patch_magnitude_ratio: [0.04030923172831535, 0.03637063503265381, 0.03441955894231796, 0.032563116401433945, 0.03246818110346794, 0.03208933770656586, 0.03106694296002388, 0.030097970739006996, 0.028947019949555397, 0.026773659512400627, 0.026842551305890083, 0.02634408324956894, 0.02724268287420273, 0.027678852900862694, 0.027537230402231216, 0.027177006006240845, 0.026829387992620468, 0.02677144668996334, 0.026461312547326088, 0.026964711025357246, 0.027667397633194923]
test/correction_patch_optimal_scalar: [-1.4014036655426025, -1.6247657537460327, -0.46122077107429504, -1.5203450918197632, -1.6017061471939087, -1.7328550815582275, -2.405898094177246, -3.7214467525482178, -4.167386054992676, -5.763672828674316, -5.673669815063477, -5.941650867462158, -5.715927600860596, -5.176462173461914, -5.365396976470947, -5.054852485656738, -5.102555274963379, -5.176442623138428, -4.785744667053223, -5.053418159484863, -4.812253475189209]
