[train]
train/correction_beneficial_ratio: 0.5249491930007935
train/correction_beneficial_ratio_far: 0.5337875485420227
train/correction_beneficial_ratio_middle: 0.518462061882019
train/correction_beneficial_ratio_near: 0.5225979685783386
train/correction_cosine_far: 0.08199454843997955
train/correction_cosine_mean: 0.07425278425216675
train/correction_cosine_middle: 0.06885693222284317
train/correction_cosine_near: 0.07190681993961334
train/correction_magnitude_ratio_far: 0.10240772366523743
train/correction_magnitude_ratio_mean: 0.1083681508898735
train/correction_magnitude_ratio_middle: 0.10720792412757874
train/correction_magnitude_ratio_near: 0.11548866331577301
train/correction_optimal_scalar_far: 1.11398446559906
train/correction_optimal_scalar_mean: 1.1860573291778564
train/correction_optimal_scalar_middle: 1.1012036800384521
train/correction_optimal_scalar_near: 1.3429838418960571
train/correction_patch_beneficial_ratio: [0.49102792143821716, 0.5387039184570312, 0.5286668539047241, 0.5319930911064148, 0.5291337370872498, 0.5214600563049316, 0.5083301663398743, 0.5149242877960205, 0.530971884727478, 0.5346482396125793, 0.5398418307304382, 0.5296881198883057]
train/correction_patch_cosine: [0.0547495074570179, 0.08473397046327591, 0.07267024368047714, 0.07547347247600555, 0.07714197039604187, 0.07024786621332169, 0.061157744377851486, 0.06688036769628525, 0.07967811822891235, 0.084977887570858, 0.08857804536819458, 0.07474413514137268]
train/correction_patch_magnitude_ratio: [0.13869546353816986, 0.10588257014751434, 0.10853539407253265, 0.10884153842926025, 0.10950685292482376, 0.1086442843079567, 0.10515683144330978, 0.10552389919757843, 0.1052936241030693, 0.10288675129413605, 0.10112027078866959, 0.10033030807971954]
train/correction_patch_optimal_scalar: [0.6723036766052246, 1.2381970882415771, 1.7422374486923218, 1.7191951274871826, 1.4298797845840454, 0.8402205109596252, 1.0059036016464233, 1.128810167312622, 1.2975214719772339, 1.4851922988891602, 1.2289776802062988, 0.4442501962184906]
[test]
test/correction_beneficial_ratio: 0.4526289403438568
test/correction_beneficial_ratio_far: 0.4770941734313965
test/correction_beneficial_ratio_middle: 0.4507458806037903
test/correction_beneficial_ratio_near: 0.43004679679870605
test/correction_cosine_far: 0.010908608324825764
test/correction_cosine_mean: -0.008451604284346104
test/correction_cosine_middle: -0.007545950822532177
test/correction_cosine_near: -0.028717510402202606
test/correction_magnitude_ratio_far: 0.11659912765026093
test/correction_magnitude_ratio_mean: 0.1168382465839386
test/correction_magnitude_ratio_middle: 0.11605172604322433
test/correction_magnitude_ratio_near: 0.11786379665136337
test/correction_optimal_scalar_far: 0.7888858914375305
test/correction_optimal_scalar_mean: 0.49621886014938354
test/correction_optimal_scalar_middle: 0.2615298330783844
test/correction_optimal_scalar_near: 0.43823808431625366
test/correction_patch_beneficial_ratio: [0.4551151990890503, 0.43084120750427246, 0.4136287271976471, 0.4206019937992096, 0.44364020228385925, 0.4702974557876587, 0.44505253434181213, 0.44399330019950867, 0.47638803720474243, 0.49112895131111145, 0.4866272509098053, 0.45423251390457153]
test/correction_patch_cosine: [0.019370969384908676, -0.021310867741703987, -0.06256787478923798, -0.050362199544906616, -0.013965643011033535, 0.014216093346476555, -0.013209810480475426, -0.017224391922354698, 0.008963516913354397, 0.021199684590101242, 0.024656303226947784, -0.01118506584316492]
test/correction_patch_magnitude_ratio: [0.141635924577713, 0.10586599260568619, 0.11080409586429596, 0.11314906179904938, 0.11578242480754852, 0.11576365679502487, 0.11448277533054352, 0.11817815899848938, 0.12077397108078003, 0.11781863868236542, 0.11291434615850449, 0.11489000171422958]
test/correction_patch_optimal_scalar: [-0.10593089461326599, 0.38779395818710327, 0.7960222959518433, 0.6750692129135132, 0.27272945642471313, 0.5254049301147461, 0.04475298896431923, 0.20323416590690613, 0.9665899276733398, 1.1624809503555298, 0.8166467547416687, 0.209832563996315]
