[train]
train/correction_beneficial_ratio: 0.5651047825813293
train/correction_beneficial_ratio_far: 0.5798487663269043
train/correction_beneficial_ratio_middle: 0.5975089073181152
train/correction_beneficial_ratio_near: 0.5179566740989685
train/correction_cosine_far: 0.1131352111697197
train/correction_cosine_mean: 0.08341076225042343
train/correction_cosine_middle: 0.10550034791231155
train/correction_cosine_near: 0.03159671649336815
train/correction_magnitude_ratio_far: 0.008334394544363022
train/correction_magnitude_ratio_mean: 0.013591401278972626
train/correction_magnitude_ratio_middle: 0.010796122252941132
train/correction_magnitude_ratio_near: 0.021643685176968575
train/correction_optimal_scalar_far: 20.934879302978516
train/correction_optimal_scalar_mean: 13.82911491394043
train/correction_optimal_scalar_middle: 15.699172973632812
train/correction_optimal_scalar_near: 4.853299617767334
train/correction_patch_beneficial_ratio: [0.45862990617752075, 0.4715302586555481, 0.4810943007469177, 0.47887009382247925, 0.48843416571617126, 0.4931049942970276, 0.5191280841827393, 0.5280249118804932, 0.5295818448066711, 0.5353647470474243, 0.5318060517311096, 0.5511565804481506, 0.5522686839103699, 0.5696174502372742, 0.5807384252548218, 0.5778470039367676, 0.58474200963974, 0.5880783200263977, 0.587855875492096, 0.6005337834358215, 0.6000889539718628, 0.5931939482688904, 0.599644124507904, 0.6058719158172607, 0.6114323735237122, 0.600978672504425, 0.5945284962654114, 0.6014235019683838, 0.6149911284446716, 0.6014235019683838, 0.5929715037345886, 0.5931939482688904, 0.5920818448066711, 0.5965302586555481, 0.5965302586555481, 0.5949733257293701, 0.5829626321792603, 0.5785142183303833, 0.5731761455535889, 0.5725088715553284, 0.5698398351669312, 0.5600534081459045, 0.5647242069244385, 0.5627224445343018, 0.566948413848877]
train/correction_patch_cosine: [-0.031367458403110504, -0.01818835362792015, -0.009976550936698914, -0.0071427542716264725, -0.004811091814190149, -0.0002933055511675775, 0.02260882593691349, 0.038853853940963745, 0.043012700974941254, 0.05347781255841255, 0.061219360679388046, 0.07310965657234192, 0.07791543006896973, 0.0835469663143158, 0.09198559820652008, 0.09702472388744354, 0.10273105651140213, 0.10125678032636642, 0.10760748386383057, 0.10999229550361633, 0.10539687424898148, 0.10106713324785233, 0.09821576625108719, 0.10296139121055603, 0.10292639583349228, 0.10026615113019943, 0.1052003726363182, 0.11414660513401031, 0.11824776977300644, 0.11546473950147629, 0.11270806938409805, 0.1173401027917862, 0.11731546372175217, 0.1167011708021164, 0.11706620454788208, 0.11555114388465881, 0.11410106718540192, 0.11541138589382172, 0.11557774990797043, 0.11458805948495865, 0.11155134439468384, 0.10854747891426086, 0.10763827711343765, 0.10697649419307709, 0.10595373809337616]
train/correction_patch_magnitude_ratio: [0.051049429923295975, 0.0353727862238884, 0.029290776699781418, 0.02602088637650013, 0.02358168736100197, 0.021256782114505768, 0.019310634583234787, 0.017717570066452026, 0.016541795805096626, 0.015507726930081844, 0.014828110113739967, 0.014372526668012142, 0.013816405087709427, 0.013209296390414238, 0.012778808362782001, 0.012467024847865105, 0.012199386954307556, 0.011921970173716545, 0.011645819991827011, 0.01132287085056305, 0.01120910793542862, 0.01098841056227684, 0.010751646012067795, 0.010484971106052399, 0.010209612548351288, 0.00995524413883686, 0.00982392206788063, 0.009756811894476414, 0.00965333916246891, 0.009551743045449257, 0.009445138275623322, 0.009297700598835945, 0.00918993167579174, 0.008988077752292156, 0.008872208185493946, 0.00878979917615652, 0.008700601756572723, 0.008480281569063663, 0.008177864365279675, 0.007924600504338741, 0.007708456367254257, 0.007522158790379763, 0.007374448701739311, 0.007312119472771883, 0.007232550531625748]
train/correction_patch_optimal_scalar: [-0.06491253525018692, 0.344377338886261, 0.4749096632003784, 0.19388917088508606, 0.6515880823135376, 1.7833219766616821, 3.631441593170166, 5.327113151550293, 5.741977214813232, 6.461354732513428, 7.925839424133301, 9.092008590698242, 9.625014305114746, 10.251657485961914, 11.359950065612793, 11.816675186157227, 12.601518630981445, 13.148697853088379, 14.384129524230957, 14.941529273986816, 15.066328048706055, 14.891544342041016, 15.27865219116211, 16.26069450378418, 16.038036346435547, 16.352542877197266, 17.50190544128418, 18.549840927124023, 19.189502716064453, 19.465991973876953, 19.780258178710938, 20.949993133544922, 20.931198120117188, 21.278417587280273, 21.161848068237305, 21.0922908782959, 20.63680076599121, 21.025911331176758, 21.800945281982422, 22.029199600219727, 21.301761627197266, 20.83344078063965, 20.859052658081055, 20.325307846069336, 20.016630172729492]
[test]
test/correction_beneficial_ratio: 0.4170983135700226
test/correction_beneficial_ratio_far: 0.41194653511047363
test/correction_beneficial_ratio_middle: 0.42589807510375977
test/correction_beneficial_ratio_near: 0.41345030069351196
test/correction_cosine_far: -0.14890173077583313
test/correction_cosine_mean: -0.1172146275639534
test/correction_cosine_middle: -0.11367055773735046
test/correction_cosine_near: -0.08907152712345123
test/correction_magnitude_ratio_far: 0.004694676958024502
test/correction_magnitude_ratio_mean: 0.009623088873922825
test/correction_magnitude_ratio_middle: 0.007191997487097979
test/correction_magnitude_ratio_near: 0.016982585191726685
test/correction_optimal_scalar_far: -30.975736618041992
test/correction_optimal_scalar_mean: -17.634702682495117
test/correction_optimal_scalar_middle: -17.152177810668945
test/correction_optimal_scalar_near: -4.776212692260742
test/correction_patch_beneficial_ratio: [0.3721804618835449, 0.45989975333213806, 0.45614033937454224, 0.4060150384902954, 0.3909774422645569, 0.39724311232566833, 0.4248120188713074, 0.41228070855140686, 0.3934836983680725, 0.3959899842739105, 0.39849624037742615, 0.4022556245326996, 0.4072681665420532, 0.4285714328289032, 0.45614033937454224, 0.44736841320991516, 0.4548872113227844, 0.4548872113227844, 0.45989975333213806, 0.4548872113227844, 0.44486215710639954, 0.4273183047771454, 0.41102758049964905, 0.4047619104385376, 0.40852129459381104, 0.40977442264556885, 0.4135338366031647, 0.41228070855140686, 0.39849624037742615, 0.38596490025520325, 0.3834586441516876, 0.37343358993530273, 0.378446102142334, 0.3947368562221527, 0.4022556245326996, 0.4147869646549225, 0.42105263471603394, 0.4147869646549225, 0.42355889081954956, 0.42355889081954956, 0.42105263471603394, 0.4185463786125183, 0.42230576276779175, 0.429824560880661, 0.45739349722862244]
test/correction_patch_cosine: [-0.07354652881622314, -0.026415882632136345, -0.041872069239616394, -0.0999089702963829, -0.11416736990213394, -0.09758151322603226, -0.08532286435365677, -0.0858689472079277, -0.09817143529653549, -0.09969625622034073, -0.10488972067832947, -0.11014623194932938, -0.116465725004673, -0.10098563134670258, -0.0810346007347107, -0.06760615855455399, -0.07068109512329102, -0.07260450720787048, -0.07773438096046448, -0.08011440932750702, -0.08091405779123306, -0.09190064668655396, -0.11525725573301315, -0.13203775882720947, -0.1397235244512558, -0.14054442942142487, -0.15190079808235168, -0.16133274137973785, -0.16104501485824585, -0.1616627722978592, -0.1699814796447754, -0.17491577565670013, -0.16725023090839386, -0.15619657933712006, -0.15190938115119934, -0.146088108420372, -0.1407044231891632, -0.14309251308441162, -0.13991892337799072, -0.14063824713230133, -0.14370864629745483, -0.14616426825523376, -0.1464812308549881, -0.1397150605916977, -0.12676003575325012]
test/correction_patch_magnitude_ratio: [0.04660705476999283, 0.03092886693775654, 0.023061977699398994, 0.019157931208610535, 0.01700831577181816, 0.014954815618693829, 0.013791128061711788, 0.01271156407892704, 0.012239912524819374, 0.011882997117936611, 0.011534638702869415, 0.010911202989518642, 0.010308981873095036, 0.009921823628246784, 0.009717640466988087, 0.009431342594325542, 0.009068131446838379, 0.008518095128238201, 0.008030533790588379, 0.007711854297667742, 0.0074283406138420105, 0.007196219637989998, 0.00691143749281764, 0.00666718790307641, 0.006462553050369024, 0.00628990912809968, 0.00614787545055151, 0.006048107054084539, 0.006015465594828129, 0.005952957086265087, 0.005806183908134699, 0.005597795359790325, 0.005446299444884062, 0.005290004424750805, 0.005100402049720287, 0.004922348540276289, 0.004788379184901714, 0.004610000643879175, 0.004444926977157593, 0.00432777451351285, 0.0042220549657940865, 0.004110333975404501, 0.004002326633781195, 0.003908994607627392, 0.0038423524238169193]
test/correction_patch_optimal_scalar: [-1.8671507835388184, -1.4603902101516724, -0.4086233377456665, -3.5680313110351562, -5.47035026550293, -4.5162835121154785, -2.7569222450256348, -1.4838398694992065, -3.5641820430755615, -3.7589566707611084, -6.398334503173828, -7.6012349128723145, -10.968489646911621, -9.31830883026123, -8.502084732055664, -10.304768562316895, -11.87890338897705, -8.897953033447266, -9.543131828308105, -11.58694076538086, -11.619943618774414, -13.181035041809082, -17.00070571899414, -20.566722869873047, -20.33926010131836, -20.430456161499023, -24.050512313842773, -25.97041893005371, -25.211515426635742, -26.700557708740234, -30.580432891845703, -30.74347496032715, -28.604206085205078, -28.947765350341797, -29.026037216186523, -27.84979820251465, -27.101465225219727, -29.277820587158203, -29.643035888671875, -29.382007598876953, -32.481082916259766, -35.91363525390625, -37.061832427978516, -35.994258880615234, -32.02875518798828]
