[train]
train/correction_beneficial_ratio: 0.5593615174293518
train/correction_beneficial_ratio_far: 0.5633400082588196
train/correction_beneficial_ratio_middle: 0.572458803653717
train/correction_beneficial_ratio_near: 0.5422857999801636
train/correction_cosine_far: 0.0656450092792511
train/correction_cosine_mean: 0.06759429723024368
train/correction_cosine_middle: 0.07519447058439255
train/correction_cosine_near: 0.061943408101797104
train/correction_magnitude_ratio_far: 0.06781899929046631
train/correction_magnitude_ratio_mean: 0.07380038499832153
train/correction_magnitude_ratio_middle: 0.06790712475776672
train/correction_magnitude_ratio_near: 0.08567501604557037
train/correction_optimal_scalar_far: 1.66258704662323
train/correction_optimal_scalar_mean: 1.4836292266845703
train/correction_optimal_scalar_middle: 1.6830861568450928
train/correction_optimal_scalar_near: 1.105215311050415
train/correction_patch_beneficial_ratio: [0.5449933409690857, 0.5970004200935364, 0.5821412801742554, 0.5495120882987976, 0.485861599445343, 0.44350188970565796, 0.4347693622112274, 0.48511311411857605, 0.557634711265564, 0.601047933101654, 0.6214792728424072, 0.6018241047859192, 0.5806719660758972, 0.5418606996536255, 0.5068751573562622, 0.4981426000595093, 0.5413617491722107, 0.5858837962150574, 0.6136060953140259, 0.6261088848114014, 0.6054280400276184, 0.582224428653717, 0.5481259822845459, 0.511227548122406, 0.5062097907066345, 0.5422488451004028, 0.5864382386207581, 0.6099467873573303, 0.626774251461029, 0.6031547784805298, 0.5861333012580872, 0.550620973110199, 0.5186848640441895, 0.5167443156242371, 0.5516467094421387, 0.5964736938476562, 0.615546703338623, 0.6200376749038696, 0.5970281362533569, 0.5805056691169739, 0.5469338893890381, 0.5143324732780457, 0.514138400554657, 0.5477933287620544, 0.5934796929359436]
train/correction_patch_cosine: [0.08587644249200821, 0.11447590589523315, 0.1021639034152031, 0.07112780958414078, 0.01582605391740799, -0.01796564646065235, -0.018564248457551003, 0.02344447188079357, 0.0766308605670929, 0.10361725091934204, 0.11485039442777634, 0.1010991632938385, 0.08237806707620621, 0.04952715337276459, 0.02466306835412979, 0.022809820249676704, 0.05493927374482155, 0.09274095296859741, 0.10756415128707886, 0.11606700718402863, 0.10023953020572662, 0.08385178446769714, 0.04984971880912781, 0.029911929741501808, 0.029475033283233643, 0.054798875004053116, 0.083184614777565, 0.09910506755113602, 0.10852673649787903, 0.09485258162021637, 0.08425586670637131, 0.05873351916670799, 0.03469344228506088, 0.03512414172291756, 0.06065788120031357, 0.08989513665437698, 0.10018947720527649, 0.10180657356977463, 0.08968774974346161, 0.0744989663362503, 0.047784093767404556, 0.031040742993354797, 0.03296009451150894, 0.05737384036183357, 0.08597394078969955]
train/correction_patch_magnitude_ratio: [0.11162462085485458, 0.08658198267221451, 0.08402973413467407, 0.0897768959403038, 0.09832379966974258, 0.10497380048036575, 0.10372615605592728, 0.09349586814641953, 0.08015915006399155, 0.0692969262599945, 0.0632607564330101, 0.06511947512626648, 0.07086199522018433, 0.07893992960453033, 0.08495454490184784, 0.08491483330726624, 0.07817995548248291, 0.06896168738603592, 0.06116856262087822, 0.0574708990752697, 0.059849776327610016, 0.06513214111328125, 0.07221163809299469, 0.0784953385591507, 0.07860244065523148, 0.07327665388584137, 0.06548847258090973, 0.05939732491970062, 0.05645597726106644, 0.059001266956329346, 0.06421160697937012, 0.07148701697587967, 0.0770527645945549, 0.07693135738372803, 0.07178113609552383, 0.06497203558683395, 0.05924380198121071, 0.05654481053352356, 0.05879649519920349, 0.06380514055490494, 0.07004362344741821, 0.07482348382472992, 0.0745505690574646, 0.06958657503128052, 0.06345444172620773]
train/correction_patch_optimal_scalar: [0.7495766282081604, 1.2538834810256958, 1.348029613494873, 1.2587881088256836, 0.5532784461975098, 0.18325378000736237, 0.2658478319644928, 0.7118926048278809, 1.488303780555725, 1.7501722574234009, 1.9659247398376465, 1.7853447198867798, 1.6113777160644531, 1.0199708938598633, 0.6325849890708923, 0.6816877722740173, 1.2163690328598022, 1.9545053243637085, 2.121222496032715, 2.3039448261260986, 2.0447661876678467, 1.8830410242080688, 1.2421289682388306, 0.8628910183906555, 0.8737512230873108, 1.3314694166183472, 1.9424614906311035, 2.1734840869903564, 2.4013752937316895, 2.2131872177124023, 2.1210992336273193, 1.631490707397461, 1.1632225513458252, 1.1442718505859375, 1.5704231262207031, 2.132667064666748, 2.2467594146728516, 2.2262661457061768, 1.9738444089889526, 1.684571623802185, 1.189191222190857, 0.9841753244400024, 1.0952918529510498, 1.604236364364624, 2.171293020248413]
[test]
test/correction_beneficial_ratio: 0.5121248960494995
test/correction_beneficial_ratio_far: 0.520169734954834
test/correction_beneficial_ratio_middle: 0.5012899041175842
test/correction_beneficial_ratio_near: 0.5149151682853699
test/correction_cosine_far: 0.023675033822655678
test/correction_cosine_mean: 0.023136449977755547
test/correction_cosine_middle: 0.013066453859210014
test/correction_cosine_near: 0.032667890191078186
test/correction_magnitude_ratio_far: 0.04523517191410065
test/correction_magnitude_ratio_mean: 0.05267368257045746
test/correction_magnitude_ratio_middle: 0.04858908802270889
test/correction_magnitude_ratio_near: 0.06419678032398224
test/correction_optimal_scalar_far: 0.6647326946258545
test/correction_optimal_scalar_mean: 0.4573955833911896
test/correction_optimal_scalar_middle: 0.35141241550445557
test/correction_optimal_scalar_near: 0.3560422658920288
test/correction_patch_beneficial_ratio: [0.4651731252670288, 0.49093687534332275, 0.5160896182060242, 0.5160896182060242, 0.5056008100509644, 0.515987753868103, 0.5153768062591553, 0.5383910536766052, 0.5685335993766785, 0.5288187265396118, 0.520264744758606, 0.5292260646820068, 0.520672082901001, 0.49755600094795227, 0.4950101971626282, 0.4930753707885742, 0.5093686580657959, 0.5460284948348999, 0.5105906128883362, 0.49022403359413147, 0.48228105902671814, 0.48207738995552063, 0.47057026624679565, 0.48727086186408997, 0.4922606945037842, 0.5103869438171387, 0.5309572219848633, 0.5103869438171387, 0.4945010244846344, 0.5093686580657959, 0.5186354517936707, 0.5181262493133545, 0.518329918384552, 0.5196537971496582, 0.5309572219848633, 0.5406313538551331, 0.5212830901145935, 0.5104888081550598, 0.5133401155471802, 0.5170060992240906, 0.5165987610816956, 0.5256618857383728, 0.5213849544525146, 0.5100814700126648, 0.5203666090965271]
test/correction_patch_cosine: [0.023690320551395416, 0.03406889736652374, 0.047132592648267746, 0.043206095695495605, 0.033395178616046906, 0.038939543068408966, 0.03541678562760353, 0.04294866323471069, 0.056925661861896515, 0.03716530278325081, 0.030633240938186646, 0.03573392331600189, 0.026286616921424866, 0.004231166560202837, 0.00024453530204482377, 0.0016509729903191328, 0.016388747841119766, 0.04011650010943413, 0.01864228956401348, 0.0025465236976742744, 0.007358137052506208, 0.00702271331101656, -0.0034554731100797653, 0.004370865412056446, 0.008622155524790287, 0.01665387488901615, 0.03574153035879135, 0.019256463274359703, 0.004261566326022148, 0.016819801181554794, 0.022456949576735497, 0.01955990679562092, 0.021272826939821243, 0.023634491488337517, 0.03250778838992119, 0.041990727186203, 0.026196233928203583, 0.009611465036869049, 0.018869725987315178, 0.019734134897589684, 0.01705588959157467, 0.024797074496746063, 0.020413300022482872, 0.023099778220057487, 0.033924851566553116]
test/correction_patch_magnitude_ratio: [0.10472727566957474, 0.07879340648651123, 0.07109459489583969, 0.06950389593839645, 0.06867580115795135, 0.06799870729446411, 0.06584331393241882, 0.0620785728096962, 0.05772918090224266, 0.0534077025949955, 0.050164852291345596, 0.05090325325727463, 0.05259355157613754, 0.0540735125541687, 0.05536413937807083, 0.05502570420503616, 0.052849311381578445, 0.05068107694387436, 0.047781866043806076, 0.045832663774490356, 0.047162074595689774, 0.04939425736665726, 0.05125079303979874, 0.05216054990887642, 0.05128389969468117, 0.048947807401418686, 0.04664101079106331, 0.044111818075180054, 0.04221773520112038, 0.04349563643336296, 0.045464422553777695, 0.04719819501042366, 0.048268768936395645, 0.04813455417752266, 0.046834904700517654, 0.04511326178908348, 0.04306960105895996, 0.04139713943004608, 0.04219722002744675, 0.04398391395807266, 0.045312970876693726, 0.04644918069243431, 0.04617271199822426, 0.04493825137615204, 0.04399250075221062]
test/correction_patch_optimal_scalar: [-0.14934325218200684, -0.03418984264135361, 0.3549555540084839, 0.5426568984985352, 0.41957053542137146, 0.5915840864181519, 0.45731228590011597, 0.6337299942970276, 1.101190447807312, 0.5182551145553589, 0.33736667037010193, 0.5269725918769836, 0.30623069405555725, -0.12146946042776108, -0.14418894052505493, -0.05125173181295395, 0.2349814772605896, 0.8281897306442261, 0.42440420389175415, -0.08794234693050385, -0.06612633168697357, -0.09726148843765259, -0.20530620217323303, 0.09440301358699799, 0.42533254623413086, 0.7381976246833801, 1.2402888536453247, 0.9396849274635315, 0.40592700242996216, 0.4476645588874817, 0.5107131004333496, 0.47518885135650635, 0.5681313872337341, 0.8163459300994873, 1.1884381771087646, 1.4200439453125, 0.9276122450828552, 0.3132714033126831, 0.3351537883281708, 0.2246163785457611, 0.12129418551921844, 0.40161949396133423, 0.5649323463439941, 0.8246036171913147, 1.279020071029663]
