[train]
train/correction_beneficial_ratio: 0.3872639536857605
train/correction_beneficial_ratio_far: 0.39335012435913086
train/correction_beneficial_ratio_middle: 0.3721025288105011
train/correction_beneficial_ratio_near: 0.39633920788764954
train/correction_cosine_far: -0.09204619377851486
train/correction_cosine_mean: -0.09398793429136276
train/correction_cosine_middle: -0.11671110987663269
train/correction_cosine_near: -0.07320647686719894
train/correction_magnitude_ratio_far: 0.08723220974206924
train/correction_magnitude_ratio_mean: 0.09561680257320404
train/correction_magnitude_ratio_middle: 0.09194124490022659
train/correction_magnitude_ratio_near: 0.10767697542905807
train/correction_optimal_scalar_far: 0.059578996151685715
train/correction_optimal_scalar_mean: -0.362650603055954
train/correction_optimal_scalar_middle: -0.6269457340240479
train/correction_optimal_scalar_near: -0.5205844044685364
train/correction_patch_beneficial_ratio: [0.4482145607471466, 0.45102977752685547, 0.4407171308994293, 0.405304491519928, 0.39025041460990906, 0.3816269040107727, 0.3974514603614807, 0.3948436677455902, 0.3903689384460449, 0.3792561888694763, 0.3694473206996918, 0.36518001556396484, 0.3732997477054596, 0.3833160400390625, 0.37478145956993103, 0.3610016405582428, 0.3499777615070343, 0.35516372323036194, 0.3625129759311676, 0.37401095032691956, 0.3718476891517639, 0.3720254898071289, 0.3649429678916931, 0.36737293004989624, 0.380708247423172, 0.38882797956466675, 0.385568231344223, 0.3809453248977661, 0.383049339056015, 0.38358274102211, 0.388798326253891, 0.39134687185287476, 0.39478442072868347, 0.3895391821861267, 0.3864276111125946, 0.3922358751296997, 0.402607798576355, 0.40465253591537476, 0.39665135741233826, 0.390961617231369, 0.38648688793182373, 0.38959845900535583, 0.39413246512413025, 0.3979552388191223, 0.3940731883049011]
train/correction_patch_cosine: [0.010510197840631008, -0.0076543414033949375, -0.026711270213127136, -0.06339903920888901, -0.07998842746019363, -0.08199002593755722, -0.06819363683462143, -0.07470034807920456, -0.0843968540430069, -0.09715860337018967, -0.10474470257759094, -0.11064816266298294, -0.10229944437742233, -0.09798993915319443, -0.10873299092054367, -0.12715376913547516, -0.13851132988929749, -0.1388237625360489, -0.1284613013267517, -0.11635830998420715, -0.11696429550647736, -0.11825390160083771, -0.12703391909599304, -0.1240062341094017, -0.10941176116466522, -0.09915295243263245, -0.0987408310174942, -0.10137128829956055, -0.10281480103731155, -0.10360845923423767, -0.09448189288377762, -0.08878520131111145, -0.083283431828022, -0.0858943834900856, -0.09282046556472778, -0.08752875030040741, -0.077019602060318, -0.0808829590678215, -0.09077522903680801, -0.09779130667448044, -0.10440564155578613, -0.1051497533917427, -0.09789223968982697, -0.09463320672512054, -0.09934861212968826]
train/correction_patch_magnitude_ratio: [0.14965170621871948, 0.12119236588478088, 0.1106622964143753, 0.10655440390110016, 0.10489212721586227, 0.1081913486123085, 0.10849884897470474, 0.10533630847930908, 0.10230213403701782, 0.09991362690925598, 0.0988408550620079, 0.10144578665494919, 0.10221917927265167, 0.09876415878534317, 0.0966893807053566, 0.0953562781214714, 0.09375076740980148, 0.09551050513982773, 0.09698447585105896, 0.09512048959732056, 0.09344859421253204, 0.09089162945747375, 0.0895458310842514, 0.0912223532795906, 0.09209856390953064, 0.09117581695318222, 0.09012849628925323, 0.08875195682048798, 0.08695430308580399, 0.08817857503890991, 0.08998854458332062, 0.08940798044204712, 0.08760174363851547, 0.08555196970701218, 0.08522262424230576, 0.08675457537174225, 0.0879952684044838, 0.08784617483615875, 0.08719432353973389, 0.0860990434885025, 0.08573826402425766, 0.08703316003084183, 0.08813701570034027, 0.08739381283521652, 0.08651868999004364]
train/correction_patch_optimal_scalar: [-0.06752954423427582, -0.3340185284614563, -0.5121479630470276, -0.5978871583938599, -0.5118187665939331, -0.49611684679985046, -0.6549420952796936, -0.6955233812332153, -0.5250300168991089, -0.3246106803417206, -0.3900088965892792, -0.5431855916976929, -0.7794601321220398, -0.707694411277771, -0.6687943935394287, -0.6354719400405884, -0.6100992560386658, -0.8201795816421509, -1.1607097387313843, -0.8971982598304749, -0.8889759182929993, -0.6343921422958374, -0.6777359247207642, -0.7238659858703613, -0.738777220249176, -0.4527635872364044, -0.4843657910823822, -0.33872202038764954, -0.1593128740787506, -0.18161293864250183, -0.24597330391407013, -0.39338159561157227, -0.16409502923488617, 0.033887363970279694, 0.14825379848480225, 0.35288113355636597, 0.560691237449646, 0.3716692626476288, 0.20967385172843933, 0.04301496595144272, 0.3446751832962036, 0.2263200432062149, -0.09787702560424805, -0.1109422892332077, -0.3851247727870941]
[test]
test/correction_beneficial_ratio: 0.3081504702568054
test/correction_beneficial_ratio_far: 0.30749621987342834
test/correction_beneficial_ratio_middle: 0.28202328085899353
test/correction_beneficial_ratio_near: 0.3349319398403168
test/correction_cosine_far: -0.1812778264284134
test/correction_cosine_mean: -0.17815497517585754
test/correction_cosine_middle: -0.2161131352186203
test/correction_cosine_near: -0.1370738297700882
test/correction_magnitude_ratio_far: 0.07375580817461014
test/correction_magnitude_ratio_mean: 0.08295092731714249
test/correction_magnitude_ratio_middle: 0.08130477368831635
test/correction_magnitude_ratio_near: 0.09379219263792038
test/correction_optimal_scalar_far: -2.450489044189453
test/correction_optimal_scalar_mean: -2.021339178085327
test/correction_optimal_scalar_middle: -2.4508156776428223
test/correction_optimal_scalar_near: -1.1627137660980225
test/correction_patch_beneficial_ratio: [0.3740394413471222, 0.379131555557251, 0.3690398931503296, 0.3423756957054138, 0.33691325783729553, 0.3376539349555969, 0.3538561165332794, 0.3423756957054138, 0.3299694359302521, 0.3216368854045868, 0.3083973824977875, 0.3140449821949005, 0.3145079016685486, 0.30173131823539734, 0.2983057200908661, 0.29765763878822327, 0.28589946031570435, 0.30848994851112366, 0.3219146430492401, 0.30848994851112366, 0.2938616871833801, 0.2773817181587219, 0.25997593998908997, 0.25571706891059875, 0.2638644576072693, 0.2597907483577728, 0.2645125389099121, 0.2721044421195984, 0.2716415226459503, 0.2890473008155823, 0.3000648021697998, 0.29987964034080505, 0.29747244715690613, 0.2972872853279114, 0.2814554274082184, 0.2944171726703644, 0.31395241618156433, 0.31395241618156433, 0.3144153356552124, 0.3154337704181671, 0.30524951219558716, 0.31024906039237976, 0.32395148277282715, 0.3184890151023865, 0.3261735141277313]
test/correction_patch_cosine: [-0.0556928813457489, -0.08438875526189804, -0.09856459498405457, -0.11651332676410675, -0.11968717724084854, -0.11524815112352371, -0.10841420292854309, -0.13327130675315857, -0.14851774275302887, -0.15395668148994446, -0.1739043891429901, -0.1733432561159134, -0.17651672661304474, -0.18961207568645477, -0.20847627520561218, -0.2128615826368332, -0.21058039367198944, -0.1820065975189209, -0.17628662288188934, -0.19349029660224915, -0.2143082469701767, -0.22776558995246887, -0.24169723689556122, -0.2421419769525528, -0.2334151417016983, -0.23685747385025024, -0.23036441206932068, -0.22304990887641907, -0.21671807765960693, -0.20015455782413483, -0.18992334604263306, -0.18986418843269348, -0.19547365605831146, -0.19779570400714874, -0.20089909434318542, -0.18733836710453033, -0.17456316947937012, -0.17919552326202393, -0.1789012998342514, -0.17365512251853943, -0.17956379055976868, -0.17425762116909027, -0.16396431624889374, -0.1675335019826889, -0.16623972356319427]
test/correction_patch_magnitude_ratio: [0.1320890337228775, 0.10585828870534897, 0.0972931832075119, 0.09532774984836578, 0.09460669010877609, 0.09786533564329147, 0.09539316594600677, 0.08941075950860977, 0.08590276539325714, 0.08456060290336609, 0.085422582924366, 0.08974450826644897, 0.08939911425113678, 0.08364079892635345, 0.08036845177412033, 0.08024095743894577, 0.08170913904905319, 0.08582699298858643, 0.08524516224861145, 0.08159727603197098, 0.07964829355478287, 0.07842537760734558, 0.0795455276966095, 0.08230990916490555, 0.08349047601222992, 0.0818467065691948, 0.08074167370796204, 0.0792992040514946, 0.07889481633901596, 0.08075004816055298, 0.08040007948875427, 0.07805932313203812, 0.07582516223192215, 0.07442928850650787, 0.0750751718878746, 0.07576049119234085, 0.07550092041492462, 0.07386762648820877, 0.07232353091239929, 0.07061988860368729, 0.0701153501868248, 0.07203417271375656, 0.07220663875341415, 0.07059479504823685, 0.06952478736639023]
test/correction_patch_optimal_scalar: [-0.6663404703140259, -0.7451122403144836, -0.81063312292099, -0.6117274165153503, -0.7289448380470276, -0.4720791280269623, -1.177061915397644, -1.3494685888290405, -1.1651815176010132, -0.8340782523155212, -1.0662404298782349, -1.1503427028656006, -1.8949521780014038, -2.3744921684265137, -2.3940532207489014, -2.332101821899414, -2.0845956802368164, -1.7920732498168945, -2.2730252742767334, -2.5566277503967285, -2.5222153663635254, -2.387876033782959, -2.666139602661133, -2.895493984222412, -3.1097586154937744, -3.134800434112549, -2.799623489379883, -2.2111806869506836, -2.061037063598633, -1.9356770515441895, -2.1417226791381836, -2.5603456497192383, -2.9094560146331787, -2.843735456466675, -2.773651599884033, -2.3248326778411865, -2.2526509761810303, -2.401867389678955, -2.109349012374878, -1.9652904272079468, -2.246066093444824, -2.1566195487976074, -2.5287718772888184, -2.7922372817993164, -2.750732898712158]
