[train]
train/correction_beneficial_ratio: 0.6029790639877319
train/correction_beneficial_ratio_far: 0.663957417011261
train/correction_beneficial_ratio_middle: 0.6080681681632996
train/correction_beneficial_ratio_near: 0.5369116067886353
train/correction_cosine_far: 0.1637980043888092
train/correction_cosine_mean: 0.1151183694601059
train/correction_cosine_middle: 0.12136544287204742
train/correction_cosine_near: 0.06019160524010658
train/correction_magnitude_ratio_far: 0.042579103261232376
train/correction_magnitude_ratio_mean: 0.04830270633101463
train/correction_magnitude_ratio_middle: 0.04737801477313042
train/correction_magnitude_ratio_near: 0.054950978606939316
train/correction_optimal_scalar_far: 5.204862594604492
train/correction_optimal_scalar_mean: 3.596097230911255
train/correction_optimal_scalar_middle: 3.6452667713165283
train/correction_optimal_scalar_near: 1.9381623268127441
train/correction_patch_beneficial_ratio: [0.48498404026031494, 0.509904146194458, 0.4904792308807373, 0.5231949090957642, 0.523450493812561, 0.5044089555740356, 0.5265175700187683, 0.533929705619812, 0.5418530106544495, 0.553737998008728, 0.5547603964805603, 0.5759744644165039, 0.58198082447052, 0.5661342144012451, 0.5823642015457153, 0.5918210744857788, 0.5851756930351257, 0.569968044757843, 0.5827475786209106, 0.5938658118247986, 0.598210871219635, 0.5988498330116272, 0.6006389856338501, 0.6065175533294678, 0.6261980533599854, 0.6272204518318176, 0.6150798797607422, 0.6366773247718811, 0.6488178968429565, 0.6392332315444946, 0.6347603797912598, 0.6306709051132202, 0.6348881721496582, 0.6456230282783508, 0.6479233503341675, 0.6507348418235779, 0.6653035283088684, 0.6674760580062866, 0.6665814518928528, 0.6770607233047485, 0.6926517486572266, 0.6903514266014099, 0.6909903883934021, 0.685878574848175, 0.6784664392471313]
train/correction_patch_cosine: [0.01789884828031063, 0.043651942163705826, 0.0217455942183733, 0.04457341134548187, 0.04518289119005203, 0.03352386876940727, 0.042884763330221176, 0.054165374487638474, 0.05997113883495331, 0.07702662795782089, 0.07714938372373581, 0.09290401637554169, 0.0994478240609169, 0.09348803758621216, 0.09926029294729233, 0.10621699690818787, 0.10818537324666977, 0.0916767418384552, 0.09893938153982162, 0.10472487658262253, 0.10681300610303879, 0.1139177456498146, 0.11778460443019867, 0.12305362522602081, 0.1384524405002594, 0.1397045999765396, 0.12876459956169128, 0.14584827423095703, 0.15273837745189667, 0.14366087317466736, 0.14204657077789307, 0.13950921595096588, 0.13738255202770233, 0.1438688337802887, 0.14990392327308655, 0.15167221426963806, 0.16295190155506134, 0.16897213459014893, 0.16592471301555634, 0.17958635091781616, 0.18634724617004395, 0.18200111389160156, 0.18233546614646912, 0.18341979384422302, 0.18104861676692963]
train/correction_patch_magnitude_ratio: [0.06966006010770798, 0.0617070272564888, 0.05963164567947388, 0.05555325374007225, 0.05459092929959297, 0.053888194262981415, 0.053362805396318436, 0.052681583911180496, 0.05220741406083107, 0.05249772220849991, 0.05210929736495018, 0.0514906644821167, 0.052015356719493866, 0.051595404744148254, 0.05127321183681488, 0.050673555582761765, 0.04994727298617363, 0.04947752505540848, 0.04904213547706604, 0.048672739416360855, 0.04782847315073013, 0.04769610986113548, 0.04732299596071243, 0.04704379290342331, 0.046896498650312424, 0.046303048729896545, 0.04577702283859253, 0.045193862169981, 0.04469957947731018, 0.044095732271671295, 0.044443804770708084, 0.044386934489011765, 0.04365050420165062, 0.04339253902435303, 0.04321107268333435, 0.04267687350511551, 0.042960379272699356, 0.042645517736673355, 0.04284433647990227, 0.0426081158220768, 0.042179957032203674, 0.04135316237807274, 0.0410308800637722, 0.040939606726169586, 0.04036300629377365]
train/correction_patch_optimal_scalar: [0.6561718583106995, 1.3098779916763306, 0.8855250477790833, 1.4212300777435303, 1.507120132446289, 1.3164492845535278, 1.517358422279358, 1.821590781211853, 1.9961045980453491, 2.401949882507324, 2.553354501724243, 2.9453179836273193, 3.0515215396881104, 2.790160894393921, 2.898728132247925, 3.0495903491973877, 3.080967903137207, 2.7794864177703857, 3.0273025035858154, 3.2232253551483154, 3.250636577606201, 3.342197895050049, 3.3908135890960693, 3.755312442779541, 4.128631591796875, 4.173990726470947, 4.0176849365234375, 4.446210861206055, 4.581725120544434, 4.431228160858154, 4.406118392944336, 4.427455902099609, 4.532938003540039, 4.803189754486084, 4.89280366897583, 5.060249328613281, 5.2240142822265625, 5.3605570793151855, 5.180382251739502, 5.590033054351807, 5.74668025970459, 5.746214389801025, 5.763928413391113, 5.702500820159912, 5.635855197906494]
[test]
test/correction_beneficial_ratio: 0.5741477608680725
test/correction_beneficial_ratio_far: 0.5829708576202393
test/correction_beneficial_ratio_middle: 0.6010180711746216
test/correction_beneficial_ratio_near: 0.5384544134140015
test/correction_cosine_far: 0.07475198060274124
test/correction_cosine_mean: 0.07373997569084167
test/correction_cosine_middle: 0.09092521667480469
test/correction_cosine_near: 0.05554257333278656
test/correction_magnitude_ratio_far: 0.04499557986855507
test/correction_magnitude_ratio_mean: 0.04912177100777626
test/correction_magnitude_ratio_middle: 0.04932795837521553
test/correction_magnitude_ratio_near: 0.053041744977235794
test/correction_optimal_scalar_far: 2.6520304679870605
test/correction_optimal_scalar_mean: 2.455082654953003
test/correction_optimal_scalar_middle: 2.772322177886963
test/correction_optimal_scalar_near: 1.9408916234970093
test/correction_patch_beneficial_ratio: [0.45441925525665283, 0.5034705996513367, 0.4919019043445587, 0.5284590721130371, 0.5506709814071655, 0.5469689965248108, 0.5636279582977295, 0.5650162100791931, 0.5770476460456848, 0.571031928062439, 0.5525220036506653, 0.5326237678527832, 0.5478944778442383, 0.5335493087768555, 0.5576122403144836, 0.5932438969612122, 0.5839889049530029, 0.5751966834068298, 0.5876908898353577, 0.5687181949615479, 0.577510416507721, 0.5960203409194946, 0.5770476460456848, 0.6015733480453491, 0.6196205615997314, 0.6094400882720947, 0.6409069895744324, 0.6409069895744324, 0.635816752910614, 0.607589066028595, 0.5950948596000671, 0.5937066078186035, 0.5890791416168213, 0.6001850962638855, 0.5830634236335754, 0.5853771567344666, 0.5955576300621033, 0.6015733480453491, 0.5890791416168213, 0.5895418524742126, 0.5761221647262573, 0.5677927136421204, 0.5779731869697571, 0.562702476978302, 0.5377140045166016]
test/correction_patch_cosine: [-0.022586271166801453, 0.0302598774433136, 0.02018931694328785, 0.048112329095602036, 0.058405619114637375, 0.061126891523599625, 0.0722343698143959, 0.08045628666877747, 0.08569349348545074, 0.08665702491998672, 0.07305207848548889, 0.06021585687994957, 0.06227956339716911, 0.05813676491379738, 0.05890510976314545, 0.07301701605319977, 0.07615960389375687, 0.07356567680835724, 0.0743720680475235, 0.07549231499433517, 0.08299509435892105, 0.080464206635952, 0.07981028407812119, 0.08857880532741547, 0.0934695452451706, 0.10558781772851944, 0.11725016683340073, 0.11455319076776505, 0.12547504901885986, 0.1030893325805664, 0.09807441383600235, 0.08987388014793396, 0.08606502413749695, 0.08490145206451416, 0.08133094012737274, 0.07931877672672272, 0.08159290254116058, 0.08777453005313873, 0.07680659741163254, 0.08275953680276871, 0.07607433199882507, 0.061299461871385574, 0.060191571712493896, 0.04906240105628967, 0.02615470439195633]
test/correction_patch_magnitude_ratio: [0.0634714737534523, 0.05797627940773964, 0.05645880103111267, 0.054201893508434296, 0.053676024079322815, 0.05348966270685196, 0.053443849086761475, 0.052336353808641434, 0.05127723515033722, 0.05058252438902855, 0.050172049552202225, 0.04958755150437355, 0.049986205995082855, 0.049483902752399445, 0.04948293790221214, 0.049705956131219864, 0.049722205847501755, 0.05048482120037079, 0.05153761804103851, 0.051150377839803696, 0.04980764910578728, 0.04976296052336693, 0.048606906086206436, 0.04838266596198082, 0.04770083352923393, 0.0474165678024292, 0.04840660095214844, 0.04890989512205124, 0.04908154904842377, 0.04924294725060463, 0.04952727258205414, 0.04891479015350342, 0.04833384230732918, 0.04741669446229935, 0.046302568167448044, 0.04548727348446846, 0.0445721261203289, 0.043929047882556915, 0.04395942762494087, 0.04382459819316864, 0.04354230687022209, 0.043030817061662674, 0.042365722358226776, 0.04208464175462723, 0.04164235293865204]
test/correction_patch_optimal_scalar: [0.16009922325611115, 1.4650911092758179, 1.0786505937576294, 1.5804461240768433, 1.9443659782409668, 2.127908706665039, 2.253936767578125, 2.5329463481903076, 2.7974393367767334, 2.5880701541900635, 2.3942408561706543, 2.175490617752075, 2.0345518589019775, 1.9878901243209839, 1.9922810792922974, 2.1472361087799072, 2.1303365230560303, 2.284365177154541, 2.198646306991577, 2.4756274223327637, 2.6118788719177246, 2.3736324310302734, 2.6847763061523438, 2.923677921295166, 3.014510154724121, 3.143505096435547, 3.3767991065979004, 3.390629529953003, 3.5828359127044678, 3.2463369369506836, 2.7811977863311768, 2.6968181133270264, 2.9345548152923584, 3.0146849155426025, 2.981652021408081, 3.089522361755371, 3.0796093940734863, 2.9017062187194824, 2.632631540298462, 2.793769121170044, 2.5081498622894287, 2.435342311859131, 2.2439615726470947, 1.9728813171386719, 1.714032769203186]
