[train]
train/correction_beneficial_ratio: 0.47726234793663025
train/correction_beneficial_ratio_far: 0.4928647577762604
train/correction_beneficial_ratio_middle: 0.4785260856151581
train/correction_beneficial_ratio_near: 0.4603961706161499
train/correction_cosine_far: 0.0025055790320038795
train/correction_cosine_mean: -0.00549779087305069
train/correction_cosine_middle: -0.0007278157281689346
train/correction_cosine_near: -0.018271183595061302
train/correction_magnitude_ratio_far: 0.011416989378631115
train/correction_magnitude_ratio_mean: 0.013134300708770752
train/correction_magnitude_ratio_middle: 0.012683930806815624
train/correction_magnitude_ratio_near: 0.015301971696317196
train/correction_optimal_scalar_far: 2.002864360809326
train/correction_optimal_scalar_mean: 1.5744009017944336
train/correction_optimal_scalar_middle: 2.31068754196167
train/correction_optimal_scalar_near: 0.4096505045890808
train/correction_patch_beneficial_ratio: [0.4356549382209778, 0.4527795612812042, 0.4544408917427063, 0.4578913748264313, 0.4690095782279968, 0.45853033661842346, 0.4642811417579651, 0.4702875316143036, 0.45111820101737976, 0.4504792392253876, 0.4481789171695709, 0.46696487069129944, 0.47859424352645874, 0.47118210792541504, 0.47654950618743896, 0.46492013335227966, 0.46913737058639526, 0.47118210792541504, 0.4682428240776062, 0.4678594172000885, 0.4768051207065582, 0.47258785367012024, 0.4699041545391083, 0.4728434383869171, 0.47999998927116394, 0.4847284257411957, 0.4908626079559326, 0.48843449354171753, 0.500575065612793, 0.49980831146240234, 0.4961022436618805, 0.4950798749923706, 0.5069648623466492, 0.4833226799964905, 0.4802556037902832, 0.4912460148334503, 0.4911182224750519, 0.48702874779701233, 0.49559104442596436, 0.49277955293655396, 0.5051757097244263, 0.49060702323913574, 0.48140576481819153, 0.5003194808959961, 0.49597445130348206]
train/correction_patch_cosine: [-0.0323302336037159, -0.01919100619852543, -0.02385968342423439, -0.021407872438430786, -0.011519650928676128, -0.021665889769792557, -0.018944213166832924, -0.014673540368676186, -0.023327939212322235, -0.02569868229329586, -0.02698025293648243, -0.017374426126480103, -0.005714207421988249, -0.006149947643280029, -0.005229723174124956, -0.005905776750296354, -0.004221437033265829, -0.008118289522826672, -0.008271309547126293, -0.008533676154911518, -0.004667114000767469, -0.007565722800791264, -0.004022955894470215, -0.0005695908330380917, -0.0012346315197646618, 0.0066683329641819, 0.0044804890640079975, 0.006473299115896225, 0.013537141494452953, 0.01103435829281807, 0.006940723862498999, 0.0064644902013242245, 0.006363865453749895, -0.007043349556624889, -0.0051887077279388905, -0.0002640148450154811, 0.0003421241126488894, 0.0003434809623286128, 0.004558170679956675, 0.0056055281311273575, 0.008801153860986233, 0.002273809863254428, -0.00274079293012619, 0.0070939213037490845, 0.004033087287098169]
train/correction_patch_magnitude_ratio: [0.020989257842302322, 0.01785150170326233, 0.01690339855849743, 0.015677573159337044, 0.015703091397881508, 0.01543157733976841, 0.015018055215477943, 0.014812758192420006, 0.01446156483143568, 0.014117560349404812, 0.01379882451146841, 0.01375870406627655, 0.013706551864743233, 0.013655198737978935, 0.013644127175211906, 0.01345958560705185, 0.01337076723575592, 0.013273563235998154, 0.013108151964843273, 0.012989324517548084, 0.012863760814070702, 0.012805710546672344, 0.012674622237682343, 0.012623858638107777, 0.012422669678926468, 0.012371714226901531, 0.012184372171759605, 0.012063245289027691, 0.012122518382966518, 0.011925042606890202, 0.011980409733951092, 0.011965431272983551, 0.011846215464174747, 0.011541533283889294, 0.011487140320241451, 0.011373051442205906, 0.011488120071589947, 0.01133000385016203, 0.01143057830631733, 0.011354095302522182, 0.011311865411698818, 0.011139275506138802, 0.0110114561393857, 0.011085349135100842, 0.010910353623330593]
train/correction_patch_optimal_scalar: [-0.6798003315925598, -0.08404015749692917, -0.26558372378349304, -0.470382958650589, 0.3368323743343353, -0.18560485541820526, 0.2680246829986572, 0.7268311381340027, 0.2039533257484436, 0.13429862260818481, -0.09166981279850006, 0.8023044466972351, 1.7255131006240845, 1.7927653789520264, 1.9313136339187622, 1.5485622882843018, 1.6196860074996948, 1.5550761222839355, 1.5290549993515015, 1.61050283908844, 1.930737853050232, 1.391634225845337, 1.95502769947052, 2.4836833477020264, 2.298435926437378, 2.8514435291290283, 2.8224198818206787, 3.1563334465026855, 3.9173426628112793, 3.9903271198272705, 3.3600664138793945, 2.9972639083862305, 2.98237681388855, 1.676815152168274, 1.8127899169921875, 2.583500385284424, 2.5330300331115723, 2.30400013923645, 2.3758246898651123, 1.879287600517273, 1.9235405921936035, 0.8362109661102295, 0.2880376875400543, 1.448527455329895, 1.041735291481018]
[test]
test/correction_beneficial_ratio: 0.46416783332824707
test/correction_beneficial_ratio_far: 0.4580287039279938
test/correction_beneficial_ratio_middle: 0.43310195207595825
test/correction_beneficial_ratio_near: 0.5013728141784668
test/correction_cosine_far: -0.03613181412220001
test/correction_cosine_mean: -0.02551242522895336
test/correction_cosine_middle: -0.05319899693131447
test/correction_cosine_near: 0.012793469242751598
test/correction_magnitude_ratio_far: 0.013109096325933933
test/correction_magnitude_ratio_mean: 0.014840490184724331
test/correction_magnitude_ratio_middle: 0.014448188245296478
test/correction_magnitude_ratio_near: 0.016964199021458626
test/correction_optimal_scalar_far: -2.3336315155029297
test/correction_optimal_scalar_mean: -0.9679578542709351
test/correction_optimal_scalar_middle: -3.2756595611572266
test/correction_optimal_scalar_near: 2.7054152488708496
test/correction_patch_beneficial_ratio: [0.41693660616874695, 0.43359556794166565, 0.43914854526519775, 0.4460897743701935, 0.5076353549957275, 0.4974548816680908, 0.5122628211975098, 0.5571494698524475, 0.5455807447433472, 0.5391022562980652, 0.5418787598609924, 0.5252197980880737, 0.5312355160713196, 0.5238315463066101, 0.5034705996513367, 0.5048588514328003, 0.4905136525630951, 0.4507172703742981, 0.4238778352737427, 0.4132346212863922, 0.3988893926143646, 0.3808422088623047, 0.3845441937446594, 0.41462287306785583, 0.44238778948783875, 0.4608977437019348, 0.46136048436164856, 0.4349837899208069, 0.4298935532569885, 0.40490514039993286, 0.40351688861846924, 0.435446560382843, 0.4484035074710846, 0.45673298835754395, 0.4488662779331207, 0.4488662779331207, 0.4706154465675354, 0.48449790477752686, 0.502082347869873, 0.48218417167663574, 0.4627487361431122, 0.4539565145969391, 0.4474780261516571, 0.4585839807987213, 0.4664507210254669]
test/correction_patch_cosine: [-0.038020454347133636, -0.03800278902053833, -0.04014675319194794, -0.036811329424381256, 0.014826999045908451, 0.0183230172842741, 0.030034681782126427, 0.05401432514190674, 0.04664963111281395, 0.046551257371902466, 0.03430800512433052, 0.02785111404955387, 0.02847890555858612, 0.024520456790924072, 0.019324984401464462, 0.008659124374389648, -0.010141430422663689, -0.033820971846580505, -0.06364830583333969, -0.07310567051172256, -0.07454294711351395, -0.09320061653852463, -0.08743152767419815, -0.06605575233697891, -0.051343124359846115, -0.027679001912474632, -0.03266594186425209, -0.05867307260632515, -0.06315822154283524, -0.07117737829685211, -0.06981013715267181, -0.0562053881585598, -0.038757678121328354, -0.04730958864092827, -0.04208959639072418, -0.036292705684900284, -0.01566539891064167, -0.012925663031637669, 0.011265227571129799, -0.017430778592824936, -0.037133537232875824, -0.04021720215678215, -0.05428986996412277, -0.04903871566057205, -0.03607543930411339]
test/correction_patch_magnitude_ratio: [0.02060658112168312, 0.01843082718551159, 0.0175264123827219, 0.017088331282138824, 0.017442723736166954, 0.01712684892117977, 0.017412841320037842, 0.017061863094568253, 0.016486812382936478, 0.01629275642335415, 0.015882257372140884, 0.015823233872652054, 0.01592453569173813, 0.015836406499147415, 0.015520546585321426, 0.015377593226730824, 0.015256831422448158, 0.015139398165047169, 0.015077881515026093, 0.014877094887197018, 0.014348091557621956, 0.014417615719139576, 0.014057273976504803, 0.013919110409915447, 0.014027618803083897, 0.014090364798903465, 0.01406764704734087, 0.013959835283458233, 0.014180721715092659, 0.013925643637776375, 0.014287460595369339, 0.014237354509532452, 0.014065583236515522, 0.013606512919068336, 0.01341874711215496, 0.013161708600819111, 0.013237517327070236, 0.012870642356574535, 0.013050678186118603, 0.012811850756406784, 0.01261249091476202, 0.012524429708719254, 0.012401683256030083, 0.012333168648183346, 0.012016537599265575]
test/correction_patch_optimal_scalar: [-1.065901517868042, -0.692593514919281, -1.3714053630828857, -0.8020179867744446, 2.901520013809204, 3.4945921897888184, 3.9023070335388184, 5.315723419189453, 4.681633472442627, 4.386104106903076, 3.8677122592926025, 3.9802017211914062, 4.429103374481201, 4.032163619995117, 3.522106409072876, 1.8277641534805298, 0.7074329853057861, -1.6050044298171997, -3.3582773208618164, -4.187780857086182, -5.579344272613525, -6.778482437133789, -6.516768932342529, -5.194879531860352, -3.895408868789673, -2.352782964706421, -1.531642198562622, -3.232553482055664, -3.3364946842193604, -4.100666046142578, -3.862835168838501, -2.9383630752563477, -2.1398580074310303, -2.7723944187164307, -2.323399543762207, -2.0381414890289307, -0.393140971660614, -0.5428979992866516, 0.5640468001365662, -1.227121114730835, -3.0054399967193604, -4.006107807159424, -4.087733268737793, -3.8206875324249268, -2.4103870391845703]
