[train]
train/correction_beneficial_ratio: 0.5553370714187622
train/correction_beneficial_ratio_far: 0.5770843625068665
train/correction_beneficial_ratio_middle: 0.5767537355422974
train/correction_beneficial_ratio_near: 0.512173056602478
train/correction_cosine_far: 0.06865991652011871
train/correction_cosine_mean: 0.055548135191202164
train/correction_cosine_middle: 0.07257290184497833
train/correction_cosine_near: 0.025411566719412804
train/correction_magnitude_ratio_far: 0.021256674081087112
train/correction_magnitude_ratio_mean: 0.024975145235657692
train/correction_magnitude_ratio_middle: 0.023995140567421913
train/correction_magnitude_ratio_near: 0.029673634096980095
train/correction_optimal_scalar_far: 4.0041704177856445
train/correction_optimal_scalar_mean: 3.0591964721679688
train/correction_optimal_scalar_middle: 3.7882890701293945
train/correction_optimal_scalar_near: 1.385121464729309
train/correction_patch_beneficial_ratio: [0.4679010808467865, 0.4936045706272125, 0.5048117637634277, 0.5150444507598877, 0.5340480208396912, 0.5313680171966553, 0.5384334325790405, 0.5524424314498901, 0.5701059699058533, 0.5712023377418518, 0.5848459005355835, 0.5832622647285461, 0.5849677324295044, 0.5904495120048523, 0.5821658968925476, 0.5796077251434326, 0.5902058482170105, 0.5787550210952759, 0.5749787092208862, 0.5607260465621948, 0.5731514096260071]
train/correction_patch_cosine: [-0.00132162740919739, 0.010304468683898449, 0.018768558278679848, 0.02782617323100567, 0.03698786348104477, 0.038450565189123154, 0.04686481133103371, 0.05879591405391693, 0.06744366139173508, 0.06837931275367737, 0.075042724609375, 0.07737934589385986, 0.07860112935304642, 0.08236847817897797, 0.07578391581773758, 0.07392704486846924, 0.08099116384983063, 0.07236208021640778, 0.06240149959921837, 0.05677138641476631, 0.058382436633110046]
train/correction_patch_magnitude_ratio: [0.03890806809067726, 0.03228016197681427, 0.030093861743807793, 0.02770094759762287, 0.026876769959926605, 0.02652653120458126, 0.02532905340194702, 0.02496032789349556, 0.02511877939105034, 0.024379391223192215, 0.02405630238354206, 0.023746462538838387, 0.023089179769158363, 0.02261558175086975, 0.022417966276407242, 0.021776029840111732, 0.021712452173233032, 0.021372554823756218, 0.02057413011789322, 0.020471813157200813, 0.02047167718410492]
train/correction_patch_optimal_scalar: [0.2211557775735855, 0.6247236728668213, 1.0409164428710938, 1.4065598249435425, 1.8624911308288574, 1.9725306034088135, 2.5674774646759033, 3.1099722385406494, 3.633500576019287, 3.634505271911621, 3.7272262573242188, 3.7778024673461914, 4.145701885223389, 4.489337921142578, 4.163760185241699, 4.122089385986328, 4.564718723297119, 4.196276664733887, 3.8123509883880615, 3.493762969970703, 3.6762633323669434]
[test]
test/correction_beneficial_ratio: 0.5081485509872437
test/correction_beneficial_ratio_far: 0.5247824788093567
test/correction_beneficial_ratio_middle: 0.5222004055976868
test/correction_beneficial_ratio_near: 0.4774627983570099
test/correction_cosine_far: 0.028209134936332703
test/correction_cosine_mean: 0.0192167516797781
test/correction_cosine_middle: 0.030258163809776306
test/correction_cosine_near: -0.0008170416112989187
test/correction_magnitude_ratio_far: 0.02284005843102932
test/correction_magnitude_ratio_mean: 0.025641024112701416
test/correction_magnitude_ratio_middle: 0.024867847561836243
test/correction_magnitude_ratio_near: 0.02921515330672264
test/correction_optimal_scalar_far: 2.0312540531158447
test/correction_optimal_scalar_mean: 0.9677966237068176
test/correction_optimal_scalar_middle: 0.9051353931427002
test/correction_optimal_scalar_near: -0.03300074487924576
test/correction_patch_beneficial_ratio: [0.442436158657074, 0.452652245759964, 0.4754420518875122, 0.486051082611084, 0.5108054876327515, 0.4888015687465668, 0.486051082611084, 0.5064833164215088, 0.5159135460853577, 0.5343811511993408, 0.527308464050293, 0.5186640620231628, 0.5147347450256348, 0.5379174947738647, 0.5280942916870117, 0.543025553226471, 0.5406679511070251, 0.5178781747817993, 0.5190569758415222, 0.5119842886924744, 0.5127701163291931]
test/correction_patch_cosine: [-0.029225677251815796, -0.02071523480117321, -0.004929382354021072, -0.00015644605446141213, 0.02143782004714012, 0.01584579050540924, 0.012023801915347576, 0.01932619698345661, 0.02688594162464142, 0.03954628109931946, 0.035764288157224655, 0.028012696653604507, 0.027741875499486923, 0.034529734402894974, 0.035336703062057495, 0.04188157990574837, 0.03585255518555641, 0.027033571153879166, 0.017546894028782845, 0.01516537182033062, 0.024647414684295654]
test/correction_patch_magnitude_ratio: [0.035033080726861954, 0.030990825966000557, 0.02944069728255272, 0.028130896389484406, 0.02739732339978218, 0.027169547975063324, 0.026343783363699913, 0.02573409490287304, 0.02620319090783596, 0.025375807657837868, 0.024839840829372406, 0.024750715121626854, 0.023910248652100563, 0.023260971531271935, 0.023451227694749832, 0.022781509906053543, 0.0231468603014946, 0.022968949750065804, 0.022624926641583443, 0.022571450099349022, 0.02233549952507019]
test/correction_patch_optimal_scalar: [-0.6565117239952087, -0.5587424039840698, -0.5282331705093384, -0.14317624270915985, 0.7209014296531677, 0.4999993145465851, 0.43475645780563354, 0.9163699746131897, 0.8478317260742188, 1.2090489864349365, 0.8033425807952881, 0.5262215733528137, 0.6211738586425781, 1.411956787109375, 1.7457902431488037, 2.3506808280944824, 2.3369693756103516, 2.328848361968994, 2.1456806659698486, 1.6108216047286987, 1.6999990940093994]
