[train]
train/correction_beneficial_ratio: 0.5631835460662842
train/correction_beneficial_ratio_far: 0.6055974364280701
train/correction_beneficial_ratio_middle: 0.5666112899780273
train/correction_beneficial_ratio_near: 0.5173418521881104
train/correction_cosine_far: 0.11258009076118469
train/correction_cosine_mean: 0.07647748291492462
train/correction_cosine_middle: 0.0803024098277092
train/correction_cosine_near: 0.03655000030994415
train/correction_magnitude_ratio_far: 0.033085957169532776
train/correction_magnitude_ratio_mean: 0.03688272461295128
train/correction_magnitude_ratio_middle: 0.03615042567253113
train/correction_magnitude_ratio_near: 0.04141176491975784
train/correction_optimal_scalar_far: 5.153537273406982
train/correction_optimal_scalar_mean: 3.502427101135254
train/correction_optimal_scalar_middle: 3.4581005573272705
train/correction_optimal_scalar_near: 1.8956447839736938
train/correction_patch_beneficial_ratio: [0.4968689978122711, 0.49520766735076904, 0.4968689978122711, 0.5111821293830872, 0.5151437520980835, 0.4975079894065857, 0.5067092776298523, 0.5188498497009277, 0.5235782861709595, 0.5134824514389038, 0.520383358001709, 0.5243450403213501, 0.5405750870704651, 0.5476038455963135, 0.5518211126327515, 0.5584664344787598, 0.5602555871009827, 0.5453035235404968, 0.5565495491027832, 0.5654951930046082, 0.5592332482337952, 0.569073498249054, 0.5652396082878113, 0.5642172694206238, 0.5739297270774841, 0.569968044757843, 0.5626837015151978, 0.587348222732544, 0.5872204303741455, 0.574185311794281, 0.5736741423606873, 0.5704792141914368, 0.5750798583030701, 0.589776337146759, 0.5953993797302246, 0.5892651677131653, 0.6035782694816589, 0.6130351424217224, 0.6173802018165588, 0.6373162865638733, 0.6429392695426941, 0.6120128035545349, 0.6227476000785828, 0.6282427906990051, 0.6130351424217224]
train/correction_patch_cosine: [0.022975493222475052, 0.031845640391111374, 0.021446337923407555, 0.03174608200788498, 0.034555062651634216, 0.019500380381941795, 0.020830877125263214, 0.02492082118988037, 0.025493184104561806, 0.03171443194150925, 0.035900380462408066, 0.05013718828558922, 0.061759889125823975, 0.06571726500988007, 0.06970753520727158, 0.07392020523548126, 0.07097020745277405, 0.05865926295518875, 0.0654282197356224, 0.07280299812555313, 0.07301881164312363, 0.08140328526496887, 0.08468227833509445, 0.0829511508345604, 0.08956456929445267, 0.08863899856805801, 0.0779162272810936, 0.09558148682117462, 0.10090987384319305, 0.08808690309524536, 0.0893462523818016, 0.08934883773326874, 0.0889534279704094, 0.09532073885202408, 0.10479577630758286, 0.10189209878444672, 0.11193293333053589, 0.1191135123372078, 0.12259241193532944, 0.13542354106903076, 0.13640733063220978, 0.12042918801307678, 0.1254274994134903, 0.12894414365291595, 0.11877420544624329]
train/correction_patch_magnitude_ratio: [0.05156756192445755, 0.04617636278271675, 0.04474182054400444, 0.04140894114971161, 0.04117397218942642, 0.040920160710811615, 0.039934199303388596, 0.03994011878967285, 0.03966505080461502, 0.039665479212999344, 0.03967181593179703, 0.03923219069838524, 0.03911888599395752, 0.039051033556461334, 0.03890889137983322, 0.03807971253991127, 0.037874266505241394, 0.03768639266490936, 0.036940623074769974, 0.036827705800533295, 0.036651432514190674, 0.036092016845941544, 0.036153919994831085, 0.03619635850191116, 0.035665348172187805, 0.0354834720492363, 0.035240139812231064, 0.03464701771736145, 0.03443543612957001, 0.03428265079855919, 0.03405880928039551, 0.034151025116443634, 0.03388263285160065, 0.03335895389318466, 0.03357720747590065, 0.03340238705277443, 0.0331621915102005, 0.033191680908203125, 0.033442072570323944, 0.03300892189145088, 0.032942790538072586, 0.03252233564853668, 0.031902339309453964, 0.03198418393731117, 0.03170192614197731]
train/correction_patch_optimal_scalar: [0.9362437725067139, 1.3564248085021973, 1.2108521461486816, 1.5786464214324951, 1.7649706602096558, 1.488647699356079, 1.455546259880066, 1.6054131984710693, 1.601999282836914, 1.9036325216293335, 2.182992935180664, 2.417635202407837, 2.822906732559204, 2.993164539337158, 3.115565299987793, 3.1753036975860596, 3.083435535430908, 2.825819730758667, 3.0318920612335205, 3.435253381729126, 3.3822379112243652, 3.4797425270080566, 3.4818413257598877, 3.537658452987671, 3.641160249710083, 3.5228803157806396, 3.2346017360687256, 3.8584818840026855, 4.144627094268799, 4.0365800857543945, 4.232493877410889, 4.489837169647217, 4.607260227203369, 4.89068603515625, 5.078309059143066, 4.978617191314697, 5.21108865737915, 5.479969501495361, 5.398725986480713, 5.772439002990723, 5.812030792236328, 5.2895612716674805, 5.445582866668701, 5.574998378753662, 5.0414605140686035]
[test]
test/correction_beneficial_ratio: 0.5860661268234253
test/correction_beneficial_ratio_far: 0.5754126310348511
test/correction_beneficial_ratio_middle: 0.6333178877830505
test/correction_beneficial_ratio_near: 0.5494678616523743
test/correction_cosine_far: 0.06920789927244186
test/correction_cosine_mean: 0.07977797091007233
test/correction_cosine_middle: 0.11349083483219147
test/correction_cosine_near: 0.05663517490029335
test/correction_magnitude_ratio_far: 0.03316931053996086
test/correction_magnitude_ratio_mean: 0.03596408665180206
test/correction_magnitude_ratio_middle: 0.03598814085125923
test/correction_magnitude_ratio_near: 0.03873477131128311
test/correction_optimal_scalar_far: 3.384725332260132
test/correction_optimal_scalar_mean: 3.652998924255371
test/correction_optimal_scalar_middle: 4.491665363311768
test/correction_optimal_scalar_near: 3.0826070308685303
test/correction_patch_beneficial_ratio: [0.45580750703811646, 0.5164275765419006, 0.5256825685501099, 0.5340120196342468, 0.5539102554321289, 0.5691809058189392, 0.5594632029533386, 0.5654789209365845, 0.5714946985244751, 0.5682554244995117, 0.5525220036506653, 0.5293845534324646, 0.571031928062439, 0.5714946985244751, 0.5978713631629944, 0.607589066028595, 0.6196205615997314, 0.6159185767173767, 0.6159185767173767, 0.6219342947006226, 0.6159185767173767, 0.6298010349273682, 0.6372050046920776, 0.6321147680282593, 0.6496992111206055, 0.6478481888771057, 0.6765386462211609, 0.659416913986206, 0.6682091355323792, 0.6020361185073853, 0.5932438969612122, 0.5964831113815308, 0.5812124013900757, 0.5770476460456848, 0.5835261344909668, 0.5613142251968384, 0.5747339129447937, 0.5913928747177124, 0.5696436762809753, 0.5747339129447937, 0.5701064467430115, 0.562702476978302, 0.5705691576004028, 0.5738084316253662, 0.5506709814071655]
test/correction_patch_cosine: [-0.02010839246213436, 0.01104695349931717, 0.02548815868794918, 0.04579015076160431, 0.0564468577504158, 0.06084110587835312, 0.06936679780483246, 0.07075470685958862, 0.07269925624132156, 0.08657778054475784, 0.06753534078598022, 0.05757560580968857, 0.07613790035247803, 0.07562064379453659, 0.09375481307506561, 0.0916709303855896, 0.0980805903673172, 0.09549816697835922, 0.10255340486764908, 0.10943900048732758, 0.09757757186889648, 0.11041015386581421, 0.108449786901474, 0.1079857125878334, 0.11922170966863632, 0.1323471963405609, 0.14216771721839905, 0.13370327651500702, 0.14692805707454681, 0.10632830858230591, 0.10159052908420563, 0.09599987417459488, 0.08355320990085602, 0.0804721936583519, 0.07558547705411911, 0.06307540088891983, 0.06831087172031403, 0.08413248509168625, 0.07095661014318466, 0.07051404565572739, 0.06634631007909775, 0.052088137716054916, 0.061066918075084686, 0.04637553170323372, 0.01805160567164421]
test/correction_patch_magnitude_ratio: [0.04579177871346474, 0.043039001524448395, 0.0411914587020874, 0.03953799232840538, 0.03990156576037407, 0.03880733251571655, 0.038618747144937515, 0.03884264454245567, 0.03723376244306564, 0.03677968308329582, 0.03717690706253052, 0.03593091666698456, 0.036114227026700974, 0.03639747574925423, 0.0356588289141655, 0.03577271103858948, 0.0365041121840477, 0.03618426248431206, 0.03686758130788803, 0.03723660111427307, 0.0360613577067852, 0.03574380651116371, 0.035886168479919434, 0.03536418825387955, 0.03480621427297592, 0.03535471484065056, 0.035651855170726776, 0.035770583897829056, 0.036522455513477325, 0.036095160990953445, 0.03629184886813164, 0.03648507967591286, 0.03565855324268341, 0.034853290766477585, 0.03462831303477287, 0.03377317637205124, 0.03285013511776924, 0.033067647367715836, 0.032274581491947174, 0.03187522664666176, 0.03204117715358734, 0.0313677154481411, 0.030918434262275696, 0.031136218458414078, 0.03031839057803154]
test/correction_patch_optimal_scalar: [0.30762046575546265, 1.439658761024475, 1.9200266599655151, 2.879995107650757, 3.0084164142608643, 3.462533473968506, 3.633173942565918, 3.5882482528686523, 3.8120312690734863, 4.049284934997559, 3.4950757026672363, 3.459218740463257, 3.7717463970184326, 3.384073257446289, 4.0280232429504395, 3.8029518127441406, 3.5322487354278564, 3.7033278942108154, 3.95996356010437, 4.235095977783203, 3.9267280101776123, 3.9209232330322266, 4.170745372772217, 4.460123062133789, 4.753547191619873, 4.990522861480713, 5.569878101348877, 5.432375907897949, 5.833625793457031, 5.082852840423584, 4.327058792114258, 3.8968074321746826, 3.953913927078247, 3.835479259490967, 3.6172752380371094, 3.346047878265381, 3.4211981296539307, 3.7233972549438477, 3.3190529346466064, 3.2490994930267334, 3.0799036026000977, 3.0921425819396973, 3.129845380783081, 2.605024576187134, 2.1746606826782227]
