[train]
train/correction_beneficial_ratio: 0.5261200070381165
train/correction_beneficial_ratio_far: 0.5571885108947754
train/correction_beneficial_ratio_middle: 0.5250862836837769
train/correction_beneficial_ratio_near: 0.49608519673347473
train/correction_cosine_far: 0.07632347196340561
train/correction_cosine_mean: 0.04642418026924133
train/correction_cosine_middle: 0.04696149379014969
train/correction_cosine_near: 0.01598758064210415
train/correction_magnitude_ratio_far: 0.018994402140378952
train/correction_magnitude_ratio_mean: 0.020325874909758568
train/correction_magnitude_ratio_middle: 0.02009419910609722
train/correction_magnitude_ratio_near: 0.021889012306928635
train/correction_optimal_scalar_far: 6.038963794708252
train/correction_optimal_scalar_mean: 4.08315372467041
train/correction_optimal_scalar_middle: 4.112300395965576
train/correction_optimal_scalar_near: 2.0982041358947754
train/correction_patch_beneficial_ratio: [0.48153355717658997, 0.4778274893760681, 0.4819169342517853, 0.5174440741539001, 0.5092651844024658, 0.5081149935722351, 0.49354633688926697, 0.4890734851360321, 0.49380192160606384, 0.49022364616394043, 0.48600637912750244, 0.4954632520675659, 0.509904146194458, 0.5022364258766174, 0.5049201250076294, 0.509009599685669, 0.5139936208724976, 0.5050479173660278, 0.5175718665122986, 0.5199999809265137, 0.5110543370246887, 0.5133546590805054, 0.5182108879089355, 0.5350798964500427, 0.5375080108642578, 0.5315015912055969, 0.5308626294136047, 0.5492651462554932, 0.5477316379547119, 0.5361022353172302, 0.5488817691802979, 0.5510542988777161, 0.545942485332489, 0.5461980700492859, 0.5591054558753967, 0.5514376759529114, 0.5575718879699707, 0.5643450617790222, 0.5546326041221619, 0.5587220191955566, 0.5686901211738586, 0.551693320274353, 0.565750777721405, 0.5685623288154602, 0.5652396082878113]
train/correction_patch_cosine: [-0.0015065738698467612, 0.0027949821669608355, 0.00597634119912982, 0.024382952600717545, 0.023695586249232292, 0.02068471722304821, 0.011811969801783562, 0.009746331721544266, 0.010259445756673813, 0.013135025277733803, 0.007134912069886923, 0.023940633982419968, 0.029591482132673264, 0.02581779845058918, 0.03234828636050224, 0.030064456164836884, 0.035166118294000626, 0.033483654260635376, 0.038754578679800034, 0.038419418036937714, 0.03596610948443413, 0.04225509613752365, 0.04427177831530571, 0.05220532789826393, 0.05587175488471985, 0.05059591308236122, 0.04991482198238373, 0.06712007522583008, 0.06903955340385437, 0.06129329651594162, 0.06726330518722534, 0.06385292857885361, 0.06330281496047974, 0.0648878663778305, 0.0729675367474556, 0.07158809900283813, 0.07719363272190094, 0.08414663374423981, 0.08075235784053802, 0.0868564248085022, 0.084377720952034, 0.07334499061107635, 0.08428256213665009, 0.08825230598449707, 0.08178288489580154]
train/correction_patch_magnitude_ratio: [0.025853430852293968, 0.023726455867290497, 0.02304365672171116, 0.021610567346215248, 0.02151334658265114, 0.021339435130357742, 0.020930234342813492, 0.020971480756998062, 0.021105188876390457, 0.02121686562895775, 0.021319197490811348, 0.02140861190855503, 0.021390607580542564, 0.02134646102786064, 0.02155967243015766, 0.02114628627896309, 0.020989611744880676, 0.020727012306451797, 0.02010250650346279, 0.02010442316532135, 0.020402856171131134, 0.020015137270092964, 0.019993724301457405, 0.020194949582219124, 0.019876137375831604, 0.019796177744865417, 0.019743917509913445, 0.01952403411269188, 0.01945403777062893, 0.019342271611094475, 0.019172189757227898, 0.019226955249905586, 0.01926840841770172, 0.019096113741397858, 0.019244445487856865, 0.019239507615566254, 0.019063830375671387, 0.019054565578699112, 0.019235020503401756, 0.019054902717471123, 0.019024070352315903, 0.018903600051999092, 0.01837198995053768, 0.01843155175447464, 0.018528923392295837]
train/correction_patch_optimal_scalar: [0.8175153732299805, 1.3697854280471802, 1.251592993736267, 2.542299747467041, 2.6343235969543457, 2.527925729751587, 1.9217941761016846, 1.8926024436950684, 1.5257282257080078, 2.1363837718963623, 1.790507197380066, 2.509046792984009, 2.8895561695098877, 2.456765651702881, 3.207216739654541, 3.1081390380859375, 3.2272939682006836, 3.1593704223632812, 4.060926914215088, 3.8999650478363037, 3.7710816860198975, 4.002260684967041, 3.843702793121338, 4.188088417053223, 4.679628372192383, 4.006314277648926, 3.901625871658325, 5.298582077026367, 5.382343769073486, 5.155152320861816, 5.760964393615723, 5.491230487823486, 5.507855415344238, 5.721653461456299, 6.08009672164917, 5.726052284240723, 6.249965190887451, 6.590820789337158, 6.302873611450195, 6.711989402770996, 6.227410316467285, 5.651977062225342, 6.456997871398926, 6.58976936340332, 5.514739990234375]
[test]
test/correction_beneficial_ratio: 0.55704665184021
test/correction_beneficial_ratio_far: 0.5518432855606079
test/correction_beneficial_ratio_middle: 0.5865185856819153
test/correction_beneficial_ratio_near: 0.5327780246734619
test/correction_cosine_far: 0.0328446589410305
test/correction_cosine_mean: 0.040582798421382904
test/correction_cosine_middle: 0.059474606066942215
test/correction_cosine_near: 0.02942916937172413
test/correction_magnitude_ratio_far: 0.015969637781381607
test/correction_magnitude_ratio_mean: 0.01696900464594364
test/correction_magnitude_ratio_middle: 0.01713353395462036
test/correction_magnitude_ratio_near: 0.01780387945473194
test/correction_optimal_scalar_far: 4.525681495666504
test/correction_optimal_scalar_mean: 5.26578950881958
test/correction_optimal_scalar_middle: 6.466856956481934
test/correction_optimal_scalar_near: 4.804832935333252
test/correction_patch_beneficial_ratio: [0.4664507210254669, 0.49005091190338135, 0.48912540078163147, 0.5187413096427917, 0.5192040801048279, 0.5594632029533386, 0.5839889049530029, 0.5529847145080566, 0.5543729662895203, 0.5474317669868469, 0.5266080498695374, 0.5118001103401184, 0.5502082109451294, 0.5599259734153748, 0.5613142251968384, 0.5830634236335754, 0.5784358978271484, 0.5950948596000671, 0.5826006531715393, 0.5751966834068298, 0.551596462726593, 0.5696436762809753, 0.5696436762809753, 0.5571494698524475, 0.5983341336250305, 0.6200832724571228, 0.635816752910614, 0.6117538213729858, 0.6052753329277039, 0.5640906691551208, 0.5557612180709839, 0.551596462726593, 0.545117974281311, 0.543267011642456, 0.5636279582977295, 0.5391022562980652, 0.5543729662895203, 0.5664044618606567, 0.5414159893989563, 0.5599259734153748, 0.558074951171875, 0.5404905080795288, 0.5608514547348022, 0.5511337518692017, 0.5465062260627747]
test/correction_patch_cosine: [-0.041479919105768204, -0.015290794894099236, -0.011343910358846188, 0.017264382913708687, 0.01700948178768158, 0.04407551884651184, 0.06949447840452194, 0.05648317188024521, 0.05371152237057686, 0.05867939442396164, 0.03225183114409447, 0.011839530430734158, 0.044402435421943665, 0.05447405204176903, 0.04986688867211342, 0.06182378530502319, 0.0577530600130558, 0.06604654341936111, 0.05399775505065918, 0.04753496125340462, 0.029123980551958084, 0.050426047295331955, 0.047714293003082275, 0.03666713461279869, 0.07160308212041855, 0.08363842219114304, 0.0906858965754509, 0.07560984790325165, 0.07709185779094696, 0.04240114614367485, 0.04420439153909683, 0.03933146595954895, 0.03187607601284981, 0.03002704493701458, 0.028140345588326454, 0.022888295352458954, 0.05220295116305351, 0.05421645566821098, 0.037128996104002, 0.04747551307082176, 0.03581750765442848, 0.008669433183968067, 0.03252428025007248, 0.024626608937978745, 0.0035407724790275097]
test/correction_patch_magnitude_ratio: [0.01994982175529003, 0.019108552485704422, 0.018847255036234856, 0.017983313649892807, 0.018015632405877113, 0.018121523782610893, 0.017635880038142204, 0.017718108370900154, 0.01761384680867195, 0.017091702669858932, 0.017139248549938202, 0.017032384872436523, 0.01677134819328785, 0.016916867345571518, 0.017112480476498604, 0.01662602648139, 0.017067238688468933, 0.01739974319934845, 0.017182283103466034, 0.017399905249476433, 0.017499467357993126, 0.016870027408003807, 0.016957327723503113, 0.01724933832883835, 0.01647239737212658, 0.016879852861166, 0.01766497828066349, 0.016996711492538452, 0.017220091074705124, 0.017517251893877983, 0.01719254069030285, 0.01722860522568226, 0.017435641959309578, 0.016669340431690216, 0.016485625877976418, 0.01651148311793804, 0.015731794759631157, 0.015639616176486015, 0.01582719199359417, 0.015370749868452549, 0.0153026869520545, 0.015506204217672348, 0.014940112829208374, 0.014799041673541069, 0.014904080890119076]
test/correction_patch_optimal_scalar: [-0.39916059374809265, 1.0889475345611572, 1.8061137199401855, 3.8786749839782715, 4.430798053741455, 6.1694655418396, 8.112099647521973, 6.849025726318359, 6.042228698730469, 6.721625328063965, 4.99439001083374, 3.4889373779296875, 6.6472625732421875, 6.579619884490967, 5.662450790405273, 6.784557819366455, 5.6320977210998535, 5.856152534484863, 6.304070472717285, 5.423408031463623, 3.7751624584198, 5.553532600402832, 5.545764446258545, 5.25335693359375, 7.845975875854492, 8.178399085998535, 8.086226463317871, 8.844216346740723, 7.999505519866943, 5.9204607009887695, 5.963816165924072, 5.133310317993164, 4.37798547744751, 4.716269493103027, 4.1766180992126465, 3.7285499572753906, 6.569340229034424, 6.184359073638916, 4.4715399742126465, 5.467893123626709, 4.611919403076172, 2.2977089881896973, 4.18021297454834, 3.809133291244507, 2.196497678756714]
