[train]
train/correction_beneficial_ratio: 0.587776780128479
train/correction_beneficial_ratio_far: 0.6017497181892395
train/correction_beneficial_ratio_middle: 0.6098902821540833
train/correction_beneficial_ratio_near: 0.551690399646759
train/correction_cosine_far: 0.12559863924980164
train/correction_cosine_mean: 0.10315203666687012
train/correction_cosine_middle: 0.11722145974636078
train/correction_cosine_near: 0.06663598865270615
train/correction_magnitude_ratio_far: 0.011800313368439674
train/correction_magnitude_ratio_mean: 0.013653766363859177
train/correction_magnitude_ratio_middle: 0.012494372203946114
train/correction_magnitude_ratio_near: 0.016666613519191742
train/correction_optimal_scalar_far: 18.24508285522461
train/correction_optimal_scalar_mean: 14.849595069885254
train/correction_optimal_scalar_middle: 17.63863182067871
train/correction_optimal_scalar_near: 8.66507339477539
train/correction_patch_beneficial_ratio: [0.5262455344200134, 0.5313612222671509, 0.5008896589279175, 0.5057829022407532, 0.5171263217926025, 0.5233541131019592, 0.5533807873725891, 0.5673932433128357, 0.5785142183303833, 0.5780693888664246, 0.5794039368629456, 0.5778470039367676, 0.5682829022407532, 0.5811832547187805, 0.586521327495575, 0.5771797299385071, 0.583407461643219, 0.5903024673461914, 0.5998665690422058, 0.6092081665992737, 0.6094306111335754, 0.6016458868980408, 0.6003113985061646, 0.6098754405975342, 0.622108519077301, 0.6203292012214661, 0.6145462393760681, 0.6303380727767944, 0.6436832547187805, 0.6361209750175476, 0.6298932433128357, 0.6298932433128357, 0.6201067566871643, 0.6094306111335754, 0.6114323735237122, 0.6063167452812195, 0.5987544655799866, 0.5991992950439453, 0.5951957106590271, 0.5907473564147949, 0.5903024673461914, 0.5898576378822327, 0.5911921858787537, 0.584964394569397, 0.578959047794342]
train/correction_patch_cosine: [0.03728131577372551, 0.027889808639883995, 0.02453024871647358, 0.028331752866506577, 0.030696196481585503, 0.039066463708877563, 0.061319831758737564, 0.07635466754436493, 0.08770432323217392, 0.09495045244693756, 0.09728975594043732, 0.09859966486692429, 0.09847205132246017, 0.09773557633161545, 0.09931737184524536, 0.10063183307647705, 0.10343312472105026, 0.10893132537603378, 0.11576229333877563, 0.11656433343887329, 0.11610990762710571, 0.11416158825159073, 0.11090101301670074, 0.11375188082456589, 0.11575963348150253, 0.11671825498342514, 0.12180063873529434, 0.13259382545948029, 0.1364966332912445, 0.1347060203552246, 0.13245972990989685, 0.13158366084098816, 0.12874488532543182, 0.1280878335237503, 0.1269225776195526, 0.12577609717845917, 0.12561312317848206, 0.12675446271896362, 0.12686361372470856, 0.12507298588752747, 0.12502054870128632, 0.12301959842443466, 0.12142564356327057, 0.11992371082305908, 0.11671203374862671]
train/correction_patch_magnitude_ratio: [0.0347660593688488, 0.024208221584558487, 0.020411135628819466, 0.018364543095231056, 0.017121268436312675, 0.01578717865049839, 0.014587773941457272, 0.01370435394346714, 0.01327953115105629, 0.013054218143224716, 0.013001745566725731, 0.01307204645127058, 0.013093490153551102, 0.012814573012292385, 0.012733031064271927, 0.012679385021328926, 0.012591312639415264, 0.012571309693157673, 0.012525063939392567, 0.012472831644117832, 0.01253644097596407, 0.012643340975046158, 0.012688073329627514, 0.012593922205269337, 0.012419197708368301, 0.012256257236003876, 0.012220927514135838, 0.01229577511548996, 0.012418579310178757, 0.01250326819717884, 0.012590480037033558, 0.012705974280834198, 0.012644554488360882, 0.012448731809854507, 0.012283329851925373, 0.012228668667376041, 0.012226363644003868, 0.012172410264611244, 0.011863293126225471, 0.01142209768295288, 0.01110474020242691, 0.010985846631228924, 0.010871405713260174, 0.010813731700181961, 0.010643026791512966]
train/correction_patch_optimal_scalar: [1.8988113403320312, 3.7623207569122314, 3.8373939990997314, 3.8899083137512207, 4.315388202667236, 5.081669330596924, 6.545499801635742, 8.747417449951172, 10.949899673461914, 12.3270845413208, 13.228158950805664, 13.852622032165527, 13.489368438720703, 13.796622276306152, 14.254032135009766, 14.6516695022583, 14.909310340881348, 16.4608154296875, 17.32195281982422, 17.83320426940918, 18.325960159301758, 18.2282657623291, 17.977174758911133, 18.5168514251709, 18.166748046875, 17.648834228515625, 17.669736862182617, 18.4188232421875, 19.082780838012695, 19.36737823486328, 19.455198287963867, 19.542930603027344, 19.52715492248535, 19.226917266845703, 19.0603084564209, 18.422578811645508, 17.781299591064453, 17.6529598236084, 17.82596206665039, 17.844717025756836, 17.718975067138672, 17.6070499420166, 17.63689613342285, 17.25324821472168, 17.119892120361328]
[test]
test/correction_beneficial_ratio: 0.3956001102924347
test/correction_beneficial_ratio_far: 0.3719298243522644
test/correction_beneficial_ratio_middle: 0.367251455783844
test/correction_beneficial_ratio_near: 0.4476190507411957
test/correction_cosine_far: -0.20301923155784607
test/correction_cosine_mean: -0.1309276819229126
test/correction_cosine_middle: -0.1432068943977356
test/correction_cosine_near: -0.046556923538446426
test/correction_magnitude_ratio_far: 0.007046425249427557
test/correction_magnitude_ratio_mean: 0.01008443534374237
test/correction_magnitude_ratio_middle: 0.008622542023658752
test/correction_magnitude_ratio_near: 0.014584335498511791
test/correction_optimal_scalar_far: -40.012474060058594
test/correction_optimal_scalar_mean: -21.12920570373535
test/correction_optimal_scalar_middle: -23.152198791503906
test/correction_optimal_scalar_near: -0.22294707596302032
test/correction_patch_beneficial_ratio: [0.45864662528038025, 0.5701754093170166, 0.5513784289360046, 0.49624061584472656, 0.47869673371315, 0.49373432993888855, 0.49498745799064636, 0.47117793560028076, 0.4135338366031647, 0.3834586441516876, 0.359649121761322, 0.3709273040294647, 0.39724311232566833, 0.38596490025520325, 0.38847118616104126, 0.3834586441516876, 0.3709273040294647, 0.37343358993530273, 0.3822055160999298, 0.37593984603881836, 0.39974936842918396, 0.3959899842739105, 0.3671679198741913, 0.36090224981307983, 0.359649121761322, 0.3671679198741913, 0.35213032364845276, 0.3345864713191986, 0.3308270573616028, 0.3546365797519684, 0.3558897376060486, 0.3471177816390991, 0.35087719559669495, 0.36215537786483765, 0.3796992599964142, 0.37468671798706055, 0.3909774422645569, 0.38721805810928345, 0.37719297409057617, 0.36591479182243347, 0.37593984603881836, 0.3696741759777069, 0.3684210479259491, 0.37719297409057617, 0.3959899842739105]
test/correction_patch_cosine: [-0.05188576877117157, 0.047020092606544495, 0.06784496456384659, 0.0564950592815876, 0.03433268144726753, 0.014794932678341866, 0.0028997650370001793, -0.03724871575832367, -0.07526371628046036, -0.10498964041471481, -0.12356635183095932, -0.1270570456981659, -0.1339859515428543, -0.13430602848529816, -0.13343849778175354, -0.128091961145401, -0.11575742065906525, -0.12351692467927933, -0.1136099249124527, -0.11746983230113983, -0.10256738215684891, -0.1047557145357132, -0.12207169830799103, -0.1405230015516281, -0.15273992717266083, -0.16106347739696503, -0.1761988401412964, -0.19069208204746246, -0.19995523989200592, -0.19908887147903442, -0.20571044087409973, -0.21739500761032104, -0.20979294180870056, -0.19283021986484528, -0.19524912536144257, -0.19679374992847443, -0.1893308311700821, -0.19402873516082764, -0.20321902632713318, -0.20678162574768066, -0.21171842515468597, -0.21498842537403107, -0.2155553251504898, -0.20369853079319, -0.18819770216941833]
test/correction_patch_magnitude_ratio: [0.03626205772161484, 0.02485872246325016, 0.019215131178498268, 0.015829619020223618, 0.013976342976093292, 0.012132394127547741, 0.011235681362450123, 0.010669720359146595, 0.010709088295698166, 0.010847565717995167, 0.010944394394755363, 0.010724104940891266, 0.010552610270678997, 0.010424883104860783, 0.01038266159594059, 0.01026142481714487, 0.009923825971782207, 0.009469171054661274, 0.00915816891938448, 0.008916975930333138, 0.008649532683193684, 0.008580103516578674, 0.008437469601631165, 0.008212498389184475, 0.008091401308774948, 0.007915021851658821, 0.00785837322473526, 0.007860327139496803, 0.007941292598843575, 0.00806262157857418, 0.008067053742706776, 0.007937917485833168, 0.00789031945168972, 0.007769329939037561, 0.007517078425735235, 0.007304491940885782, 0.007197812665253878, 0.007087859325110912, 0.0067913951352238655, 0.00660881819203496, 0.006512340158224106, 0.006407455541193485, 0.006296338979154825, 0.006218313705176115, 0.006089865230023861]
test/correction_patch_optimal_scalar: [-0.18557880818843842, 3.8786158561706543, 7.40294075012207, 9.720231056213379, 10.910922050476074, 12.750540733337402, 13.585914611816406, 7.934004306793213, 1.3557021617889404, -2.6532480716705322, -7.623758316040039, -9.582643508911133, -13.614477157592773, -16.628009796142578, -20.59539031982422, -22.611520767211914, -20.720548629760742, -21.300643920898438, -20.109405517578125, -22.0272159576416, -19.855777740478516, -18.785526275634766, -20.07099723815918, -22.242904663085938, -21.971250534057617, -23.800434112548828, -26.463754653930664, -28.825193405151367, -28.829044342041016, -29.66874885559082, -32.931617736816406, -35.576942443847656, -34.72431182861328, -33.6868896484375, -34.90434646606445, -35.47140884399414, -35.410606384277344, -36.88037109375, -40.11351013183594, -42.26702880859375, -45.36659622192383, -48.234092712402344, -49.67239761352539, -48.90277099609375, -46.044166564941406]
