[train]
train/correction_beneficial_ratio: 0.5205762982368469
train/correction_beneficial_ratio_far: 0.5062129497528076
train/correction_beneficial_ratio_middle: 0.5464264750480652
train/correction_beneficial_ratio_near: 0.5090895891189575
train/correction_cosine_far: 0.02126084454357624
train/correction_cosine_mean: 0.02822941541671753
train/correction_cosine_middle: 0.049045298248529434
train/correction_cosine_near: 0.014382128603756428
train/correction_magnitude_ratio_far: 0.012347709387540817
train/correction_magnitude_ratio_mean: 0.016105541959404945
train/correction_magnitude_ratio_middle: 0.014381790533661842
train/correction_magnitude_ratio_near: 0.021587131544947624
train/correction_optimal_scalar_far: 4.989396572113037
train/correction_optimal_scalar_mean: 4.728466510772705
train/correction_optimal_scalar_middle: 6.471342086791992
train/correction_optimal_scalar_near: 2.724658966064453
train/correction_patch_beneficial_ratio: [0.501334547996521, 0.47108539938926697, 0.4819839894771576, 0.4891014099121094, 0.4908807873725891, 0.487322062253952, 0.49688613414764404, 0.5086743831634521, 0.5160142183303833, 0.5186832547187805, 0.5215747356414795, 0.5291370153427124, 0.5373665690422058, 0.5464857816696167, 0.5398131608963013, 0.5442615747451782, 0.5518238544464111, 0.5607206225395203, 0.5578292012214661, 0.5538256168365479, 0.5500444769859314, 0.5522686839103699, 0.5502669215202332, 0.5493772029876709, 0.5493772029876709, 0.5504893064498901, 0.5355871915817261, 0.5342526435852051, 0.5313612222671509, 0.5249110460281372, 0.5186832547187805, 0.5142349004745483, 0.5108985900878906, 0.5124555230140686, 0.5095640420913696, 0.5004448294639587, 0.49888789653778076, 0.5, 0.5057829022407532, 0.5057829022407532, 0.5102313160896301, 0.5060053467750549, 0.49955517053604126, 0.49955517053604126, 0.5011121034622192]
train/correction_patch_cosine: [0.028143614530563354, -0.030095361173152924, -0.022726362571120262, -0.012111915275454521, -0.009263969026505947, -0.019405897706747055, -0.004367411136627197, 0.01424939651042223, 0.020562894642353058, 0.03141937032341957, 0.039507392793893814, 0.04778837040066719, 0.04370297119021416, 0.04613091051578522, 0.04219779372215271, 0.04231800511479378, 0.04921773821115494, 0.049060795456171036, 0.04816554859280586, 0.04872438684105873, 0.04576703906059265, 0.04756131023168564, 0.051113128662109375, 0.05408118665218353, 0.05646383762359619, 0.055341076105833054, 0.050967615097761154, 0.04951879754662514, 0.045381397008895874, 0.04199792817234993, 0.03872827813029289, 0.031738072633743286, 0.02738283760845661, 0.025298116728663445, 0.022989429533481598, 0.021084947511553764, 0.01826501078903675, 0.01978992111980915, 0.019072789698839188, 0.01829676702618599, 0.01564817875623703, 0.015172342769801617, 0.012879443354904652, 0.015553372912108898, 0.017012644559144974]
train/correction_patch_magnitude_ratio: [0.047510989010334015, 0.031636424362659454, 0.026221606880426407, 0.02317770943045616, 0.021186120808124542, 0.020244590938091278, 0.018933162093162537, 0.017743753269314766, 0.01733996719121933, 0.01692691072821617, 0.0167443435639143, 0.016679642722010612, 0.016833888366818428, 0.01644197665154934, 0.016185900196433067, 0.015872392803430557, 0.015380260534584522, 0.014924164861440659, 0.01461013313382864, 0.014535564929246902, 0.014628453180193901, 0.014522992074489594, 0.014446075074374676, 0.014354732818901539, 0.014098788611590862, 0.01389025803655386, 0.01388973742723465, 0.013725195080041885, 0.013540368527173996, 0.01330773439258337, 0.013162190094590187, 0.013144717551767826, 0.013101554475724697, 0.012990652583539486, 0.012731555849313736, 0.012435812503099442, 0.012331727892160416, 0.01215274352580309, 0.012024063616991043, 0.011929108761250973, 0.011869244277477264, 0.011776015162467957, 0.0118288304656744, 0.011872843839228153, 0.01186448149383068]
train/correction_patch_optimal_scalar: [0.6704615354537964, 0.16669639945030212, 0.6469365358352661, 0.9568581581115723, 1.0575675964355469, 0.2578014135360718, 0.8810614943504333, 2.351635456085205, 2.6611099243164062, 3.4645297527313232, 4.735846996307373, 5.679226875305176, 5.406417369842529, 5.911394119262695, 6.022319316864014, 5.981334209442139, 6.012798309326172, 5.62778902053833, 5.947418212890625, 6.257019996643066, 6.2132110595703125, 6.893885135650635, 7.77841854095459, 7.446956157684326, 7.244476318359375, 7.336515426635742, 6.792302131652832, 6.506649494171143, 5.748302936553955, 5.2831220626831055, 5.082342147827148, 4.317121982574463, 4.169268608093262, 4.383608341217041, 4.5223541259765625, 4.49901008605957, 4.231217384338379, 4.684247016906738, 5.238846778869629, 5.461639881134033, 5.340895175933838, 5.510426044464111, 5.532496929168701, 5.941233158111572, 5.9262375831604]
[test]
test/correction_beneficial_ratio: 0.37273740768432617
test/correction_beneficial_ratio_far: 0.3049289882183075
test/correction_beneficial_ratio_middle: 0.35655805468559265
test/correction_beneficial_ratio_near: 0.456725150346756
test/correction_cosine_far: -0.2366459220647812
test/correction_cosine_mean: -0.1503184735774994
test/correction_cosine_middle: -0.16470621526241302
test/correction_cosine_near: -0.04960304871201515
test/correction_magnitude_ratio_far: 0.007662594318389893
test/correction_magnitude_ratio_mean: 0.012428376823663712
test/correction_magnitude_ratio_middle: 0.010665235109627247
test/correction_magnitude_ratio_near: 0.018957309424877167
test/correction_optimal_scalar_far: -45.640655517578125
test/correction_optimal_scalar_mean: -24.57440757751465
test/correction_optimal_scalar_middle: -25.213603973388672
test/correction_optimal_scalar_near: -2.8689892292022705
test/correction_patch_beneficial_ratio: [0.5375939607620239, 0.5513784289360046, 0.5588972568511963, 0.5739348530769348, 0.5751879811286926, 0.523809552192688, 0.48245614767074585, 0.45989975333213806, 0.3947368562221527, 0.37468671798706055, 0.36215537786483765, 0.37593984603881836, 0.3671679198741913, 0.35213032364845276, 0.36090224981307983, 0.37468671798706055, 0.38596490025520325, 0.36215537786483765, 0.3909774422645569, 0.3922305703163147, 0.4010024964809418, 0.41102758049964905, 0.4060150384902954, 0.37719297409057617, 0.36215537786483765, 0.3308270573616028, 0.32832080125808716, 0.30075186491012573, 0.26817041635513306, 0.25689223408699036, 0.2731829583644867, 0.2844611406326294, 0.2969924807548523, 0.2982456088066101, 0.31328320503234863, 0.31328320503234863, 0.31453633308410645, 0.31578946113586426, 0.3208020031452179, 0.29323309659957886, 0.30200502276420593, 0.3070175349712372, 0.30325815081596375, 0.30576440691947937, 0.332080215215683]
test/correction_patch_cosine: [0.045113738626241684, 0.04043123871088028, 0.06637470424175262, 0.05633656680583954, 0.0449349619448185, -0.007595120929181576, -0.04046797379851341, -0.06723082065582275, -0.09522642195224762, -0.10596942156553268, -0.11592385172843933, -0.11961878836154938, -0.13932228088378906, -0.15302379429340363, -0.15285919606685638, -0.14372919499874115, -0.13160240650177002, -0.1317187398672104, -0.12559999525547028, -0.12079831957817078, -0.12327136099338531, -0.12248105555772781, -0.13438193500041962, -0.16222044825553894, -0.17483049631118774, -0.19243329763412476, -0.20187370479106903, -0.2213243544101715, -0.23984026908874512, -0.2444891631603241, -0.2456301599740982, -0.2464115470647812, -0.23593266308307648, -0.22813408076763153, -0.22353054583072662, -0.22383825480937958, -0.22380699217319489, -0.23272773623466492, -0.2319404035806656, -0.23705564439296722, -0.24051393568515778, -0.23995386064052582, -0.24722370505332947, -0.25201860070228577, -0.24097204208374023]
test/correction_patch_magnitude_ratio: [0.04140869528055191, 0.028344767168164253, 0.02337220124900341, 0.02045314759016037, 0.01858346350491047, 0.01714180037379265, 0.016142813488841057, 0.015252810902893543, 0.015034937299787998, 0.015284855850040913, 0.01530696265399456, 0.014848646707832813, 0.014567443169653416, 0.014340303838253021, 0.014276796951889992, 0.01351216807961464, 0.01266220398247242, 0.01220885943621397, 0.011807769536972046, 0.011427114717662334, 0.011198669672012329, 0.010872039012610912, 0.010506223887205124, 0.010025187395513058, 0.009746957570314407, 0.009552668780088425, 0.009355933405458927, 0.009159617125988007, 0.00900015514343977, 0.00894292164593935, 0.008802471682429314, 0.008658289909362793, 0.008617797866463661, 0.008514595218002796, 0.008303283713757992, 0.00797541905194521, 0.007819144986569881, 0.007511144503951073, 0.0072125461883842945, 0.00702536990866065, 0.006855181884020567, 0.006828790996223688, 0.006891659460961819, 0.006944566965103149, 0.006978567223995924]
test/correction_patch_optimal_scalar: [2.051415205001831, 4.366176605224609, 8.440569877624512, 8.738459587097168, 7.843023777008057, 5.503413677215576, 4.761017322540283, 2.045457124710083, -3.0892724990844727, -8.852590560913086, -10.918416976928711, -12.339646339416504, -15.545162200927734, -17.557973861694336, -18.481306076049805, -19.642061233520508, -20.624420166015625, -22.220550537109375, -21.6528263092041, -20.812116622924805, -19.96546745300293, -18.736310958862305, -19.810794830322266, -23.361391067504883, -25.11072540283203, -27.398723602294922, -29.370590209960938, -32.86248779296875, -37.07782745361328, -39.55772399902344, -42.87468719482422, -45.2273063659668, -45.78108215332031, -46.48549270629883, -47.429237365722656, -47.14693069458008, -45.48969268798828, -46.103721618652344, -45.431419372558594, -45.465511322021484, -44.92842483520508, -45.436832427978516, -46.736446380615234, -46.552513122558594, -43.520286560058594]
