[train]
train/correction_beneficial_ratio: 0.4730064868927002
train/correction_beneficial_ratio_far: 0.4853057563304901
train/correction_beneficial_ratio_middle: 0.46328845620155334
train/correction_beneficial_ratio_near: 0.47042524814605713
train/correction_cosine_far: -0.005854405462741852
train/correction_cosine_mean: -0.01906857267022133
train/correction_cosine_middle: -0.03250719606876373
train/correction_cosine_near: -0.01884412206709385
train/correction_magnitude_ratio_far: 0.010889737866818905
train/correction_magnitude_ratio_mean: 0.013562222942709923
train/correction_magnitude_ratio_middle: 0.012735946103930473
train/correction_magnitude_ratio_near: 0.01706097647547722
train/correction_optimal_scalar_far: 0.03569355234503746
train/correction_optimal_scalar_mean: -1.0090601444244385
train/correction_optimal_scalar_middle: -1.7441867589950562
train/correction_optimal_scalar_near: -1.318690538406372
train/correction_patch_beneficial_ratio: [0.4886460304260254, 0.44645315408706665, 0.4330042004585266, 0.45005714893341064, 0.485100656747818, 0.5131120085716248, 0.4766034781932831, 0.45383691787719727, 0.43933311104774475, 0.44876790046691895, 0.4765155613422394, 0.4874446988105774, 0.4744938313961029, 0.4626270830631256, 0.46453163027763367, 0.46910253167152405, 0.49620556831359863, 0.5161007046699524, 0.5054645538330078, 0.48217058181762695, 0.4635647237300873]
train/correction_patch_cosine: [0.0033075532410293818, -0.04086987301707268, -0.0559791661798954, -0.03556445613503456, -0.004965994507074356, 0.015095521695911884, -0.01293253991752863, -0.04159301891922951, -0.053879737854003906, -0.04102401062846184, -0.021271198987960815, -0.013532694429159164, -0.026536766439676285, -0.029712891206145287, -0.028411146253347397, -0.0207259189337492, -7.169161108322442e-05, 0.02381373569369316, 0.014897432178258896, -0.006483806297183037, -0.023999350145459175]
train/correction_patch_magnitude_ratio: [0.02378622256219387, 0.01881803199648857, 0.016595786437392235, 0.015110236592590809, 0.01510570477694273, 0.015429585240781307, 0.014581299386918545, 0.013513719663023949, 0.012780842371284962, 0.01235937885940075, 0.012810097075998783, 0.013354476541280746, 0.01273135095834732, 0.011601769365370274, 0.010979389771819115, 0.010948172770440578, 0.011510421521961689, 0.011727380566298962, 0.011061223223805428, 0.010216751135885715, 0.009784846566617489]
train/correction_patch_optimal_scalar: [0.9753014445304871, -5.584839820861816, -4.542548656463623, -1.321130633354187, 1.9131340980529785, 2.436286211013794, -3.1070501804351807, -3.655013084411621, -2.1441104412078857, -0.13957351446151733, 0.8899354338645935, 0.7823395133018494, -4.553703308105469, -3.389147996902466, -0.9724550247192383, -0.314470112323761, 1.9553214311599731, 3.130873918533325, -0.6206635236740112, -2.927706718444824, -0.0010440340265631676]
[test]
test/correction_beneficial_ratio: 0.3614279329776764
test/correction_beneficial_ratio_far: 0.3734976649284363
test/correction_beneficial_ratio_middle: 0.3361772894859314
test/correction_beneficial_ratio_near: 0.3746088445186615
test/correction_cosine_far: -0.14556030929088593
test/correction_cosine_mean: -0.14859282970428467
test/correction_cosine_middle: -0.18255425989627838
test/correction_cosine_near: -0.11766398698091507
test/correction_magnitude_ratio_far: 0.010443249717354774
test/correction_magnitude_ratio_mean: 0.013315053656697273
test/correction_magnitude_ratio_middle: 0.012182669714093208
test/correction_magnitude_ratio_near: 0.01731923036277294
test/correction_optimal_scalar_far: -10.458854675292969
test/correction_optimal_scalar_mean: -9.572748184204102
test/correction_optimal_scalar_middle: -11.350959777832031
test/correction_optimal_scalar_near: -6.908419132232666
test/correction_patch_beneficial_ratio: [0.396602600812912, 0.36352258920669556, 0.33357176184654236, 0.3513634204864502, 0.38703620433807373, 0.4206526577472687, 0.36951273679733276, 0.32364773750305176, 0.3013857901096344, 0.31899866461753845, 0.35511845350265503, 0.3631649613380432, 0.35574430227279663, 0.3351810574531555, 0.32087618112564087, 0.3461779057979584, 0.39821189641952515, 0.43030846118927, 0.4065265953540802, 0.3678140342235565, 0.3445686101913452]
test/correction_patch_cosine: [-0.07483860105276108, -0.12892760336399078, -0.152801513671875, -0.14139720797538757, -0.11016589403152466, -0.08092119544744492, -0.1345960646867752, -0.1867414116859436, -0.20908410847187042, -0.20113763213157654, -0.1688375174999237, -0.15257947146892548, -0.17224226891994476, -0.18725642561912537, -0.1956893354654312, -0.17502962052822113, -0.12610328197479248, -0.08706367015838623, -0.10878406465053558, -0.1475425660610199, -0.17870965600013733]
test/correction_patch_magnitude_ratio: [0.024036286398768425, 0.019446076825261116, 0.01735599897801876, 0.015778053551912308, 0.015121571719646454, 0.015317237935960293, 0.014179415069520473, 0.013143117539584637, 0.01227398868650198, 0.011962887831032276, 0.012171531096100807, 0.012714199721813202, 0.011939761228859425, 0.01107313483953476, 0.010563340038061142, 0.01051474642008543, 0.011087981052696705, 0.011361423879861832, 0.010517902672290802, 0.009796776808798313, 0.009260665625333786]
test/correction_patch_optimal_scalar: [-3.7865793704986572, -8.526649475097656, -10.375624656677246, -8.077195167541504, -4.064154624938965, -0.19530971348285675, -13.333443641662598, -16.8207950592041, -15.700765609741211, -10.444154739379883, -4.481527328491211, -0.2190297394990921, -13.502527236938477, -18.287965774536133, -15.989218711853027, -13.540663719177246, -2.904207944869995, 3.2535743713378906, -9.161367416381836, -16.639850616455078, -18.230247497558594]
