[train]
train/correction_beneficial_ratio: 0.5114725828170776
train/correction_beneficial_ratio_far: 0.5035516619682312
train/correction_beneficial_ratio_middle: 0.5146816968917847
train/correction_beneficial_ratio_near: 0.516184389591217
train/correction_cosine_far: 0.04938127472996712
train/correction_cosine_mean: 0.060373712331056595
train/correction_cosine_middle: 0.06614914536476135
train/correction_cosine_near: 0.06559060513973236
train/correction_magnitude_ratio_far: 0.08240234851837158
train/correction_magnitude_ratio_mean: 0.08787550777196884
train/correction_magnitude_ratio_middle: 0.08541742712259293
train/correction_magnitude_ratio_near: 0.09580671042203903
train/correction_optimal_scalar_far: 1.4664911031723022
train/correction_optimal_scalar_mean: 1.386639952659607
train/correction_optimal_scalar_middle: 1.6443783044815063
train/correction_optimal_scalar_near: 1.0490500926971436
train/correction_patch_beneficial_ratio: [0.5240118503570557, 0.5047027468681335, 0.5032963156700134, 0.5092736482620239, 0.5222830772399902, 0.5320988297462463, 0.5176243185997009, 0.5014796853065491, 0.4980808198451996, 0.5102405548095703, 0.5248322486877441, 0.5307216644287109, 0.5223124027252197, 0.5151044726371765, 0.5104749798774719, 0.5170968770980835, 0.517126202583313, 0.5083653330802917, 0.4955902695655823, 0.48940783739089966, 0.48680007457733154]
train/correction_patch_cosine: [0.08591025322675705, 0.05059758201241493, 0.045342471450567245, 0.0538862906396389, 0.07086014002561569, 0.08386269211769104, 0.06867492198944092, 0.05335104838013649, 0.04758409410715103, 0.060052670538425446, 0.07528559118509293, 0.08450493216514587, 0.0756470337510109, 0.06661903858184814, 0.06396982818841934, 0.06623084843158722, 0.06623737514019012, 0.05627189204096794, 0.037509530782699585, 0.027274280786514282, 0.028175344690680504]
train/correction_patch_magnitude_ratio: [0.11171475052833557, 0.10035693645477295, 0.09604512155056, 0.09253586083650589, 0.09089097380638123, 0.09051508456468582, 0.0885881707072258, 0.08724872022867203, 0.08666826784610748, 0.08568977564573288, 0.08516950905323029, 0.08516061305999756, 0.08427273482084274, 0.08371257036924362, 0.0840165838599205, 0.08376166224479675, 0.08286570012569427, 0.08223415911197662, 0.08151368051767349, 0.08122991770505905, 0.08119482547044754]
train/correction_patch_optimal_scalar: [0.8249772787094116, 0.5402456521987915, 0.5689831376075745, 1.0518577098846436, 1.5097763538360596, 1.6558184623718262, 1.191691279411316, 0.9950523376464844, 1.203898310661316, 1.8458824157714844, 2.1193253993988037, 2.2006287574768066, 1.7149642705917358, 1.430897831916809, 1.4207165241241455, 1.8031584024429321, 1.999395489692688, 1.7955708503723145, 1.162411093711853, 0.9900528788566589, 1.0941336154937744]
[test]
test/correction_beneficial_ratio: 0.4784000813961029
test/correction_beneficial_ratio_far: 0.4753815829753876
test/correction_beneficial_ratio_middle: 0.47536879777908325
test/correction_beneficial_ratio_near: 0.4844498336315155
test/correction_cosine_far: 0.01463876012712717
test/correction_cosine_mean: 0.019727060571312904
test/correction_cosine_middle: 0.011252626776695251
test/correction_cosine_near: 0.03328973799943924
test/correction_magnitude_ratio_far: 0.07832187414169312
test/correction_magnitude_ratio_mean: 0.08581177145242691
test/correction_magnitude_ratio_middle: 0.08360861241817474
test/correction_magnitude_ratio_near: 0.09550479054450989
test/correction_optimal_scalar_far: 1.3485487699508667
test/correction_optimal_scalar_mean: 1.1478345394134521
test/correction_optimal_scalar_middle: 1.1605901718139648
test/correction_optimal_scalar_near: 0.9343647360801697
test/correction_patch_beneficial_ratio: [0.49611085653305054, 0.4758158326148987, 0.48135897517204285, 0.47921323776245117, 0.4889584183692932, 0.49611085653305054, 0.4735806882381439, 0.46723291277885437, 0.47474294900894165, 0.48734912276268005, 0.49065712094306946, 0.4775145351886749, 0.4690210223197937, 0.4610639214515686, 0.4716137647628784, 0.48654448986053467, 0.4943227469921112, 0.4838623106479645, 0.46946802735328674, 0.4637461006641388, 0.45811355113983154]
test/correction_patch_cosine: [0.05376153811812401, 0.02296299673616886, 0.028039539232850075, 0.027066778391599655, 0.03689902275800705, 0.03862495720386505, 0.02567349374294281, 0.011980276554822922, 0.009054782800376415, 0.019649310037493706, 0.019996490329504013, 0.012896173633635044, 0.003547495463863015, 0.0016440779436379671, 0.01013216283172369, 0.02738831378519535, 0.03377556800842285, 0.02361542172729969, 0.011290092021226883, 0.00229202420450747, -0.006022272165864706]
test/correction_patch_magnitude_ratio: [0.11296483874320984, 0.0987214744091034, 0.09420724213123322, 0.09202226251363754, 0.09123082458972931, 0.0913407951593399, 0.08804642409086227, 0.0852838084101677, 0.08490914851427078, 0.08404183387756348, 0.08413037657737732, 0.08429983258247375, 0.08237442374229431, 0.080221027135849, 0.08004387468099594, 0.07946968078613281, 0.07953613996505737, 0.07898227870464325, 0.07757606357336044, 0.0763283371925354, 0.07631666958332062]
test/correction_patch_optimal_scalar: [0.5544400811195374, 0.43484148383140564, 0.7692795395851135, 1.1703832149505615, 1.4339882135391235, 1.6009272336959839, 0.576694667339325, 0.4660062789916992, 1.0293904542922974, 1.7236623764038086, 1.8959726095199585, 1.7501959800720215, 0.796316921710968, 0.4625881016254425, 1.067325234413147, 1.4710344076156616, 2.0322389602661133, 1.90852689743042, 1.0182950496673584, 0.7713906764984131, 1.1710290908813477]
