[train]
train/correction_beneficial_ratio: 0.48458439111709595
train/correction_beneficial_ratio_far: 0.4925346374511719
train/correction_beneficial_ratio_middle: 0.4739162027835846
train/correction_beneficial_ratio_near: 0.48730239272117615
train/correction_cosine_far: -0.000984663492999971
train/correction_cosine_mean: -0.006748603191226721
train/correction_cosine_middle: -0.019477033987641335
train/correction_cosine_near: 0.00021589006064459682
train/correction_magnitude_ratio_far: 0.010047786869108677
train/correction_magnitude_ratio_mean: 0.01366425585001707
train/correction_magnitude_ratio_middle: 0.012354142963886261
train/correction_magnitude_ratio_near: 0.01859082467854023
train/correction_optimal_scalar_far: 0.268422931432724
train/correction_optimal_scalar_mean: 0.48562759160995483
train/correction_optimal_scalar_middle: 0.2120221108198166
train/correction_optimal_scalar_near: 0.9764420390129089
train/correction_patch_beneficial_ratio: [0.4912830591201782, 0.458847314119339, 0.4575873911380768, 0.4852178394794464, 0.49787572026252747, 0.5209645628929138, 0.4993407428264618, 0.46910253167152405, 0.4589059054851532, 0.472970187664032, 0.4769550859928131, 0.482522189617157, 0.4805883467197418, 0.47636908292770386, 0.47757038474082947, 0.48348912596702576, 0.4907263517379761, 0.5143426656723022, 0.508423924446106, 0.49040406942367554, 0.4827859103679657]
train/correction_patch_cosine: [0.0069718752056360245, -0.024761546403169632, -0.021928075700998306, -0.004102752543985844, 0.008949628099799156, 0.028154859319329262, 0.008227244950830936, -0.019776098430156708, -0.0309450626373291, -0.021007582545280457, -0.020581478253006935, -0.015824202448129654, -0.015858585014939308, -0.012346239760518074, -0.016267532482743263, -0.012863470241427422, -0.0065940977074205875, 0.019055776298046112, 0.01559324562549591, 0.0008300503832288086, -0.006646626628935337]
train/correction_patch_magnitude_ratio: [0.027493759989738464, 0.02100060135126114, 0.018193818628787994, 0.016494818031787872, 0.01585637778043747, 0.015943652018904686, 0.015152813866734505, 0.013814284466207027, 0.013007527217268944, 0.012301870621740818, 0.012105108238756657, 0.012334248051047325, 0.011857294477522373, 0.011058700270950794, 0.010743903927505016, 0.010532395914196968, 0.010331052355468273, 0.010158881545066833, 0.009793834760785103, 0.009446723386645317, 0.009327688254415989]
train/correction_patch_optimal_scalar: [0.6831011176109314, -1.866829514503479, -1.3590896129608154, 0.6878873109817505, 2.3692679405212402, 4.131870269775391, 2.1888790130615234, -0.7092032432556152, -2.0334465503692627, -0.14470615983009338, 0.6163994669914246, 1.3016211986541748, 1.3054652214050293, 1.1480164527893066, -0.19350461661815643, -0.6000717282295227, -0.6061861515045166, 2.003594398498535, -0.7822022438049316, -0.44234681129455566, 2.499668598175049]
[test]
test/correction_beneficial_ratio: 0.3561146855354309
test/correction_beneficial_ratio_far: 0.3636886179447174
test/correction_beneficial_ratio_middle: 0.3293313682079315
test/correction_beneficial_ratio_near: 0.3753241002559662
test/correction_cosine_far: -0.15019677579402924
test/correction_cosine_mean: -0.14402350783348083
test/correction_cosine_middle: -0.1785590797662735
test/correction_cosine_near: -0.10331462323665619
test/correction_magnitude_ratio_far: 0.009422915056347847
test/correction_magnitude_ratio_mean: 0.01313045248389244
test/correction_magnitude_ratio_middle: 0.01151303295046091
test/correction_magnitude_ratio_near: 0.018455419689416885
test/correction_optimal_scalar_far: -15.432658195495605
test/correction_optimal_scalar_mean: -13.053709030151367
test/correction_optimal_scalar_middle: -15.95396900177002
test/correction_optimal_scalar_near: -7.774510860443115
test/correction_patch_beneficial_ratio: [0.3932946026325226, 0.35896289348602295, 0.35887348651885986, 0.37818506360054016, 0.38891372084617615, 0.3977648615837097, 0.3512740135192871, 0.32838621735572815, 0.31783637404441833, 0.32221725583076477, 0.3380420207977295, 0.338578462600708, 0.3273133635520935, 0.33294591307640076, 0.33294591307640076, 0.3426016867160797, 0.35824766755104065, 0.39874833822250366, 0.37836387753486633, 0.3758605420589447, 0.35905230045318604]
test/correction_patch_cosine: [-0.07253765314817429, -0.11740123480558395, -0.11532782018184662, -0.10455332696437836, -0.0946626290678978, -0.08542259782552719, -0.13329683244228363, -0.1692643165588379, -0.18700377643108368, -0.1875091940164566, -0.17693573236465454, -0.17200148105621338, -0.18143419921398163, -0.17576511204242706, -0.17950692772865295, -0.176535964012146, -0.15279732644557953, -0.11932459473609924, -0.12832137942314148, -0.13630084693431854, -0.15859045088291168]
test/correction_patch_magnitude_ratio: [0.027393830940127373, 0.021261902526021004, 0.018325800076127052, 0.0164528526365757, 0.01560682151466608, 0.015633491799235344, 0.014513145200908184, 0.013048667460680008, 0.0118998559191823, 0.011407483369112015, 0.011308440007269382, 0.011700608767569065, 0.010942835360765457, 0.010283339768648148, 0.009833088144659996, 0.009763208217918873, 0.009808182716369629, 0.009863982908427715, 0.009275497868657112, 0.008891509845852852, 0.00852495152503252]
test/correction_patch_optimal_scalar: [-4.356357097625732, -8.448099136352539, -8.524454116821289, -7.984144687652588, -6.871847629547119, -5.6214599609375, -12.615165710449219, -15.059767723083496, -16.330575942993164, -15.489766120910645, -13.884805679321289, -13.351759910583496, -18.576988220214844, -18.984081268310547, -17.426830291748047, -17.567127227783203, -13.627774238586426, -9.364500045776367, -14.344526290893555, -15.928561210632324, -19.76930809020996]
