[train]
train/correction_beneficial_ratio: 0.49320435523986816
train/correction_beneficial_ratio_far: 0.49378618597984314
train/correction_beneficial_ratio_middle: 0.4860047698020935
train/correction_beneficial_ratio_near: 0.49982210993766785
train/correction_cosine_far: 0.0013634214410558343
train/correction_cosine_mean: 0.0010721777798607945
train/correction_cosine_middle: -0.006263760384172201
train/correction_cosine_near: 0.008116912096738815
train/correction_magnitude_ratio_far: 0.018509676679968834
train/correction_magnitude_ratio_mean: 0.023269008845090866
train/correction_magnitude_ratio_middle: 0.02103000320494175
train/correction_magnitude_ratio_near: 0.030267350375652313
train/correction_optimal_scalar_far: 2.521315336227417
train/correction_optimal_scalar_mean: 1.2150464057922363
train/correction_optimal_scalar_middle: -1.3615583181381226
train/correction_optimal_scalar_near: 2.485386371612549
train/correction_patch_beneficial_ratio: [0.47730669379234314, 0.5192065238952637, 0.5229277014732361, 0.5032083988189697, 0.5030618906021118, 0.4901696443557739, 0.482873797416687, 0.4781857132911682, 0.4854229688644409, 0.47496265172958374, 0.4887046217918396, 0.4805883467197418, 0.4967915713787079, 0.4973776042461395, 0.4911951720714569, 0.48354771733283997, 0.49635207653045654, 0.49509215354919434, 0.5007178783416748, 0.4945647418498993, 0.4950335621833801]
train/correction_patch_cosine: [-0.005466530565172434, 0.027282515540719032, 0.030581437051296234, 0.011363995261490345, 0.006519064772874117, -0.0016957800835371017, -0.011766476556658745, -0.013955186121165752, -0.009789411909878254, -0.018433084711432457, -0.005809552036225796, -0.009155376814305782, 0.004158063791692257, 0.009138228371739388, -0.0005029607564210892, -0.007532619871199131, 0.004821872338652611, 0.0074004363268613815, 0.005349285900592804, 0.00010003045463236049, -9.219664207194e-05]
train/correction_patch_magnitude_ratio: [0.04631643369793892, 0.032850414514541626, 0.02996656857430935, 0.02812606282532215, 0.02590310573577881, 0.025323759764432907, 0.023385075852274895, 0.02184441313147545, 0.021347083151340485, 0.0214923657476902, 0.021673494949936867, 0.022027188912034035, 0.02002163976430893, 0.018803834915161133, 0.01811121217906475, 0.018182506784796715, 0.018725259229540825, 0.019374174997210503, 0.018826037645339966, 0.01815670169889927, 0.018191862851381302]
train/correction_patch_optimal_scalar: [0.5618622303009033, 1.5383168458938599, 8.901701927185059, 10.676825523376465, 1.0995941162109375, -2.5392298698425293, -2.841352939605713, -2.658064842224121, -4.968208312988281, -4.236286163330078, 2.3543992042541504, -1.6391295194625854, 1.3567619323730469, 0.2595876455307007, 5.6964240074157715, 4.976628303527832, 4.769059181213379, -2.8129618167877197, -4.2624053955078125, 4.060136795043945, 5.222318172454834]
[test]
test/correction_beneficial_ratio: 0.4657641053199768
test/correction_beneficial_ratio_far: 0.47355514764785767
test/correction_beneficial_ratio_middle: 0.4691104292869568
test/correction_beneficial_ratio_near: 0.45462673902511597
test/correction_cosine_far: -0.01736709102988243
test/correction_cosine_mean: -0.025811946019530296
test/correction_cosine_middle: -0.019160371273756027
test/correction_cosine_near: -0.040908318012952805
test/correction_magnitude_ratio_far: 0.01668510213494301
test/correction_magnitude_ratio_mean: 0.019781043753027916
test/correction_magnitude_ratio_middle: 0.018100528046488762
test/correction_magnitude_ratio_near: 0.02455751970410347
test/correction_optimal_scalar_far: 5.987584590911865
test/correction_optimal_scalar_mean: 3.1034133434295654
test/correction_optimal_scalar_middle: -2.80879282951355
test/correction_optimal_scalar_near: 6.131454944610596
test/correction_patch_beneficial_ratio: [0.4413053095340729, 0.46329906582832336, 0.4549843668937683, 0.4410370886325836, 0.45936521887779236, 0.46741172671318054, 0.4549843668937683, 0.4616003632545471, 0.47152435779571533, 0.4499776363372803, 0.4683951735496521, 0.48278945684432983, 0.47930264472961426, 0.47018328309059143, 0.4662494361400604, 0.462941437959671, 0.47805094718933105, 0.4717925786972046, 0.46204739809036255, 0.4831470847129822, 0.49065712094306946]
test/correction_patch_cosine: [-0.04387177526950836, -0.04347391799092293, -0.04508647322654724, -0.06214137375354767, -0.042598314583301544, -0.02347448654472828, -0.025712091475725174, -0.021922122687101364, -0.01809685304760933, -0.04034760966897011, -0.019567137584090233, -0.008480016142129898, -0.011220181360840797, -0.014488802291452885, -0.020409666001796722, -0.028066540136933327, -0.013126858510077, -0.017277609556913376, -0.02654978260397911, -0.01638288050889969, 0.00024355818459298462]
test/correction_patch_magnitude_ratio: [0.03576480224728584, 0.0248570516705513, 0.023695897310972214, 0.023050468415021896, 0.0217767134308815, 0.022248001769185066, 0.020509598776698112, 0.018203314393758774, 0.017753425985574722, 0.018417611718177795, 0.01869083382189274, 0.019404476508498192, 0.01784832403063774, 0.016385721042752266, 0.015691552311182022, 0.016314268112182617, 0.01726338267326355, 0.01788921281695366, 0.01703651063144207, 0.016086207702755928, 0.016514567658305168]
test/correction_patch_optimal_scalar: [-2.5016727447509766, 1.6971962451934814, 20.208608627319336, 25.364818572998047, 0.09372123330831528, -3.161672353744507, 1.2191684246063232, 2.103365659713745, -10.543545722961426, -8.043076515197754, 3.1566522121429443, -3.6976208686828613, -0.9242458343505859, -1.7130802869796753, 13.761083602905273, 9.36153793334961, 4.714183807373047, -5.118652820587158, -8.49553108215332, 7.751946449279785, 19.938493728637695]
