[train]
train/correction_beneficial_ratio: 0.5779408812522888
train/correction_beneficial_ratio_far: 0.584860622882843
train/correction_beneficial_ratio_middle: 0.6056050062179565
train/correction_beneficial_ratio_near: 0.5433570742607117
train/correction_cosine_far: 0.12475234270095825
train/correction_cosine_mean: 0.10128571093082428
train/correction_cosine_middle: 0.12286966294050217
train/correction_cosine_near: 0.05623504891991615
train/correction_magnitude_ratio_far: 0.008554893545806408
train/correction_magnitude_ratio_mean: 0.014271627180278301
train/correction_magnitude_ratio_middle: 0.011235404759645462
train/correction_magnitude_ratio_near: 0.023024583235383034
train/correction_optimal_scalar_far: 20.936311721801758
train/correction_optimal_scalar_mean: 14.28409194946289
train/correction_optimal_scalar_middle: 15.870866775512695
train/correction_optimal_scalar_near: 6.045102119445801
train/correction_patch_beneficial_ratio: [0.48087188601493835, 0.5004448294639587, 0.4986654818058014, 0.4971085488796234, 0.5022242069244385, 0.5180160403251648, 0.5487099885940552, 0.5620551705360413, 0.5607206225395203, 0.5678380727767944, 0.5711743831634521, 0.5800711512565613, 0.5805160403251648, 0.5867437720298767, 0.5951957106590271, 0.5987544655799866, 0.5985320210456848, 0.6036477088928223, 0.6076512336730957, 0.6118772029876709, 0.6120996475219727, 0.6065391302108765, 0.6080960631370544, 0.6047598123550415, 0.5994216799736023, 0.5885231494903564, 0.5916370153427124, 0.6018683314323425, 0.6287811398506165, 0.621886134147644, 0.6049821972846985, 0.6114323735237122, 0.6080960631370544, 0.6038700938224792, 0.6029804348945618, 0.5934163928031921, 0.5923042893409729, 0.5827401876449585, 0.5778470039367676, 0.5754003524780273, 0.5720640420913696, 0.5625, 0.5549377202987671, 0.5671707987785339, 0.5631672739982605]
train/correction_patch_cosine: [-0.004595914389938116, 0.012038716115057468, 0.012858242727816105, 0.012921961955726147, 0.02037503942847252, 0.028017643839120865, 0.054066408425569534, 0.06514342874288559, 0.0676928237080574, 0.07687081396579742, 0.08963976800441742, 0.0939192846417427, 0.09981725364923477, 0.10453827679157257, 0.11022216826677322, 0.1177193820476532, 0.1233505830168724, 0.12262697517871857, 0.1283748596906662, 0.12878671288490295, 0.1257047951221466, 0.12115136533975601, 0.11895208805799484, 0.11720133572816849, 0.11598968505859375, 0.11151090264320374, 0.11813577264547348, 0.1287061870098114, 0.1329599916934967, 0.13187441229820251, 0.1286279708147049, 0.1302652359008789, 0.13171273469924927, 0.1297699213027954, 0.13146524131298065, 0.12732496857643127, 0.12667594850063324, 0.1286032795906067, 0.12870743870735168, 0.12707489728927612, 0.12220731377601624, 0.1188807338476181, 0.11366087943315506, 0.11532393097877502, 0.1109854057431221]
train/correction_patch_magnitude_ratio: [0.05378304049372673, 0.037939149886369705, 0.03133992850780487, 0.027588272467255592, 0.025076551362872124, 0.02275545708835125, 0.020663196220993996, 0.018870919942855835, 0.01759893260896206, 0.01657733879983425, 0.015720916911959648, 0.015242145396769047, 0.014639299362897873, 0.01400263886898756, 0.013571074232459068, 0.013172590173780918, 0.012838482856750488, 0.012450695037841797, 0.012057101354002953, 0.011768508702516556, 0.011663476005196571, 0.01140189915895462, 0.01122407428920269, 0.01092445757240057, 0.010601644404232502, 0.01035669818520546, 0.010194974951446056, 0.01009737141430378, 0.009987134486436844, 0.009791857562959194, 0.009663034230470657, 0.009548912756145, 0.00942463893443346, 0.009200749918818474, 0.009037519805133343, 0.008966052904725075, 0.008915597572922707, 0.008748688735067844, 0.008462789468467236, 0.008141320198774338, 0.00793064571917057, 0.007756234146654606, 0.00760640436783433, 0.007506019435822964, 0.0074147856794297695]
train/correction_patch_optimal_scalar: [0.8445018529891968, 1.8333990573883057, 2.0052008628845215, 1.6895806789398193, 2.0330967903137207, 2.792881488800049, 4.492979049682617, 5.9978718757629395, 6.687945365905762, 7.168097972869873, 9.185741424560547, 10.11872386932373, 11.166319847106934, 12.053544998168945, 12.606657028198242, 13.219687461853027, 13.640294075012207, 13.894004821777344, 14.66397762298584, 15.044710159301758, 14.983043670654297, 14.79378890991211, 15.587827682495117, 16.230735778808594, 15.82297134399414, 15.595346450805664, 17.5704288482666, 18.843061447143555, 19.080196380615234, 19.09286117553711, 19.55848503112793, 20.581804275512695, 21.265697479248047, 21.557708740234375, 21.481279373168945, 20.8084716796875, 20.32462501525879, 20.84789276123047, 21.47758674621582, 22.163394927978516, 21.38811683654785, 21.44271469116211, 20.83685874938965, 20.575584411621094, 19.734439849853516]
[test]
test/correction_beneficial_ratio: 0.4489835798740387
test/correction_beneficial_ratio_far: 0.4251461923122406
test/correction_beneficial_ratio_middle: 0.4594820439815521
test/correction_beneficial_ratio_near: 0.462322473526001
test/correction_cosine_far: -0.12212540209293365
test/correction_cosine_mean: -0.07553461194038391
test/correction_cosine_middle: -0.07111677527427673
test/correction_cosine_near: -0.03336174413561821
test/correction_magnitude_ratio_far: 0.005131875164806843
test/correction_magnitude_ratio_mean: 0.010377354919910431
test/correction_magnitude_ratio_middle: 0.007771370932459831
test/correction_magnitude_ratio_near: 0.01822882704436779
test/correction_optimal_scalar_far: -35.19252395629883
test/correction_optimal_scalar_mean: -15.793766975402832
test/correction_optimal_scalar_middle: -13.90258502960205
test/correction_optimal_scalar_near: 1.7138038873672485
test/correction_patch_beneficial_ratio: [0.4310776889324188, 0.5413534045219421, 0.5087719559669495, 0.4548872113227844, 0.4523809552192688, 0.448621541261673, 0.44486215710639954, 0.4310776889324188, 0.43609023094177246, 0.4536340832710266, 0.4548872113227844, 0.4273183047771454, 0.46867167949676514, 0.48370927572250366, 0.4974937438964844, 0.5012531280517578, 0.49248120188713074, 0.5012531280517578, 0.49624061584472656, 0.4912280738353729, 0.4736842215061188, 0.448621541261673, 0.4398496150970459, 0.4436090290546417, 0.43358394503593445, 0.4385964870452881, 0.44486215710639954, 0.4411027431488037, 0.42105263471603394, 0.4248120188713074, 0.4160400927066803, 0.39849624037742615, 0.42355889081954956, 0.42230576276779175, 0.4385964870452881, 0.43609023094177246, 0.4285714328289032, 0.429824560880661, 0.429824560880661, 0.4260651767253876, 0.4248120188713074, 0.42230576276779175, 0.40977442264556885, 0.42105263471603394, 0.4498746991157532]
test/correction_patch_cosine: [-0.04608549177646637, 0.02216002345085144, 0.019775040447711945, -0.026942364871501923, -0.03747294098138809, -0.019731516018509865, -0.022494828328490257, -0.04103968292474747, -0.049141526222229004, -0.05063210800290108, -0.05177575349807739, -0.06289774924516678, -0.06181406229734421, -0.046444982290267944, -0.025887472555041313, -0.009386834688484669, -0.015555517747998238, -0.01664537750184536, -0.027282359078526497, -0.03920114040374756, -0.042738303542137146, -0.05609728768467903, -0.07819744944572449, -0.0956328958272934, -0.10299739986658096, -0.10401228070259094, -0.11108317971229553, -0.12124135345220566, -0.1228671744465828, -0.12381287664175034, -0.1309899091720581, -0.1395767778158188, -0.13070183992385864, -0.12618392705917358, -0.12102197855710983, -0.11564978212118149, -0.11303853988647461, -0.11721338331699371, -0.11870089173316956, -0.11695491522550583, -0.12435184419155121, -0.12840647995471954, -0.12732966244220734, -0.11990102380514145, -0.10186000913381577]
test/correction_patch_magnitude_ratio: [0.049025192856788635, 0.03261267766356468, 0.024275021627545357, 0.020227426663041115, 0.018047748133540154, 0.01617301069200039, 0.01504354178905487, 0.014021536335349083, 0.013484613969922066, 0.013140926137566566, 0.012719024904072285, 0.012013694271445274, 0.011344476602971554, 0.010845780372619629, 0.010457566939294338, 0.010085782036185265, 0.009660458192229271, 0.009137838147580624, 0.00865180604159832, 0.00832036416977644, 0.00803703349083662, 0.007795633282512426, 0.007493529003113508, 0.007224773522466421, 0.006991877686232328, 0.00680325273424387, 0.0066844928078353405, 0.006608044728636742, 0.006564564537256956, 0.006511143408715725, 0.006377186626195908, 0.00616794778034091, 0.005973070859909058, 0.005814698524773121, 0.005595000926405191, 0.005424218252301216, 0.0052334899082779884, 0.005035394802689552, 0.004822175949811935, 0.004681126214563847, 0.0045671467669308186, 0.0044529191218316555, 0.004362621810287237, 0.004256126005202532, 0.0042150081135332584]
test/correction_patch_optimal_scalar: [-0.6630891561508179, 1.1600170135498047, 3.6549243927001953, 2.585822582244873, 2.1476621627807617, 3.697723865509033, 4.578786849975586, 3.871769905090332, 2.4809350967407227, 3.4868693351745605, 0.48402589559555054, -0.4704831838607788, -1.24494469165802, 0.13430869579315186, -0.19724512100219727, -1.7692450284957886, -4.013879299163818, -2.5285987854003906, -4.312519073486328, -7.690325736999512, -8.362643241882324, -10.0806884765625, -14.833306312561035, -18.026294708251953, -17.84310531616211, -18.466201782226562, -21.969858169555664, -25.222999572753906, -25.747787475585938, -27.671215057373047, -30.903146743774414, -31.67071533203125, -30.023828506469727, -31.39422607421875, -30.654434204101562, -30.148927688598633, -30.532651901245117, -33.155818939208984, -35.37040328979492, -35.1179084777832, -39.55826187133789, -43.87985610961914, -44.194461822509766, -42.564388275146484, -38.71892547607422]
