[train]
train/correction_beneficial_ratio: 0.5089264512062073
train/correction_beneficial_ratio_far: 0.5137603878974915
train/correction_beneficial_ratio_middle: 0.5276245474815369
train/correction_beneficial_ratio_near: 0.4853944182395935
train/correction_cosine_far: 0.048468999564647675
train/correction_cosine_mean: 0.0318167619407177
train/correction_cosine_middle: 0.04203864932060242
train/correction_cosine_near: 0.00494256429374218
train/correction_magnitude_ratio_far: 0.007333164568990469
train/correction_magnitude_ratio_mean: 0.01586281508207321
train/correction_magnitude_ratio_middle: 0.011077984236180782
train/correction_magnitude_ratio_near: 0.02917727828025818
train/correction_optimal_scalar_far: 10.137663841247559
train/correction_optimal_scalar_mean: 5.630512237548828
train/correction_optimal_scalar_middle: 5.487221717834473
train/correction_optimal_scalar_near: 1.2666631937026978
train/correction_patch_beneficial_ratio: [0.49822065234184265, 0.469528466463089, 0.4653024971485138, 0.45373666286468506, 0.4644128084182739, 0.46285587549209595, 0.4833185076713562, 0.4848754405975342, 0.4839857518672943, 0.4810943007469177, 0.4833185076713562, 0.5020017623901367, 0.5102313160896301, 0.5131227970123291, 0.5249110460281372, 0.5284697413444519, 0.5420373678207397, 0.5358096361160278, 0.5298042893409729, 0.5435943007469177, 0.5449288487434387, 0.5395907759666443, 0.5358096361160278, 0.5300266742706299, 0.5200178027153015, 0.5048932433128357, 0.5064501762390137, 0.5155693888664246, 0.5217971801757812, 0.5155693888664246, 0.5100088715553284, 0.5213522911071777, 0.519350528717041, 0.5146797299385071, 0.5220195651054382, 0.520907461643219, 0.5053380727767944, 0.4973309636116028, 0.5024465918540955, 0.5088967680931091, 0.5124555230140686, 0.5124555230140686, 0.5149021148681641, 0.5189056992530823, 0.525355875492096]
train/correction_patch_cosine: [0.02423233911395073, -0.0014282893389463425, -0.015811052173376083, -0.02630232274532318, -0.02630549483001232, -0.028254302218556404, -0.01104480866342783, -0.0027088201604783535, 0.0005941495182923973, 0.006761505268514156, 0.01495952159166336, 0.024491187185049057, 0.030306357890367508, 0.0387616828083992, 0.04588703438639641, 0.04945138096809387, 0.05206327885389328, 0.04677377641201019, 0.0477658174932003, 0.050614651292562485, 0.04918312281370163, 0.0435059517621994, 0.040841732174158096, 0.03838007524609566, 0.0347195528447628, 0.027731509879231453, 0.03113953024148941, 0.03814535215497017, 0.03916950523853302, 0.04109545797109604, 0.043910734355449677, 0.0472562275826931, 0.047307442873716354, 0.04538888484239578, 0.04642223194241524, 0.04610040783882141, 0.044082071632146835, 0.047271423041820526, 0.04743411764502525, 0.05056048184633255, 0.052986640483140945, 0.05191587284207344, 0.05127592384815216, 0.04990817978978157, 0.05521441996097565]
train/correction_patch_magnitude_ratio: [0.07760003209114075, 0.05236078426241875, 0.041635237634181976, 0.03595821186900139, 0.03152022138237953, 0.02768334187567234, 0.024957498535513878, 0.022761812433600426, 0.021123623475432396, 0.019612658768892288, 0.018380556255578995, 0.017516164109110832, 0.01643282175064087, 0.015446435660123825, 0.014670095406472683, 0.014016607776284218, 0.013496355153620243, 0.012792682275176048, 0.012307088822126389, 0.011929402127861977, 0.011643665842711926, 0.011208198964595795, 0.010935762897133827, 0.010511700995266438, 0.010180662386119366, 0.009852105751633644, 0.00964339729398489, 0.009501784108579159, 0.00920553132891655, 0.008944799192249775, 0.008737621828913689, 0.008528437465429306, 0.008268254809081554, 0.008019967935979366, 0.007835065014660358, 0.007657120004296303, 0.007507119793444872, 0.007334406487643719, 0.007149684242904186, 0.006928572431206703, 0.00673691974952817, 0.006546140182763338, 0.006346909794956446, 0.006248002406209707, 0.00615320261567831]
train/correction_patch_optimal_scalar: [0.7464379668235779, 0.38788315653800964, -0.35181260108947754, -1.1321240663528442, -1.3347431421279907, -1.1724961996078491, -0.4308837354183197, 0.565256655216217, 1.4162172079086304, 1.797200322151184, 2.63633131980896, 3.164106607437134, 3.6460928916931152, 4.300167560577393, 4.762334823608398, 5.080362319946289, 5.316657543182373, 4.906343936920166, 5.028759956359863, 5.8994245529174805, 6.34409236907959, 5.8083672523498535, 6.077319622039795, 6.0816650390625, 5.662116527557373, 5.0090861320495605, 5.496984481811523, 5.835479736328125, 4.881768703460693, 4.879874229431152, 6.018865585327148, 7.505189418792725, 7.6197590827941895, 8.013498306274414, 8.800066947937012, 9.460318565368652, 9.060504913330078, 9.714082717895508, 10.741223335266113, 11.728076934814453, 12.410340309143066, 12.674581527709961, 13.106329917907715, 12.363228797912598, 12.848760604858398]
[test]
test/correction_beneficial_ratio: 0.4532163739204407
test/correction_beneficial_ratio_far: 0.3889724314212799
test/correction_beneficial_ratio_middle: 0.4557226300239563
test/correction_beneficial_ratio_near: 0.5149540305137634
test/correction_cosine_far: -0.13800668716430664
test/correction_cosine_mean: -0.05874902009963989
test/correction_cosine_middle: -0.05225921422243118
test/correction_cosine_near: 0.014018661342561245
test/correction_magnitude_ratio_far: 0.004407915752381086
test/correction_magnitude_ratio_mean: 0.0116063691675663
test/correction_magnitude_ratio_middle: 0.007731972727924585
test/correction_magnitude_ratio_near: 0.022679220885038376
test/correction_optimal_scalar_far: -43.25780487060547
test/correction_optimal_scalar_mean: -16.588655471801758
test/correction_optimal_scalar_middle: -10.480215072631836
test/correction_optimal_scalar_near: 3.9720590114593506
test/correction_patch_beneficial_ratio: [0.48120301961898804, 0.5526315569877625, 0.5162907242774963, 0.4862155318260193, 0.48370927572250366, 0.5150375962257385, 0.5012531280517578, 0.5075187683105469, 0.5175438523292542, 0.518796980381012, 0.49624061584472656, 0.5288220643997192, 0.5388470888137817, 0.5413534045219421, 0.5388470888137817, 0.5576441287994385, 0.5338345766067505, 0.5087719559669495, 0.4987468719482422, 0.48245614767074585, 0.45739349722862244, 0.43233081698417664, 0.42355889081954956, 0.4172932207584381, 0.4185463786125183, 0.42105263471603394, 0.4260651767253876, 0.4248120188713074, 0.4160400927066803, 0.4172932207584381, 0.4072681665420532, 0.4060150384902954, 0.4072681665420532, 0.4010024964809418, 0.4060150384902954, 0.41102758049964905, 0.39849624037742615, 0.38721805810928345, 0.38721805810928345, 0.380952388048172, 0.3796992599964142, 0.3721804618835449, 0.36591479182243347, 0.36340853571891785, 0.36090224981307983]
test/correction_patch_cosine: [0.008763630874454975, 0.028339283540844917, 0.005313761066645384, -0.01430651918053627, -0.006815135944634676, 0.01047031581401825, 0.013088175095617771, 0.00806127954274416, 0.01482948288321495, 0.03310908004641533, 0.02529379539191723, 0.005245443433523178, 0.006057458929717541, 0.029077380895614624, 0.04375265911221504, 0.0464368537068367, 0.02586357109248638, 0.003511651186272502, -0.007537458557635546, -0.019883397966623306, -0.04790262505412102, -0.0737953633069992, -0.0868968665599823, -0.09072273969650269, -0.08565066009759903, -0.0844138115644455, -0.08409612625837326, -0.08700098097324371, -0.0934033989906311, -0.09839627146720886, -0.10003767907619476, -0.10698845237493515, -0.10943514853715897, -0.11899809539318085, -0.112456776201725, -0.11631562560796738, -0.12744900584220886, -0.14092449843883514, -0.14136666059494019, -0.14545868337154388, -0.15303635597229004, -0.1666380763053894, -0.17468152940273285, -0.17852315306663513, -0.17778877913951874]
test/correction_patch_magnitude_ratio: [0.06598414480686188, 0.04359566047787666, 0.03326095640659332, 0.027156012132763863, 0.023674534633755684, 0.02007194049656391, 0.01804501563310623, 0.01660502515733242, 0.015597007237374783, 0.014454258605837822, 0.013688395731151104, 0.012863450683653355, 0.012169446796178818, 0.01173944678157568, 0.011282993480563164, 0.010820821858942509, 0.010321923531591892, 0.009717331267893314, 0.009007301181554794, 0.008535548113286495, 0.008048854768276215, 0.007643785793334246, 0.00730092404410243, 0.007002133876085281, 0.006714053452014923, 0.006509911734610796, 0.006321711465716362, 0.006131362169981003, 0.006027912255376577, 0.005876063834875822, 0.005706076510250568, 0.005463150329887867, 0.005270329304039478, 0.005085894372314215, 0.004872163292020559, 0.004673772491514683, 0.00451706675812602, 0.004343030042946339, 0.0041610863991081715, 0.003997709136456251, 0.003869290230795741, 0.0037311019841581583, 0.0035908380523324013, 0.0034666566643863916, 0.0033705527894198895]
test/correction_patch_optimal_scalar: [-0.14016202092170715, 0.5561695694923401, 1.7227673530578613, 1.5648411512374878, 2.4857168197631836, 4.6484694480896, 5.848421096801758, 5.616967678070068, 4.749256610870361, 6.882357120513916, 5.905375003814697, 4.387211322784424, 3.9143197536468506, 5.517096042633057, 5.922069549560547, 5.175160884857178, 4.00520658493042, 2.4311459064483643, 1.3840041160583496, -0.9293359518051147, -4.711820602416992, -9.368719100952148, -13.542500495910645, -16.07866859436035, -14.910163879394531, -17.28493881225586, -19.959339141845703, -22.26760482788086, -24.120229721069336, -27.025400161743164, -28.340303421020508, -30.13851547241211, -32.158897399902344, -35.975460052490234, -35.00245666503906, -36.60445022583008, -39.764610290527344, -44.343143463134766, -45.35862731933594, -46.54158401489258, -49.097137451171875, -53.865440368652344, -56.449459075927734, -57.45803451538086, -57.76908493041992]
