[train]
train/correction_beneficial_ratio: 0.5245736837387085
train/correction_beneficial_ratio_far: 0.5139463543891907
train/correction_beneficial_ratio_middle: 0.5292133092880249
train/correction_beneficial_ratio_near: 0.5305613279342651
train/correction_cosine_far: 0.013046602718532085
train/correction_cosine_mean: 0.025097187608480453
train/correction_cosine_middle: 0.024777784943580627
train/correction_cosine_near: 0.03746717795729637
train/correction_magnitude_ratio_far: 0.02372840791940689
train/correction_magnitude_ratio_mean: 0.02832385152578354
train/correction_magnitude_ratio_middle: 0.02462640218436718
train/correction_magnitude_ratio_near: 0.036616742610931396
train/correction_optimal_scalar_far: 1.3109441995620728
train/correction_optimal_scalar_mean: 1.5168845653533936
train/correction_optimal_scalar_middle: 1.8191452026367188
train/correction_optimal_scalar_near: 1.4205645322799683
train/correction_patch_beneficial_ratio: [0.5277594923973083, 0.5375521183013916, 0.5551349520683289, 0.5672591328620911, 0.5571647882461548, 0.5137700438499451, 0.4552885591983795, 0.46680930256843567, 0.5183508992195129, 0.54726243019104, 0.573842465877533, 0.571071982383728, 0.533931314945221, 0.49322471022605896, 0.4671933352947235, 0.4702106714248657, 0.48847925662994385, 0.5248793363571167, 0.5451777577400208, 0.5578780174255371, 0.543806254863739]
train/correction_patch_cosine: [0.05096225440502167, 0.05436251312494278, 0.060599204152822495, 0.06949040293693542, 0.05733047425746918, 0.005950747057795525, -0.03642537072300911, -0.021018609404563904, 0.019022637978196144, 0.04266988858580589, 0.05992059037089348, 0.055048469454050064, 0.02597137913107872, -0.008170017041265965, -0.03175383061170578, -0.02635827474296093, -0.007878486067056656, 0.024508055299520493, 0.042903363704681396, 0.05140555277466774, 0.03850002586841583]
train/correction_patch_magnitude_ratio: [0.054599154740571976, 0.04045133292675018, 0.03354627266526222, 0.03245256468653679, 0.033750537782907486, 0.03221406042575836, 0.02930333837866783, 0.026898836717009544, 0.023577727377414703, 0.021465450525283813, 0.02122974768280983, 0.023259596899151802, 0.026476506143808365, 0.029476845636963844, 0.030169552192091942, 0.028563454747200012, 0.025071052834391594, 0.021540964022278786, 0.019336918368935585, 0.0195002444088459, 0.021916691213846207]
train/correction_patch_optimal_scalar: [0.8594944477081299, 1.4923577308654785, 2.433738946914673, 2.7012412548065186, 2.105384588241577, 0.686747670173645, -0.33501243591308594, 0.303528368473053, 1.6006555557250977, 2.4352099895477295, 3.2154040336608887, 3.1128089427948, 1.671707272529602, 0.39470207691192627, -0.486735999584198, -0.45514219999313354, 0.21958930790424347, 1.5715713500976562, 2.4703562259674072, 3.2050719261169434, 2.6518948078155518]
[test]
test/correction_beneficial_ratio: 0.517332136631012
test/correction_beneficial_ratio_far: 0.5128241181373596
test/correction_beneficial_ratio_middle: 0.5267401933670044
test/correction_beneficial_ratio_near: 0.5124320983886719
test/correction_cosine_far: 0.011706509627401829
test/correction_cosine_mean: 0.01799129694700241
test/correction_cosine_middle: 0.020994264632463455
test/correction_cosine_near: 0.02127310447394848
test/correction_magnitude_ratio_far: 0.01731925830245018
test/correction_magnitude_ratio_mean: 0.02097543701529503
test/correction_magnitude_ratio_middle: 0.017641842365264893
test/correction_magnitude_ratio_near: 0.027965210378170013
test/correction_optimal_scalar_far: 0.9333193302154541
test/correction_optimal_scalar_mean: 1.0482466220855713
test/correction_optimal_scalar_middle: 1.839735507965088
test/correction_optimal_scalar_near: 0.3716842532157898
test/correction_patch_beneficial_ratio: [0.5535084009170532, 0.5671305656433105, 0.5421403646469116, 0.5086240768432617, 0.47912582755088806, 0.46383771300315857, 0.4726577699184418, 0.5177381634712219, 0.5329282879829407, 0.5013720393180847, 0.513818085193634, 0.5497844219207764, 0.54537433385849, 0.5261662006378174, 0.5090160965919495, 0.5066640377044678, 0.5218541622161865, 0.5288122296333313, 0.4984319806098938, 0.49500197172164917, 0.5299882292747498]
test/correction_patch_cosine: [0.06603576242923737, 0.08076979219913483, 0.05200083926320076, 0.01585213467478752, -0.01495815347880125, -0.029675012454390526, -0.021113397553563118, 0.013685530982911587, 0.02350936457514763, 0.0006018561543896794, 0.011395728215575218, 0.041700638830661774, 0.03916255384683609, 0.016904141753911972, -0.001693517784588039, 0.0016559119103476405, 0.01387959998100996, 0.025794824585318565, 0.006594893988221884, 0.002100688172504306, 0.03361307084560394]
test/correction_patch_magnitude_ratio: [0.04663041606545448, 0.03199471905827522, 0.026176219806075096, 0.02460847608745098, 0.02403949573636055, 0.022031867876648903, 0.020275287330150604, 0.019384728744626045, 0.01831936649978161, 0.016938891261816025, 0.016113871708512306, 0.016462938860058784, 0.017606716603040695, 0.018666323274374008, 0.019282396882772446, 0.019058935344219208, 0.018112048506736755, 0.017101570963859558, 0.0160184558480978, 0.015355095267295837, 0.016306331381201744]
test/correction_patch_optimal_scalar: [1.1482571363449097, 2.1766350269317627, 2.4926536083221436, 1.0204168558120728, -1.1776126623153687, -1.9697928428649902, -1.088762879371643, 0.8891149163246155, 1.2842193841934204, -0.21950261294841766, 1.037125587463379, 3.994771957397461, 3.481891632080078, 2.4105238914489746, 1.1117682456970215, 0.791480541229248, 1.072378396987915, 1.5460419654846191, 0.02207869663834572, -0.13548792898654938, 2.124978542327881]
