[train]
train/correction_beneficial_ratio: 0.4936801493167877
train/correction_beneficial_ratio_far: 0.48583316802978516
train/correction_beneficial_ratio_middle: 0.4909482002258301
train/correction_beneficial_ratio_near: 0.5042590498924255
train/correction_cosine_far: -0.006182332523167133
train/correction_cosine_mean: 0.0019359476864337921
train/correction_cosine_middle: -0.0006454929825849831
train/correction_cosine_near: 0.012635685503482819
train/correction_magnitude_ratio_far: 0.01227695494890213
train/correction_magnitude_ratio_mean: 0.0156878475099802
train/correction_magnitude_ratio_middle: 0.01443448569625616
train/correction_magnitude_ratio_near: 0.020352128893136978
train/correction_optimal_scalar_far: -0.3695290684700012
train/correction_optimal_scalar_mean: 0.8219369053840637
train/correction_optimal_scalar_middle: -2.2527554035186768
train/correction_optimal_scalar_near: 5.088091850280762
train/correction_patch_beneficial_ratio: [0.5070174932479858, 0.519177258014679, 0.5208180546760559, 0.5133464336395264, 0.4982566237449646, 0.48105716705322266, 0.4901403486728668, 0.48228779435157776, 0.48835301399230957, 0.48196548223495483, 0.4852471649646759, 0.4851299524307251, 0.5122622847557068, 0.5013917684555054, 0.49057987332344055, 0.48580387234687805, 0.4812915623188019, 0.48430952429771423, 0.5010401606559753, 0.47622257471084595, 0.4815845787525177]
train/correction_patch_cosine: [0.016647007316350937, 0.023505495861172676, 0.02778054215013981, 0.020302221179008484, 0.007442026399075985, -0.007098471745848656, -0.00012898309796582907, -0.004727629479020834, -0.003722604364156723, -0.010727394372224808, -0.00755739863961935, -0.005077439825981855, 0.01565679721534252, 0.011637200601398945, 0.0005095285596325994, -0.005717170424759388, -0.0074808490462601185, -0.005146403796970844, 0.0010106819681823254, -0.012226510792970657, -0.014225701801478863]
train/correction_patch_magnitude_ratio: [0.03030247986316681, 0.021595560014247894, 0.01971297338604927, 0.018670715391635895, 0.017765719443559647, 0.017615867778658867, 0.016801463440060616, 0.015431837178766727, 0.014866226352751255, 0.014759724959731102, 0.014719421043992043, 0.01465754583477974, 0.013744176365435123, 0.01286245882511139, 0.012483835220336914, 0.012421500869095325, 0.012412909418344498, 0.012755063362419605, 0.012472319416701794, 0.01180767547339201, 0.011585371568799019]
train/correction_patch_optimal_scalar: [1.5738543272018433, 2.086881637573242, 7.530343532562256, 9.130403518676758, 6.7599687576293945, 3.637946605682373, 4.897252082824707, 0.2413337230682373, -4.8589091300964355, -5.5337700843811035, -4.630832672119141, -1.459947109222412, -0.00046403100714087486, 0.4733051061630249, 5.587140083312988, 2.057593822479248, -4.480849266052246, -2.7319791316986084, 3.3406660556793213, 0.6333621144294739, -6.99261999130249]
[test]
test/correction_beneficial_ratio: 0.448619544506073
test/correction_beneficial_ratio_far: 0.4388147294521332
test/correction_beneficial_ratio_middle: 0.458905428647995
test/correction_beneficial_ratio_near: 0.44813844561576843
test/correction_cosine_far: -0.0535648912191391
test/correction_cosine_mean: -0.04412427172064781
test/correction_cosine_middle: -0.03201483562588692
test/correction_cosine_near: -0.046793133020401
test/correction_magnitude_ratio_far: 0.011913474649190903
test/correction_magnitude_ratio_mean: 0.01419464498758316
test/correction_magnitude_ratio_middle: 0.013392963446676731
test/correction_magnitude_ratio_near: 0.017277492210268974
test/correction_optimal_scalar_far: 1.0119073390960693
test/correction_optimal_scalar_mean: 1.8256688117980957
test/correction_optimal_scalar_middle: -0.42191430926322937
test/correction_optimal_scalar_near: 4.887022972106934
test/correction_patch_beneficial_ratio: [0.4635672867298126, 0.42807331681251526, 0.42887794971466064, 0.4297720193862915, 0.4312919080257416, 0.4623155891895294, 0.4930710792541504, 0.46616002917289734, 0.4632096588611603, 0.4516763389110565, 0.4510505199432373, 0.4771569073200226, 0.4691998064517975, 0.4338846802711487, 0.44541797041893005, 0.44747430086135864, 0.4326329827308655, 0.44416630268096924, 0.4457755982875824, 0.4196692109107971, 0.4365668296813965]
test/correction_patch_cosine: [-0.024177147075533867, -0.06996546685695648, -0.07531418651342392, -0.07758992165327072, -0.06945998221635818, -0.019484220072627068, 0.008439073339104652, -0.025636455044150352, -0.03513560816645622, -0.044560980051755905, -0.03591058775782585, -0.009361770004034042, -0.017607467249035835, -0.0558907724916935, -0.04013455659151077, -0.04320067912340164, -0.05828956142067909, -0.04412280023097992, -0.04925348237156868, -0.0776488184928894, -0.06230438873171806]
test/correction_patch_magnitude_ratio: [0.024642029777169228, 0.017156239598989487, 0.01632450893521309, 0.01602770946919918, 0.01560440007597208, 0.01607956737279892, 0.015107993967831135, 0.013621105812489986, 0.01329134777188301, 0.013592230156064034, 0.01369601208716631, 0.014114564284682274, 0.013549857772886753, 0.011885643005371094, 0.011416662484407425, 0.01172363106161356, 0.012163467705249786, 0.012852538377046585, 0.012600546702742577, 0.01147654838860035, 0.01116094645112753]
test/correction_patch_optimal_scalar: [-2.142455816268921, -0.6684751510620117, 10.882519721984863, 15.58608627319336, 3.961893320083618, 4.125220775604248, 2.4643571376800537, 4.627311706542969, -8.121417045593262, -7.723433971405029, -4.412674903869629, 1.9149223566055298, 6.0435028076171875, 4.718372821807861, 15.114517211914062, 6.185224533081055, -4.699237823486328, -4.689651966094971, 5.1537017822265625, 2.5736682415008545, -12.554903030395508]
