[train]
train/correction_beneficial_ratio: 0.5373718738555908
train/correction_beneficial_ratio_far: 0.5086248517036438
train/correction_beneficial_ratio_middle: 0.5550134778022766
train/correction_beneficial_ratio_near: 0.5484772324562073
train/correction_cosine_far: 0.033072687685489655
train/correction_cosine_mean: 0.060666680335998535
train/correction_cosine_middle: 0.07591598480939865
train/correction_cosine_near: 0.07301139831542969
train/correction_magnitude_ratio_far: 0.07111132889986038
train/correction_magnitude_ratio_mean: 0.0743619054555893
train/correction_magnitude_ratio_middle: 0.07387329638004303
train/correction_magnitude_ratio_near: 0.07810112833976746
train/correction_optimal_scalar_far: 0.28283727169036865
train/correction_optimal_scalar_mean: 0.7528659105300903
train/correction_optimal_scalar_middle: 1.089646339416504
train/correction_optimal_scalar_near: 0.8861148953437805
train/correction_patch_beneficial_ratio: [0.5419958233833313, 0.538347601890564, 0.5364274978637695, 0.5423250198364258, 0.5554092526435852, 0.5598529577255249, 0.5649824738502502, 0.5715108513832092, 0.5541749000549316, 0.5579054355621338, 0.5631446242332458, 0.5653390288352966, 0.5471252799034119, 0.5258942246437073, 0.5052940249443054, 0.5027704834938049, 0.5068027377128601, 0.4919080436229706, 0.5040596723556519, 0.5274577736854553, 0.5220814347267151]
train/correction_patch_cosine: [0.08389806747436523, 0.07751933485269547, 0.07135694473981857, 0.07002254575490952, 0.07291840016841888, 0.06736069917678833, 0.0680035874247551, 0.07439873367547989, 0.07638797909021378, 0.0811527818441391, 0.08825865387916565, 0.08829471468925476, 0.07279470562934875, 0.05012433975934982, 0.035042621195316315, 0.028156142681837082, 0.02220001071691513, 0.01816984824836254, 0.030138950794935226, 0.05047544464468956, 0.04732564836740494]
train/correction_patch_magnitude_ratio: [0.1124059408903122, 0.0904155969619751, 0.08392476290464401, 0.0759112611413002, 0.06471200287342072, 0.05929422006011009, 0.06004404276609421, 0.0653652474284172, 0.07257948070764542, 0.0770731121301651, 0.07873035967350006, 0.07926017045974731, 0.07497905194759369, 0.06912539154291153, 0.06608237326145172, 0.06676514446735382, 0.06919444352388382, 0.07197100669145584, 0.07506103813648224, 0.07538487017154694, 0.07332049310207367]
train/correction_patch_optimal_scalar: [0.6394670009613037, 0.7394466400146484, 0.8253891468048096, 0.9290450215339661, 1.0527517795562744, 0.9657756090164185, 1.0509272813796997, 1.0885975360870361, 0.9617660045623779, 1.1001752614974976, 1.2699209451675415, 1.3650544881820679, 1.1984800100326538, 0.6435295343399048, 0.24995379149913788, 0.15314637124538422, 0.05991595238447189, 0.09703414142131805, 0.20900650322437286, 0.6166973114013672, 0.594105064868927]
[test]
test/correction_beneficial_ratio: 0.5041347146034241
test/correction_beneficial_ratio_far: 0.5051380395889282
test/correction_beneficial_ratio_middle: 0.5240241885185242
test/correction_beneficial_ratio_near: 0.48324185609817505
test/correction_cosine_far: 0.02196371927857399
test/correction_cosine_mean: 0.020646056160330772
test/correction_cosine_middle: 0.038446031510829926
test/correction_cosine_near: 0.0015284732216969132
test/correction_magnitude_ratio_far: 0.04012760892510414
test/correction_magnitude_ratio_mean: 0.04372910410165787
test/correction_magnitude_ratio_middle: 0.041838183999061584
test/correction_magnitude_ratio_near: 0.04922151565551758
test/correction_optimal_scalar_far: 0.38636812567710876
test/correction_optimal_scalar_mean: 0.24982044100761414
test/correction_optimal_scalar_middle: 0.6465926766395569
test/correction_optimal_scalar_near: -0.28349894285202026
test/correction_patch_beneficial_ratio: [0.4683457612991333, 0.4333594739437103, 0.4485495984554291, 0.49882400035858154, 0.5198941826820374, 0.523324191570282, 0.4903959333896637, 0.4875538945198059, 0.5107800960540771, 0.5139161348342896, 0.5188161730766296, 0.5346922874450684, 0.5573304295539856, 0.5450803637504578, 0.5225401520729065, 0.5112701058387756, 0.5139161348342896, 0.5081340670585632, 0.49313995242118835, 0.4992159903049469, 0.4877499043941498]
test/correction_patch_cosine: [0.015479709953069687, -0.035867445170879364, -0.032632265239953995, 0.004406231455504894, 0.023383254185318947, 0.023084277287125587, 0.012845411896705627, 0.015596415847539902, 0.029940549284219742, 0.035989005118608475, 0.03632083535194397, 0.04910225048661232, 0.056997086852788925, 0.04517587274312973, 0.02939539961516857, 0.021980242803692818, 0.027241317555308342, 0.026559922844171524, 0.015667293220758438, 0.019874950870871544, 0.013026881963014603]
test/correction_patch_magnitude_ratio: [0.07348980009555817, 0.05431091785430908, 0.04960267245769501, 0.04596008360385895, 0.041778210550546646, 0.03973858058452606, 0.039670370519161224, 0.04079550877213478, 0.042559362947940826, 0.04276736080646515, 0.042328059673309326, 0.043010465800762177, 0.04188762977719307, 0.03951890394091606, 0.03875499591231346, 0.03906695172190666, 0.03972017019987106, 0.04035055637359619, 0.04118908941745758, 0.04082664102315903, 0.04098482057452202]
test/correction_patch_optimal_scalar: [0.17399215698242188, -1.0616518259048462, -1.2586334943771362, -0.30755576491355896, 0.37723809480667114, 0.3430267870426178, -0.25090688467025757, -0.04795032739639282, 0.6145064234733582, 0.4500255882740021, 0.4704086482524872, 0.7742761969566345, 1.2032252550125122, 1.0616586208343506, 0.5222861766815186, 0.18518103659152985, 0.5411818623542786, 0.6937174797058105, 0.3698037564754486, 0.3785099387168884, 0.013888159766793251]
