[train]
train/correction_beneficial_ratio: 0.5223818421363831
train/correction_beneficial_ratio_far: 0.5104901194572449
train/correction_beneficial_ratio_middle: 0.5282375812530518
train/correction_beneficial_ratio_near: 0.5284178256988525
train/correction_cosine_far: 0.012193761765956879
train/correction_cosine_mean: 0.025489190593361855
train/correction_cosine_middle: 0.026753610000014305
train/correction_cosine_near: 0.03752022609114647
train/correction_magnitude_ratio_far: 0.024865666404366493
train/correction_magnitude_ratio_mean: 0.02892126701772213
train/correction_magnitude_ratio_middle: 0.02549845725297928
train/correction_magnitude_ratio_near: 0.036399662494659424
train/correction_optimal_scalar_far: 1.3520103693008423
train/correction_optimal_scalar_mean: 1.5258153676986694
train/correction_optimal_scalar_middle: 1.957067608833313
train/correction_optimal_scalar_near: 1.2683682441711426
train/correction_patch_beneficial_ratio: [0.5457811951637268, 0.5384573340415955, 0.5445468425750732, 0.557521402835846, 0.5452874898910522, 0.5057603716850281, 0.4615701138973236, 0.47103357315063477, 0.516101598739624, 0.5447114109992981, 0.5682192444801331, 0.5655859112739563, 0.5314077138900757, 0.500603437423706, 0.476409912109375, 0.46552008390426636, 0.4765470623970032, 0.5083937048912048, 0.5409809350967407, 0.5600450038909912, 0.5455343723297119]
train/correction_patch_cosine: [0.05871336907148361, 0.05287552997469902, 0.05304684117436409, 0.05883314833045006, 0.049270935356616974, 0.01096511259675026, -0.02106359414756298, -0.010363574139773846, 0.019887100905179977, 0.04310285300016403, 0.058973394334316254, 0.05349315330386162, 0.025364072993397713, -0.003181631211191416, -0.022227464243769646, -0.023549748584628105, -0.014591858722269535, 0.012832224369049072, 0.03897789120674133, 0.05326389521360397, 0.040651317685842514]
train/correction_patch_magnitude_ratio: [0.05568387359380722, 0.04004194214940071, 0.034689661115407944, 0.0321030393242836, 0.031202251091599464, 0.030682628974318504, 0.030394256114959717, 0.028411071747541428, 0.025676459074020386, 0.023359980434179306, 0.022235332056879997, 0.023253709077835083, 0.02607075124979019, 0.02948188968002796, 0.031393568962812424, 0.030570443719625473, 0.027315575629472733, 0.02360318787395954, 0.020560339093208313, 0.01953793689608574, 0.0210786834359169]
train/correction_patch_optimal_scalar: [1.022753119468689, 1.2660223245620728, 1.7116129398345947, 1.8607032299041748, 1.9070392847061157, 0.8864269852638245, 0.22401590645313263, 0.7634362578392029, 1.876977562904358, 2.5701406002044678, 3.067492961883545, 2.838793992996216, 1.6800788640975952, 0.9025436043739319, 0.12354055047035217, -0.1649668961763382, 0.09927234798669815, 1.191817045211792, 2.284649133682251, 3.229240655899048, 2.700529098510742]
[test]
test/correction_beneficial_ratio: 0.5151994824409485
test/correction_beneficial_ratio_far: 0.514630138874054
test/correction_beneficial_ratio_middle: 0.5228902101516724
test/correction_beneficial_ratio_near: 0.5080780386924744
test/correction_cosine_far: 0.01154264621436596
test/correction_cosine_mean: 0.017471257597208023
test/correction_cosine_middle: 0.021561501547694206
test/correction_cosine_near: 0.019309641793370247
test/correction_magnitude_ratio_far: 0.016780082136392593
test/correction_magnitude_ratio_mean: 0.020777342841029167
test/correction_magnitude_ratio_middle: 0.017553605139255524
test/correction_magnitude_ratio_near: 0.027998344972729683
test/correction_optimal_scalar_far: 1.4171977043151855
test/correction_optimal_scalar_mean: 1.1076172590255737
test/correction_optimal_scalar_middle: 1.5878006219863892
test/correction_optimal_scalar_near: 0.31785306334495544
test/correction_patch_beneficial_ratio: [0.5448843836784363, 0.5616424679756165, 0.543708324432373, 0.49441394209861755, 0.465013712644577, 0.4598196744918823, 0.4870638847351074, 0.5248922109603882, 0.530184268951416, 0.4908859133720398, 0.49774599075317383, 0.5377302765846252, 0.5465503931045532, 0.5322422385215759, 0.5215601921081543, 0.521658182144165, 0.5270482301712036, 0.5262641906738281, 0.49284595251083374, 0.484907865524292, 0.5281262397766113]
test/correction_patch_cosine: [0.05490824207663536, 0.07620507478713989, 0.05157758295536041, 0.001224332139827311, -0.02227145805954933, -0.021319180727005005, -0.005157288163900375, 0.025188785046339035, 0.030656373128294945, -0.006234495900571346, 0.0011048223823308945, 0.035572052001953125, 0.04065049812197685, 0.02399246208369732, 0.009821209125220776, 0.005707464646548033, 0.019970815628767014, 0.031159652397036552, -0.0038633872754871845, -0.01166525762528181, 0.029668113216757774]
test/correction_patch_magnitude_ratio: [0.04783409833908081, 0.03241714462637901, 0.026805367320775986, 0.02366536855697632, 0.022536298260092735, 0.02189747802913189, 0.020832551643252373, 0.019765524193644524, 0.018684284761548042, 0.017172884196043015, 0.016021644696593285, 0.0160444974899292, 0.017053984105587006, 0.018132396042346954, 0.018969856202602386, 0.018872493878006935, 0.017798881977796555, 0.016636349260807037, 0.015429917722940445, 0.014516285620629787, 0.015236861072480679]
test/correction_patch_optimal_scalar: [1.0853581428527832, 2.0852439403533936, 2.044283151626587, -0.5667772889137268, -1.2808610200881958, -0.9851868748664856, -0.15708942711353302, 1.4436283111572266, 1.7721515893936157, -0.6783629655838013, -0.13411688804626465, 2.982858896255493, 3.148223876953125, 2.58022403717041, 1.8136019706726074, 1.0296906232833862, 1.9365487098693848, 2.8893508911132812, 0.19368895888328552, -0.48211389780044556, 2.5396182537078857]
