[train]
train/correction_beneficial_ratio: 0.49384620785713196
train/correction_beneficial_ratio_far: 0.554886519908905
train/correction_beneficial_ratio_middle: 0.4979100227355957
train/correction_beneficial_ratio_near: 0.42874205112457275
train/correction_cosine_far: 0.06312663853168488
train/correction_cosine_mean: 0.010814052075147629
train/correction_cosine_middle: 0.006540595553815365
train/correction_cosine_near: -0.03722510486841202
train/correction_magnitude_ratio_far: 0.03925348073244095
train/correction_magnitude_ratio_mean: 0.06277097016572952
train/correction_magnitude_ratio_middle: 0.052968140691518784
train/correction_magnitude_ratio_near: 0.09609132260084152
train/correction_optimal_scalar_far: 3.4142377376556396
train/correction_optimal_scalar_mean: 1.5084658861160278
train/correction_optimal_scalar_middle: 1.2958394289016724
train/correction_optimal_scalar_near: -0.18467439711093903
train/correction_patch_beneficial_ratio: [0.3632563650608063, 0.42217355966567993, 0.4510350227355957, 0.47850319743156433, 0.49004778265953064, 0.4773089289665222, 0.5023885369300842, 0.5218949317932129, 0.5465764403343201, 0.5571258068084717, 0.5523487329483032, 0.5634952187538147]
train/correction_patch_cosine: [-0.07614462822675705, -0.046200912445783615, -0.019402727484703064, -0.007152185309678316, -0.003660355694591999, -0.009105074219405651, 0.008616733364760876, 0.030311159789562225, 0.05410979315638542, 0.06901729851961136, 0.06385663151741028, 0.06552290916442871]
train/correction_patch_magnitude_ratio: [0.14383383095264435, 0.09368345141410828, 0.07737770676612854, 0.06947015225887299, 0.06186387315392494, 0.055008821189403534, 0.049287013709545135, 0.045712921768426895, 0.04311925917863846, 0.04018251597881317, 0.03759424015879631, 0.03611789271235466]
train/correction_patch_optimal_scalar: [-0.4579663574695587, -0.3519938886165619, -0.11392252147197723, 0.1851818859577179, 0.5801790356636047, 0.9022319912910461, 1.5686370134353638, 2.132302761077881, 2.798802614212036, 3.469205141067505, 3.7039406299591064, 3.6849937438964844]
[test]
test/correction_beneficial_ratio: 0.5030794143676758
test/correction_beneficial_ratio_far: 0.5757918357849121
test/correction_beneficial_ratio_middle: 0.5069758892059326
test/correction_beneficial_ratio_near: 0.4264705777168274
test/correction_cosine_far: 0.09194420278072357
test/correction_cosine_mean: 0.03722376003861427
test/correction_cosine_middle: 0.02895018830895424
test/correction_cosine_near: -0.009223106317222118
test/correction_magnitude_ratio_far: 0.03788353130221367
test/correction_magnitude_ratio_mean: 0.06076018512248993
test/correction_magnitude_ratio_middle: 0.051697779446840286
test/correction_magnitude_ratio_near: 0.09269922971725464
test/correction_optimal_scalar_far: 3.7059693336486816
test/correction_optimal_scalar_mean: 1.7849900722503662
test/correction_optimal_scalar_middle: 1.5708903074264526
test/correction_optimal_scalar_near: 0.07810473442077637
test/correction_patch_beneficial_ratio: [0.3883861303329468, 0.4110105633735657, 0.44042232632637024, 0.46606335043907166, 0.4894419312477112, 0.4690799415111542, 0.5188537240028381, 0.5505279302597046, 0.5656108856201172, 0.5904977321624756, 0.5799396634101868, 0.5671191811561584]
test/correction_patch_cosine: [-0.03774484246969223, -0.01045848336070776, 0.003409652505069971, 0.007901215925812721, 0.011416439898312092, 0.01604093797504902, 0.03606877475976944, 0.05227484926581383, 0.07625627517700195, 0.09240082651376724, 0.09746711701154709, 0.10165233910083771]
test/correction_patch_magnitude_ratio: [0.13941894471645355, 0.09068679809570312, 0.07453413307666779, 0.06615690886974335, 0.06058356165885925, 0.05375654250383377, 0.04813310131430626, 0.044318001717329025, 0.04142731428146362, 0.03865562379360199, 0.03656186908483505, 0.034889351576566696]
test/correction_patch_optimal_scalar: [-0.2795640230178833, -0.042609795928001404, 0.18521535396575928, 0.4493792951107025, 0.6991345882415771, 1.240285873413086, 1.8773696422576904, 2.4667766094207764, 3.331601858139038, 3.712082624435425, 3.8272390365600586, 3.9529688358306885]
