[train]
train/correction_beneficial_ratio: 0.5061100721359253
train/correction_beneficial_ratio_far: 0.5274632573127747
train/correction_beneficial_ratio_middle: 0.5029009580612183
train/correction_beneficial_ratio_near: 0.4879659116268158
train/correction_cosine_far: 0.028380095958709717
train/correction_cosine_mean: 0.015504284761846066
train/correction_cosine_middle: 0.01802533119916916
train/correction_cosine_near: 0.00010743071470642462
train/correction_magnitude_ratio_far: 0.012302950955927372
train/correction_magnitude_ratio_mean: 0.013805217109620571
train/correction_magnitude_ratio_middle: 0.013323797844350338
train/correction_magnitude_ratio_near: 0.01578889973461628
train/correction_optimal_scalar_far: 3.8068785667419434
train/correction_optimal_scalar_mean: 2.9409964084625244
train/correction_optimal_scalar_middle: 3.3493425846099854
train/correction_optimal_scalar_near: 1.666771650314331
train/correction_patch_beneficial_ratio: [0.46517571806907654, 0.4788498282432556, 0.48677316308021545, 0.4926517605781555, 0.5073482394218445, 0.5004472732543945, 0.49520766735076904, 0.49201276898384094, 0.48140576481819153, 0.4801277816295624, 0.4854952096939087, 0.4886901080608368, 0.4911182224750519, 0.486645370721817, 0.48753994703292847, 0.4823003113269806, 0.4918849766254425, 0.4848562180995941, 0.48396167159080505, 0.49137380719184875, 0.500575065612793, 0.5017252564430237, 0.5026198029518127, 0.5041533708572388, 0.5050479173660278, 0.5095207691192627, 0.5178274512290955, 0.518338680267334, 0.5223003029823303, 0.5270287394523621, 0.5198721885681152, 0.5223003029823303, 0.5196166038513184, 0.5054312944412231, 0.5013418793678284, 0.5171884894371033, 0.5179552435874939, 0.5240894556045532, 0.5284345149993896, 0.5369967818260193, 0.5453035235404968, 0.5424920320510864, 0.5401917099952698, 0.5469648838043213, 0.5437699556350708]
train/correction_patch_cosine: [-0.012471545487642288, -0.004176844377070665, -0.004425779916346073, -0.002499363385140896, 0.00915794912725687, 0.0012399136321619153, 0.004042830318212509, 0.0055920956656336784, -0.004675970878452063, -0.0065428828820586205, -0.004350770730525255, -0.0009662382071837783, 0.006448495667427778, 0.009780325926840305, 0.005459228064864874, 0.0059331259690225124, 0.010101448744535446, 0.006574719678610563, 0.0063034603372216225, 0.010797195136547089, 0.015233887359499931, 0.01497306302189827, 0.020653262734413147, 0.02183247171342373, 0.01961466297507286, 0.026422742754220963, 0.0248507522046566, 0.025382893159985542, 0.03263144567608833, 0.029074663296341896, 0.024860547855496407, 0.025080833584070206, 0.023960834369063377, 0.012326102703809738, 0.01303073950111866, 0.017387630417943, 0.021357009187340736, 0.024469321593642235, 0.03196455538272858, 0.03678957745432854, 0.04465306177735329, 0.03729787841439247, 0.035867832601070404, 0.040911268442869186, 0.03574435040354729]
train/correction_patch_magnitude_ratio: [0.02203349582850933, 0.01837516389787197, 0.017329374328255653, 0.01596715673804283, 0.015865715220570564, 0.015649106353521347, 0.015375446528196335, 0.015237183310091496, 0.014927780255675316, 0.01470690406858921, 0.014392564073204994, 0.01433833409100771, 0.014271805994212627, 0.014249958097934723, 0.014113483019173145, 0.01391538791358471, 0.013804802671074867, 0.013718080706894398, 0.013657092116773129, 0.013538976199924946, 0.013447330333292484, 0.013425944373011589, 0.013278884813189507, 0.01336362399160862, 0.0133042698726058, 0.013157679699361324, 0.012994717806577682, 0.012816193513572216, 0.012774071656167507, 0.01265997439622879, 0.012774758040904999, 0.01277706865221262, 0.012731168419122696, 0.012465162202715874, 0.012392712756991386, 0.01228275429457426, 0.012378445826470852, 0.012121232226490974, 0.012273111380636692, 0.012217874638736248, 0.012217738665640354, 0.012105862610042095, 0.011980243027210236, 0.011975852772593498, 0.01185030210763216]
train/correction_patch_optimal_scalar: [-0.15583238005638123, 0.47187453508377075, 0.9781981706619263, 1.03074312210083, 2.200693368911743, 1.672465443611145, 2.0588743686676025, 2.3114588260650635, 1.7615268230438232, 1.5701926946640015, 1.7540746927261353, 1.9034267663955688, 2.3473851680755615, 2.7059245109558105, 2.3906054496765137, 2.193965435028076, 2.73039174079895, 2.58355450630188, 2.580087661743164, 2.8598551750183105, 3.2774620056152344, 3.0802416801452637, 3.6055805683135986, 3.666666030883789, 3.319673776626587, 3.5563220977783203, 3.444791078567505, 3.8892288208007812, 4.755936622619629, 4.696365833282471, 4.0825958251953125, 3.819739818572998, 3.5021345615386963, 2.39016056060791, 2.5095391273498535, 3.3909270763397217, 3.923795223236084, 3.7858030796051025, 4.34618616104126, 4.375527381896973, 4.961914539337158, 4.115594387054443, 3.8378443717956543, 4.269295692443848, 3.7920329570770264]
[test]
test/correction_beneficial_ratio: 0.4814129173755646
test/correction_beneficial_ratio_far: 0.489372193813324
test/correction_beneficial_ratio_middle: 0.435446560382843
test/correction_beneficial_ratio_near: 0.5194200277328491
test/correction_cosine_far: -0.002062436891719699
test/correction_cosine_mean: -0.006361946929246187
test/correction_cosine_middle: -0.03988271206617355
test/correction_cosine_near: 0.022859351709485054
test/correction_magnitude_ratio_far: 0.014131832867860794
test/correction_magnitude_ratio_mean: 0.015714669600129128
test/correction_magnitude_ratio_middle: 0.015315639786422253
test/correction_magnitude_ratio_near: 0.01769651286303997
test/correction_optimal_scalar_far: -0.002094865310937166
test/correction_optimal_scalar_mean: 0.058965034782886505
test/correction_optimal_scalar_middle: -2.353074312210083
test/correction_optimal_scalar_near: 2.532066822052002
test/correction_patch_beneficial_ratio: [0.45812124013900757, 0.4618232250213623, 0.45441925525665283, 0.46783897280693054, 0.5229060649871826, 0.5136510729789734, 0.5428042411804199, 0.5701064467430115, 0.5506709814071655, 0.5576122403144836, 0.5520592331886292, 0.5506709814071655, 0.5326237678527832, 0.5391022562980652, 0.5168903470039368, 0.5122628211975098, 0.4960666298866272, 0.4488662779331207, 0.42711707949638367, 0.4261915683746338, 0.4220268428325653, 0.39611291885375977, 0.38732069730758667, 0.4109208583831787, 0.44794076681137085, 0.45349374413490295, 0.4488662779331207, 0.4285053312778473, 0.41462287306785583, 0.41138362884521484, 0.42248958349227905, 0.44794076681137085, 0.478482186794281, 0.4664507210254669, 0.47431743144989014, 0.48912540078163147, 0.5090236067771912, 0.5187413096427917, 0.5437297821044922, 0.5205923318862915, 0.48681166768074036, 0.47431743144989014, 0.47987043857574463, 0.5053216218948364, 0.5233688354492188]
test/correction_patch_cosine: [-0.026250435039401054, -0.026386067271232605, -0.028292184695601463, -0.025426402688026428, 0.024642325937747955, 0.027433054521679878, 0.04968693107366562, 0.06117706745862961, 0.05479249730706215, 0.051140196621418, 0.043029334396123886, 0.039630353450775146, 0.03001365065574646, 0.036960821598768234, 0.030738957226276398, 0.025005578994750977, 0.0016898773610591888, -0.02050093188881874, -0.04851066321134567, -0.05582907795906067, -0.05468783155083656, -0.07335756719112396, -0.07585613429546356, -0.05423230305314064, -0.03708977624773979, -0.021853195503354073, -0.025082524865865707, -0.05131656304001808, -0.053786639124155045, -0.0528331995010376, -0.05106351152062416, -0.04101694002747536, -0.011356916278600693, -0.023029357194900513, -0.010135403834283352, 0.004846395459026098, 0.02425134927034378, 0.025218866765499115, 0.0474177710711956, 0.014676379971206188, -0.005870524328202009, -0.0047575682401657104, -0.012718472629785538, -0.005913356319069862, 0.018514541909098625]
test/correction_patch_magnitude_ratio: [0.022301161661744118, 0.019595887511968613, 0.018296683207154274, 0.017850909382104874, 0.01813330501317978, 0.017635969445109367, 0.018169615417718887, 0.017873601987957954, 0.017033034935593605, 0.01699378527700901, 0.01646818034350872, 0.01622309722006321, 0.016360698267817497, 0.016417834907770157, 0.016094060614705086, 0.016241349279880524, 0.01598053239285946, 0.0158616341650486, 0.01597662642598152, 0.015689466148614883, 0.015092604793608189, 0.015327220782637596, 0.014897729270160198, 0.014751872047781944, 0.015013043768703938, 0.014961560256779194, 0.01502374280244112, 0.014952560886740685, 0.015093565918505192, 0.014871202409267426, 0.015381505712866783, 0.015288563445210457, 0.015012097544968128, 0.014667042531073093, 0.014480886049568653, 0.014107323251664639, 0.014313489198684692, 0.013809913769364357, 0.01402488723397255, 0.013825036585330963, 0.013610723428428173, 0.01356060802936554, 0.01348123699426651, 0.013371988199651241, 0.013042248785495758]
test/correction_patch_optimal_scalar: [-0.707557737827301, -0.02271137572824955, -0.606124222278595, -0.6081639528274536, 2.637866497039795, 2.917861223220825, 3.7771432399749756, 4.457733631134033, 4.1233015060424805, 3.94558048248291, 3.336902141571045, 3.547311305999756, 3.382563352584839, 4.019376754760742, 3.779900550842285, 2.42675518989563, 1.3729580640792847, -0.3880009055137634, -2.3854258060455322, -2.78061580657959, -3.63930082321167, -4.789361000061035, -5.443507671356201, -4.662553310394287, -2.9780397415161133, -1.728223204612732, -1.2935186624526978, -2.920994281768799, -3.0489919185638428, -3.0373036861419678, -2.9466850757598877, -2.3263955116271973, -0.7965362071990967, -1.697680950164795, -1.0389108657836914, -0.0606294609606266, 2.088268756866455, 2.260978937149048, 3.281878709793091, 1.365651249885559, -0.5884885787963867, -1.0604501962661743, -0.5443882942199707, -0.28496554493904114, 2.3169188499450684]
