[train]
train/correction_beneficial_ratio: 0.47504720091819763
train/correction_beneficial_ratio_far: 0.49807029962539673
train/correction_beneficial_ratio_middle: 0.4800766706466675
train/correction_beneficial_ratio_near: 0.4469946622848511
train/correction_cosine_far: 0.0055422596633434296
train/correction_cosine_mean: -0.007561068050563335
train/correction_cosine_middle: 0.0013060405617579818
train/correction_cosine_near: -0.029531478881835938
train/correction_magnitude_ratio_far: 0.013454491272568703
train/correction_magnitude_ratio_mean: 0.01484214048832655
train/correction_magnitude_ratio_middle: 0.014499736949801445
train/correction_magnitude_ratio_near: 0.01657218486070633
train/correction_optimal_scalar_far: 1.0626126527786255
train/correction_optimal_scalar_mean: -0.03547213226556778
train/correction_optimal_scalar_middle: 0.600167989730835
train/correction_optimal_scalar_near: -1.7692012786865234
train/correction_patch_beneficial_ratio: [0.41648563742637634, 0.42428115010261536, 0.42492014169692993, 0.4353993535041809, 0.43833866715431213, 0.43591055274009705, 0.4548242688179016, 0.4486900866031647, 0.44792333245277405, 0.46555909514427185, 0.4745047986507416, 0.45533546805381775, 0.45597442984580994, 0.47015973925590515, 0.4566134214401245, 0.4614696502685547, 0.4682428240776062, 0.478083074092865, 0.46453672647476196, 0.46134185791015625, 0.4778274893760681, 0.4826837182044983, 0.4820447266101837, 0.5028753876686096, 0.4904792308807373, 0.49495208263397217, 0.49341854453086853, 0.477316290140152, 0.4854952096939087, 0.48038339614868164, 0.47476038336753845, 0.5061981081962585, 0.5138658285140991, 0.5054312944412231, 0.521916925907135, 0.514121413230896, 0.502108633518219, 0.5067092776298523, 0.48638978600502014, 0.47578275203704834, 0.4840894639492035, 0.5084984302520752, 0.4879233241081238, 0.48434504866600037, 0.4989137351512909]
train/correction_patch_cosine: [-0.0467681847512722, -0.041376352310180664, -0.04873884469270706, -0.04151725769042969, -0.03601926192641258, -0.03863321989774704, -0.022723736241459846, -0.025948723778128624, -0.024678019806742668, -0.013908373191952705, -0.010760890319943428, -0.028479011729359627, -0.02353813126683235, -0.013345912098884583, -0.026536229997873306, -0.021048549562692642, -0.008525466546416283, -0.0034854174591600895, -0.008301077410578728, -0.007128683850169182, -0.0018769217422232032, 0.006099369842559099, 0.003748988965526223, 0.019532334059476852, 0.011368618346750736, 0.01586703583598137, 0.013282958418130875, -0.003021039767190814, 0.004654549527913332, -0.001576208509504795, -0.010909294709563255, 0.011696591973304749, 0.013835827820003033, 0.01780475676059723, 0.02558811940252781, 0.019303496927022934, 0.009054322727024555, 0.010193678550422192, 0.0018039835849776864, -0.010043516755104065, -0.005582725163549185, 0.012005885131657124, -0.002553892321884632, -0.007060457020998001, -0.0020031798630952835]
train/correction_patch_magnitude_ratio: [0.022424573078751564, 0.018812011927366257, 0.018003899604082108, 0.016596075147390366, 0.016653141006827354, 0.01644645258784294, 0.016062865033745766, 0.016043419018387794, 0.015755392611026764, 0.015512780286371708, 0.015289302915334702, 0.015299100428819656, 0.015207158401608467, 0.015249764546751976, 0.015226912684738636, 0.014943802729249, 0.014921165071427822, 0.015020813792943954, 0.0148576395586133, 0.014795063063502312, 0.014804491773247719, 0.014647530391812325, 0.014548519626259804, 0.014617441222071648, 0.014323745854198933, 0.014191724359989166, 0.014130027033388615, 0.013885131105780602, 0.013986934907734394, 0.013822079636156559, 0.01385603565722704, 0.013869565911591053, 0.01372657623142004, 0.013623817823827267, 0.013518745079636574, 0.013467793352901936, 0.013488329946994781, 0.013424151577055454, 0.01352415606379509, 0.013444224372506142, 0.013424381613731384, 0.01330961287021637, 0.01309675071388483, 0.013066641055047512, 0.012976528145372868]
train/correction_patch_optimal_scalar: [-2.3325576782226562, -2.529357671737671, -2.4428982734680176, -2.423046112060547, -1.9823116064071655, -2.054166316986084, -0.9202542304992676, -1.2404942512512207, -1.0857268571853638, -0.45477014780044556, -0.7860397100448608, -2.7321455478668213, -2.111140251159668, -1.1420639753341675, -2.301030397415161, -1.8578076362609863, -0.631529688835144, 0.07583685219287872, -0.261457234621048, -0.2043714076280594, 0.25210487842559814, 1.0237751007080078, 0.8738170266151428, 2.388394594192505, 1.8276187181472778, 2.1772305965423584, 1.970863699913025, 0.16602027416229248, 0.9196068048477173, 0.28240475058555603, -0.5835166573524475, 1.467887282371521, 1.71735680103302, 2.061250686645508, 2.708890199661255, 1.977288842201233, 1.0567927360534668, 1.0542570352554321, 0.7195348739624023, -0.2926173806190491, 0.2152225226163864, 2.354372978210449, 0.8186736106872559, 0.18245185911655426, 0.4814154803752899]
[test]
test/correction_beneficial_ratio: 0.42921486496925354
test/correction_beneficial_ratio_far: 0.4085145890712738
test/correction_beneficial_ratio_middle: 0.4038870930671692
test/correction_beneficial_ratio_near: 0.47524294257164
test/correction_cosine_far: -0.08124502003192902
test/correction_cosine_mean: -0.06119164079427719
test/correction_cosine_middle: -0.08222907036542892
test/correction_cosine_near: -0.020100794732570648
test/correction_magnitude_ratio_far: 0.013936789706349373
test/correction_magnitude_ratio_mean: 0.01549538690596819
test/correction_magnitude_ratio_middle: 0.015234407968819141
test/correction_magnitude_ratio_near: 0.017314966768026352
test/correction_optimal_scalar_far: -6.9437079429626465
test/correction_optimal_scalar_mean: -4.762021064758301
test/correction_optimal_scalar_middle: -5.810061454772949
test/correction_optimal_scalar_near: -1.5322833061218262
test/correction_patch_beneficial_ratio: [0.44377604126930237, 0.43452104926109314, 0.4530310034751892, 0.43683481216430664, 0.48912540078163147, 0.4826469123363495, 0.5030078887939453, 0.515039324760437, 0.4872744083404541, 0.5136510729789734, 0.5071725845336914, 0.4715409576892853, 0.4553447365760803, 0.47755667567253113, 0.45812124013900757, 0.4409995377063751, 0.43359556794166565, 0.42480334639549255, 0.39611291885375977, 0.400740385055542, 0.40490514039993286, 0.38500693440437317, 0.38130494952201843, 0.42480334639549255, 0.4095326364040375, 0.42341509461402893, 0.4164738655090332, 0.3697362244129181, 0.3799166977405548, 0.36695975065231323, 0.35261452198028564, 0.4012031555175781, 0.4141601026058197, 0.41138362884521484, 0.41832485795021057, 0.4095326364040375, 0.4053678810596466, 0.4298935532569885, 0.4238778352737427, 0.40906986594200134, 0.4053678810596466, 0.4173993468284607, 0.3965756595134735, 0.40906986594200134, 0.4238778352737427]
test/correction_patch_cosine: [-0.03822850063443184, -0.033212337642908096, -0.04202776402235031, -0.04467044025659561, -0.004441915545612574, -0.013525906018912792, 0.004891158547252417, 0.010282440111041069, -0.0014997894177213311, 0.007152841426432133, -0.003150739474222064, -0.03500847518444061, -0.03863891214132309, -0.024895863607525826, -0.0445372611284256, -0.060543887317180634, -0.05858514830470085, -0.05988727882504463, -0.08427970856428146, -0.08828772604465485, -0.08065838366746902, -0.09750537574291229, -0.09988576173782349, -0.07289247214794159, -0.08408263325691223, -0.07470142841339111, -0.07527482509613037, -0.10518885403871536, -0.09426538646221161, -0.09739746153354645, -0.1095871850848198, -0.0773613452911377, -0.07022242248058319, -0.07924268394708633, -0.0686010792851448, -0.08016903698444366, -0.0808897316455841, -0.07513447850942612, -0.0734749585390091, -0.09017383307218552, -0.0936930924654007, -0.074177585542202, -0.08534963428974152, -0.08452579379081726, -0.07607319951057434]
test/correction_patch_magnitude_ratio: [0.021819397807121277, 0.01926339790225029, 0.018200691789388657, 0.017457718029618263, 0.01768980547785759, 0.01746617816388607, 0.017492476850748062, 0.017441943287849426, 0.016894590109586716, 0.016567885875701904, 0.016307678073644638, 0.01610502600669861, 0.0157878790050745, 0.015731487423181534, 0.01549848634749651, 0.015259727835655212, 0.015495602041482925, 0.015643669292330742, 0.01558472029864788, 0.015614939853549004, 0.015275467187166214, 0.015067827887833118, 0.014930029399693012, 0.01505303755402565, 0.014903895556926727, 0.015153304673731327, 0.01531983446329832, 0.014786511659622192, 0.015290125273168087, 0.015137207694351673, 0.015090051107108593, 0.015446235425770283, 0.015153883956372738, 0.014727558940649033, 0.014569052495062351, 0.0142063582316041, 0.013888083398342133, 0.013712410815060139, 0.013655351474881172, 0.013300950638949871, 0.013354677706956863, 0.01336874533444643, 0.012989903800189495, 0.01284266822040081, 0.0127459317445755]
test/correction_patch_optimal_scalar: [-1.8213481903076172, -2.106107234954834, -3.247765302658081, -3.613469362258911, -1.478285551071167, -1.7406108379364014, -0.48616859316825867, 0.21106278896331787, -0.14880771934986115, 0.42892953753471375, -0.38758784532546997, -2.3572473526000977, -2.4930691719055176, -1.1637405157089233, -2.5800256729125977, -4.186458587646484, -3.443007707595825, -3.3638594150543213, -5.368913173675537, -5.7848334312438965, -5.4246015548706055, -6.5951433181762695, -7.078826904296875, -5.295938968658447, -6.556325435638428, -5.844181537628174, -5.550841808319092, -8.157567024230957, -6.961960792541504, -7.538580894470215, -8.681264877319336, -6.116339206695557, -5.745090007781982, -6.571754455566406, -5.3073883056640625, -6.290866374969482, -6.400117874145508, -6.349798202514648, -6.54352331161499, -8.227191925048828, -8.031517028808594, -6.717620372772217, -7.90554141998291, -8.025179862976074, -7.242476463317871]
