[train]
train/correction_beneficial_ratio: 0.5049092173576355
train/correction_beneficial_ratio_far: 0.5098010301589966
train/correction_beneficial_ratio_middle: 0.49536004662513733
train/correction_beneficial_ratio_near: 0.5095666646957397
train/correction_cosine_far: 0.020331814885139465
train/correction_cosine_mean: 0.017005857080221176
train/correction_cosine_middle: 0.0070109898224473
train/correction_cosine_near: 0.023674780502915382
train/correction_magnitude_ratio_far: 0.019731363281607628
train/correction_magnitude_ratio_mean: 0.026075491681694984
train/correction_magnitude_ratio_middle: 0.02372128888964653
train/correction_magnitude_ratio_near: 0.0347738116979599
train/correction_optimal_scalar_far: 1.9157493114471436
train/correction_optimal_scalar_mean: -1.030098557472229
train/correction_optimal_scalar_middle: -4.254410743713379
train/correction_optimal_scalar_near: -0.7516329884529114
train/correction_patch_beneficial_ratio: [0.4872395992279053, 0.5229570269584656, 0.5299305319786072, 0.523074209690094, 0.5235723257064819, 0.492249995470047, 0.48794281482696533, 0.48310819268226624, 0.4862140715122223, 0.4826101064682007, 0.4961176812648773, 0.4922792911529541, 0.5101233720779419, 0.5170676112174988, 0.5106214880943298, 0.5029153823852539, 0.5155146718025208, 0.5094494223594666, 0.5142547488212585, 0.5100940465927124, 0.5057575702667236]
train/correction_patch_cosine: [0.009400204755365849, 0.03835836425423622, 0.04249981790781021, 0.03262050077319145, 0.03240025043487549, 0.009504797868430614, 0.0009397208341397345, -0.00401364965364337, -0.006538335233926773, -0.008555671200156212, 0.008160113357007504, 0.0055550443939864635, 0.02283247746527195, 0.03163686767220497, 0.018549256026744843, 0.013472306542098522, 0.02646809071302414, 0.027270253747701645, 0.026956677436828613, 0.017200397327542305, 0.012405529618263245]
train/correction_patch_magnitude_ratio: [0.053582195192575455, 0.03751920908689499, 0.0340314581990242, 0.03180583566427231, 0.029979344457387924, 0.02932910807430744, 0.02716963365674019, 0.025226395577192307, 0.024429894983768463, 0.024226823821663857, 0.024316200986504555, 0.02450748160481453, 0.022428561002016068, 0.020913703367114067, 0.019732512533664703, 0.019272228702902794, 0.01974514126777649, 0.020622486248612404, 0.020264502614736557, 0.019354183226823807, 0.019128434360027313]
train/correction_patch_optimal_scalar: [1.154159665107727, 2.4305458068847656, -1.1754182577133179, -2.8372585773468018, -0.9199761748313904, -1.2115718126296997, -2.7019052505493164, -4.1523356437683105, -7.781085968017578, -11.282051086425781, -6.112187385559082, -2.999724864959717, 2.2239480018615723, 0.3225737512111664, 3.9032795429229736, 8.112144470214844, -3.2500691413879395, -4.849025249481201, 4.609019756317139, 1.4758172035217285, 3.409053325653076]
[test]
test/correction_beneficial_ratio: 0.4754241406917572
test/correction_beneficial_ratio_far: 0.4970049262046814
test/correction_beneficial_ratio_middle: 0.48174214363098145
test/correction_beneficial_ratio_near: 0.44752538204193115
test/correction_cosine_far: 0.01194602157920599
test/correction_cosine_mean: -0.009612992405891418
test/correction_cosine_middle: 0.0006839858833700418
test/correction_cosine_near: -0.04146900773048401
test/correction_magnitude_ratio_far: 0.01977376453578472
test/correction_magnitude_ratio_mean: 0.02404174767434597
test/correction_magnitude_ratio_middle: 0.022401059046387672
test/correction_magnitude_ratio_near: 0.02995043434202671
test/correction_optimal_scalar_far: 8.255558967590332
test/correction_optimal_scalar_mean: -0.29633212089538574
test/correction_optimal_scalar_middle: -4.235886573791504
test/correction_optimal_scalar_near: -4.908660888671875
test/correction_patch_beneficial_ratio: [0.41707643866539, 0.45015645027160645, 0.4365668296813965, 0.4432722330093384, 0.4565042555332184, 0.46741172671318054, 0.4616897702217102, 0.45605722069740295, 0.47536879777908325, 0.49280285835266113, 0.49012070894241333, 0.4862762689590454, 0.4825212359428406, 0.4890478253364563, 0.5041573643684387, 0.5040679574012756, 0.5114886164665222, 0.4903889000415802, 0.47858738899230957, 0.4903889000415802, 0.49995529651641846]
test/correction_patch_cosine: [-0.06450606882572174, -0.05213400349020958, -0.050456561148166656, -0.0521213673055172, -0.03678401559591293, -0.014395632781088352, -0.019885480403900146, -0.02771717682480812, -0.017264474183321, 0.004227241035550833, 0.016463017091155052, 0.01029710192233324, 0.007294079754501581, 0.011488148011267185, 0.019184915348887444, 0.013616213575005531, 0.021317454054951668, 0.010697371326386929, -0.0044893487356603146, 0.0047774892300367355, 0.018518248572945595]
test/correction_patch_magnitude_ratio: [0.04532671347260475, 0.030937781557440758, 0.028016189113259315, 0.02658221311867237, 0.025937113910913467, 0.027298221364617348, 0.025554735213518143, 0.0228573065251112, 0.02203819714486599, 0.022601816803216934, 0.02315816842019558, 0.02396060898900032, 0.022112034261226654, 0.020079355686903, 0.018951475620269775, 0.019122477620840073, 0.020259995013475418, 0.021409358829259872, 0.020601170137524605, 0.019093789160251617, 0.01897801086306572]
test/correction_patch_optimal_scalar: [0.20195750892162323, -2.6672616004943848, -12.054396629333496, -15.361950874328613, -4.945727348327637, -1.6962889432907104, 2.163102865219116, 1.690909504890442, -15.052637100219727, -17.808170318603516, -4.2307353019714355, -3.565810441970825, 2.6333236694335938, 6.681861400604248, 11.601951599121094, 17.145526885986328, 0.6142359972000122, -4.794443130493164, 7.711311340332031, 8.611139297485352, 16.899131774902344]
