[train]
train/correction_beneficial_ratio: 0.5298365950584412
train/correction_beneficial_ratio_far: 0.5399126410484314
train/correction_beneficial_ratio_middle: 0.5334563255310059
train/correction_beneficial_ratio_near: 0.5161408185958862
train/correction_cosine_far: 0.028844047337770462
train/correction_cosine_mean: 0.020741555839776993
train/correction_cosine_middle: 0.022398412227630615
train/correction_cosine_near: 0.01098228432238102
train/correction_magnitude_ratio_far: 0.009830811992287636
train/correction_magnitude_ratio_mean: 0.011046389117836952
train/correction_magnitude_ratio_middle: 0.010688494890928268
train/correction_magnitude_ratio_near: 0.012619865126907825
train/correction_optimal_scalar_far: 4.7076239585876465
train/correction_optimal_scalar_mean: 3.132843017578125
train/correction_optimal_scalar_middle: 3.4184625148773193
train/correction_optimal_scalar_near: 1.2724562883377075
train/correction_patch_beneficial_ratio: [0.5054208636283875, 0.5084663033485413, 0.5143135786056519, 0.5134608149528503, 0.5230844020843506, 0.5249117016792297, 0.5233280658721924, 0.5244244337081909, 0.5375807285308838, 0.534778892993927, 0.5334389209747314, 0.5311243534088135, 0.5352661609649658, 0.5375807285308838, 0.5375807285308838, 0.5361188650131226, 0.5401389002799988, 0.5389207005500793, 0.5363625288009644, 0.545011579990387, 0.545255184173584]
train/correction_patch_cosine: [0.008482289500534534, 0.00645957188680768, 0.01066292729228735, 0.01417167391628027, 0.011111005209386349, 0.012313936837017536, 0.013674519956111908, 0.01550702378153801, 0.022198982536792755, 0.02117953635752201, 0.01929430104792118, 0.02426966466009617, 0.027047306299209595, 0.027291767299175262, 0.0300498865544796, 0.028633786365389824, 0.03357020393013954, 0.03005450777709484, 0.023335469886660576, 0.028492921963334084, 0.027771417051553726]
train/correction_patch_magnitude_ratio: [0.015606672503054142, 0.013456818647682667, 0.01278217975050211, 0.012042787857353687, 0.011734486557543278, 0.011568009853363037, 0.011148054152727127, 0.011026902124285698, 0.011021820828318596, 0.010728845372796059, 0.010686159133911133, 0.010615253821015358, 0.01045060995966196, 0.010289829224348068, 0.010291927494108677, 0.010032695718109608, 0.009999574162065983, 0.009870622307062149, 0.009539157152175903, 0.009588857181370258, 0.009492915123701096]
train/correction_patch_optimal_scalar: [0.9352676868438721, 0.6072223782539368, 0.9550237059593201, 1.3649638891220093, 1.318325400352478, 1.5969295501708984, 2.1294643878936768, 2.4427592754364014, 3.5039727687835693, 3.4278526306152344, 3.014417886734009, 3.4235692024230957, 3.89599347114563, 4.220652103424072, 4.724244117736816, 4.495386123657227, 5.1456756591796875, 4.879134178161621, 4.129246711730957, 4.887831687927246, 4.691774845123291]
[test]
test/correction_beneficial_ratio: 0.5623912215232849
test/correction_beneficial_ratio_far: 0.6044905781745911
test/correction_beneficial_ratio_middle: 0.5809710621833801
test/correction_beneficial_ratio_near: 0.5017120242118835
test/correction_cosine_far: 0.07575021684169769
test/correction_cosine_mean: 0.04400764778256416
test/correction_cosine_middle: 0.06216674670577049
test/correction_cosine_near: -0.005894165486097336
test/correction_magnitude_ratio_far: 0.011060628108680248
test/correction_magnitude_ratio_mean: 0.01209998782724142
test/correction_magnitude_ratio_middle: 0.01176892314106226
test/correction_magnitude_ratio_near: 0.013470416888594627
test/correction_optimal_scalar_far: 8.4717435836792
test/correction_optimal_scalar_mean: 4.685176849365234
test/correction_optimal_scalar_middle: 5.395806312561035
test/correction_optimal_scalar_near: 0.18797430396080017
test/correction_patch_beneficial_ratio: [0.45540276169776917, 0.45186641812324524, 0.4970530569553375, 0.5088408589363098, 0.5335952639579773, 0.5284872055053711, 0.5367386937141418, 0.5516699552536011, 0.570923388004303, 0.5834970474243164, 0.5968565940856934, 0.586640477180481, 0.5803536176681519, 0.5968565940856934, 0.6192534565925598, 0.6361492872238159, 0.6385068893432617, 0.6039292812347412, 0.5846758484840393, 0.5772101879119873, 0.5717092156410217]
test/correction_patch_cosine: [-0.04483846575021744, -0.04791929945349693, -0.020597506314516068, -0.001260399236343801, 0.01567770168185234, 0.024698086082935333, 0.03298079967498779, 0.04475320130586624, 0.06177550554275513, 0.061897438019514084, 0.06935397535562515, 0.06296402215957642, 0.061032894998788834, 0.07339029759168625, 0.08782973140478134, 0.09335053712129593, 0.09275396168231964, 0.07966964691877365, 0.05799166113138199, 0.0573558509349823, 0.06130090355873108]
test/correction_patch_magnitude_ratio: [0.015936486423015594, 0.01424234639853239, 0.013474405743181705, 0.01295256894081831, 0.012669644318521023, 0.012605107389390469, 0.012412461452186108, 0.012153075076639652, 0.012229697778820992, 0.011883264407515526, 0.011753243394196033, 0.0116978595033288, 0.011425582692027092, 0.011239679530262947, 0.011415917426347733, 0.01106724888086319, 0.011175725609064102, 0.01117146760225296, 0.010905913077294827, 0.010929196141660213, 0.010758845135569572]
test/correction_patch_optimal_scalar: [-2.1282529830932617, -2.6416521072387695, -1.6130826473236084, 0.28961509466171265, 1.918161392211914, 2.3068063259124756, 3.184218645095825, 4.837151050567627, 5.74393367767334, 4.928090572357178, 5.865009784698486, 5.286583423614502, 4.484448432922363, 6.625468730926514, 8.429271697998047, 8.911395072937012, 9.78113079071045, 9.724252700805664, 8.018253326416016, 7.732157230377197, 6.705754280090332]
