[train]
train/correction_beneficial_ratio: 0.533140242099762
train/correction_beneficial_ratio_far: 0.5618743300437927
train/correction_beneficial_ratio_middle: 0.5388370752334595
train/correction_beneficial_ratio_near: 0.4987092614173889
train/correction_cosine_far: 0.08778286725282669
train/correction_cosine_mean: 0.06789404898881912
train/correction_cosine_middle: 0.07670380920171738
train/correction_cosine_near: 0.03919542208313942
train/correction_magnitude_ratio_far: 0.0646728053689003
train/correction_magnitude_ratio_mean: 0.06615085154771805
train/correction_magnitude_ratio_middle: 0.06527046114206314
train/correction_magnitude_ratio_near: 0.0685093030333519
train/correction_optimal_scalar_far: 2.2096378803253174
train/correction_optimal_scalar_mean: 1.7802057266235352
train/correction_optimal_scalar_middle: 1.9255963563919067
train/correction_optimal_scalar_near: 1.2053844928741455
train/correction_patch_beneficial_ratio: [0.4573802053928375, 0.4732268452644348, 0.48357826471328735, 0.4915015995502472, 0.5049201250076294, 0.4943130910396576, 0.49955272674560547, 0.5046645402908325, 0.498658150434494, 0.5051757097244263, 0.5130990147590637, 0.5118210911750793, 0.5137380361557007, 0.5165495276451111, 0.5124600529670715, 0.5104153156280518, 0.5115655064582825, 0.5207667946815491, 0.520383358001709, 0.5275399088859558, 0.529712438583374, 0.5309904217720032, 0.5326517820358276, 0.5493929982185364, 0.5539935827255249, 0.5667731761932373, 0.5584664344787598, 0.5524600744247437, 0.5585942268371582, 0.5588498115539551, 0.5515654683113098, 0.5585942268371582, 0.5642172694206238, 0.5647284388542175, 0.5603833794593811, 0.5603833794593811, 0.5646006464958191, 0.5591054558753967, 0.5671565532684326, 0.571501612663269, 0.5707347989082336, 0.5703514218330383, 0.5603833794593811, 0.553737998008728, 0.5506709218025208]
train/correction_patch_cosine: [0.006877025589346886, 0.01892605610191822, 0.026034286245703697, 0.031990475952625275, 0.040546681731939316, 0.03636772558093071, 0.040250636637210846, 0.042572442442178726, 0.04027969017624855, 0.04346366971731186, 0.04817279428243637, 0.049998946487903595, 0.04996265098452568, 0.05676332488656044, 0.05572444200515747, 0.055529505014419556, 0.06463177502155304, 0.07029883563518524, 0.06995270401239395, 0.07357299327850342, 0.07270702719688416, 0.07114700973033905, 0.07864338159561157, 0.08132011443376541, 0.08210720866918564, 0.09169264137744904, 0.08480926603078842, 0.07943855971097946, 0.08941903710365295, 0.08528746664524078, 0.0834047794342041, 0.09199155122041702, 0.09073473513126373, 0.08536822348833084, 0.08391785621643066, 0.08705141395330429, 0.08710747957229614, 0.08822321146726608, 0.09283336251974106, 0.09554742276668549, 0.098685622215271, 0.09105103462934494, 0.08360323309898376, 0.08062947541475296, 0.0765945091843605]
train/correction_patch_magnitude_ratio: [0.08922965079545975, 0.07637417316436768, 0.07328126579523087, 0.0685289204120636, 0.06834875047206879, 0.06697546690702438, 0.0657469630241394, 0.06580763310194016, 0.06462462991476059, 0.06441174447536469, 0.06386686116456985, 0.06447261571884155, 0.06465540826320648, 0.0654473677277565, 0.06586828082799911, 0.06520445644855499, 0.06534314900636673, 0.0652705579996109, 0.06521870940923691, 0.06538783013820648, 0.06521420925855637, 0.06536324322223663, 0.06551948189735413, 0.06575029343366623, 0.0654684379696846, 0.06568894535303116, 0.06536682695150375, 0.06491894274950027, 0.06519797444343567, 0.06414341926574707, 0.06439722329378128, 0.06487872451543808, 0.06476005911827087, 0.06412184983491898, 0.06469949334859848, 0.06428433954715729, 0.06503615528345108, 0.0645788311958313, 0.06521327793598175, 0.06491125375032425, 0.06546829640865326, 0.0647200345993042, 0.0638253316283226, 0.06473364681005478, 0.0644637942314148]
train/correction_patch_optimal_scalar: [0.2216535210609436, 0.5064842700958252, 0.7205303311347961, 0.969968318939209, 1.2226604223251343, 1.1270883083343506, 1.2694001197814941, 1.3190608024597168, 1.3672997951507568, 1.461257815361023, 1.4792948961257935, 1.5810210704803467, 1.5018911361694336, 1.6415809392929077, 1.6915785074234009, 1.6372432708740234, 1.8029441833496094, 1.977364420890808, 1.8648327589035034, 1.8680765628814697, 1.8428970575332642, 1.770594596862793, 1.9605417251586914, 2.0745222568511963, 1.9823188781738281, 2.0844037532806396, 1.9999990463256836, 1.8613723516464233, 2.0737509727478027, 2.0830812454223633, 2.048990488052368, 2.2900798320770264, 2.294837713241577, 2.2388999462127686, 2.306117296218872, 2.376365900039673, 2.3756656646728516, 2.3007583618164062, 2.3450767993927, 2.3330581188201904, 2.378767728805542, 2.19209885597229, 1.987528681755066, 1.8804073333740234, 1.795888066291809]
[test]
test/correction_beneficial_ratio: 0.4879325330257416
test/correction_beneficial_ratio_far: 0.5006324052810669
test/correction_beneficial_ratio_middle: 0.45590004324913025
test/correction_beneficial_ratio_near: 0.5072651505470276
test/correction_cosine_far: 0.04554720222949982
test/correction_cosine_mean: 0.02665266953408718
test/correction_cosine_middle: -0.005016966722905636
test/correction_cosine_near: 0.03942768648266792
test/correction_magnitude_ratio_far: 0.07023975253105164
test/correction_magnitude_ratio_mean: 0.0704304575920105
test/correction_magnitude_ratio_middle: 0.0700225979089737
test/correction_magnitude_ratio_near: 0.07102898508310318
test/correction_optimal_scalar_far: 0.673565685749054
test/correction_optimal_scalar_mean: 0.540509045124054
test/correction_optimal_scalar_middle: 0.1833644062280655
test/correction_optimal_scalar_near: 0.764595627784729
test/correction_patch_beneficial_ratio: [0.44562703371047974, 0.4396112859249115, 0.4409995377063751, 0.4405367970466614, 0.5108745694160461, 0.5307728052139282, 0.5252197980880737, 0.5428042411804199, 0.543267011642456, 0.5437297821044922, 0.5404905080795288, 0.545117974281311, 0.5261452794075012, 0.5252197980880737, 0.508560836315155, 0.5113373398780823, 0.47663119435310364, 0.45812124013900757, 0.43128180503845215, 0.4507172703742981, 0.4484035074710846, 0.43267005681991577, 0.4252660870552063, 0.45210549235343933, 0.47663119435310364, 0.4807959198951721, 0.47339195013046265, 0.4442387819290161, 0.43776029348373413, 0.43914854526519775, 0.4474780261516571, 0.4484035074710846, 0.4673762023448944, 0.47894492745399475, 0.4840351641178131, 0.5076353549957275, 0.5159648060798645, 0.5187413096427917, 0.5488200187683105, 0.521517813205719, 0.5099490880966187, 0.5094863772392273, 0.5067098736763, 0.513188362121582, 0.5312355160713196]
test/correction_patch_cosine: [-0.02218145690858364, -0.03151984512805939, -0.01763324625790119, -0.018946507945656776, 0.04720364511013031, 0.06360405683517456, 0.056920260190963745, 0.06928668171167374, 0.064576655626297, 0.05671045184135437, 0.060932356864213943, 0.07258888334035873, 0.05508618429303169, 0.07089243829250336, 0.06389494240283966, 0.039365097880363464, 0.015150773338973522, -0.0014469953021034598, -0.02730708383023739, -0.018032800406217575, -0.007083162199705839, -0.033103592693805695, -0.029455451294779778, 0.0034226607531309128, 0.001729570678435266, 0.022230347618460655, 0.01166773121803999, -0.018618151545524597, -0.01841437816619873, -0.015358854085206985, -0.008383555337786674, -0.003675430780276656, 0.02896132692694664, 0.01379317045211792, 0.02582455426454544, 0.05158359557390213, 0.0628175288438797, 0.06694091856479645, 0.09506378322839737, 0.06551054120063782, 0.04592055082321167, 0.053185705095529556, 0.04096340388059616, 0.05634678900241852, 0.08835605531930923]
test/correction_patch_magnitude_ratio: [0.08267328143119812, 0.07412409037351608, 0.07067469507455826, 0.06868122518062592, 0.07199403643608093, 0.0700310617685318, 0.07253078371286392, 0.07241314649581909, 0.06939000636339188, 0.06917358934879303, 0.0682767704129219, 0.0686175599694252, 0.06788479536771774, 0.06998198479413986, 0.06898811459541321, 0.06829807162284851, 0.06930451840162277, 0.06956760585308075, 0.07000243663787842, 0.07090898603200912, 0.06906268000602722, 0.06920163333415985, 0.06880910694599152, 0.06929396837949753, 0.0694204717874527, 0.07070040702819824, 0.07139378041028976, 0.06985688954591751, 0.07247337698936462, 0.07204341143369675, 0.07315410673618317, 0.07474638521671295, 0.0745028704404831, 0.07163930684328079, 0.07179788500070572, 0.07039982825517654, 0.0698767676949501, 0.06873541325330734, 0.07068897783756256, 0.06905160844326019, 0.06898505240678787, 0.0692312940955162, 0.0668964684009552, 0.06770528107881546, 0.06618670374155045]
test/correction_patch_optimal_scalar: [-0.11557817459106445, -0.32539814710617065, -0.2696298360824585, -0.3440212905406952, 0.7247039079666138, 1.1146432161331177, 0.9137619137763977, 1.1829489469528198, 1.1428662538528442, 1.061523199081421, 1.0395461320877075, 1.437393069267273, 1.2225080728530884, 1.3913861513137817, 1.2922883033752441, 0.9854734539985657, 0.6832919120788574, 0.3043057918548584, 0.06469983607530594, 0.13253094255924225, 0.2538073658943176, -0.13359911739826202, -0.22829696536064148, 0.13168510794639587, 0.1743226796388626, 0.2931058704853058, 0.21573615074157715, -0.06639435887336731, -0.1254146546125412, 0.06523462384939194, 0.08109728246927261, 0.0971790999174118, 0.42653393745422363, 0.1329261213541031, 0.17350690066814423, 0.512718915939331, 0.8056522011756897, 0.8668582439422607, 1.3254791498184204, 1.006309986114502, 0.6251596212387085, 0.771273136138916, 0.6413309574127197, 1.051203727722168, 1.5862458944320679]
