[train]
train/correction_beneficial_ratio: 0.4730078876018524
train/correction_beneficial_ratio_far: 0.48659080266952515
train/correction_beneficial_ratio_middle: 0.4638619124889374
train/correction_beneficial_ratio_near: 0.46857091784477234
train/correction_cosine_far: -0.0051114801317453384
train/correction_cosine_mean: -0.016762249171733856
train/correction_cosine_middle: -0.028467396274209023
train/correction_cosine_near: -0.016707850620150566
train/correction_magnitude_ratio_far: 0.010083304718136787
train/correction_magnitude_ratio_mean: 0.013348971493542194
train/correction_magnitude_ratio_middle: 0.012178781442344189
train/correction_magnitude_ratio_near: 0.017784858122467995
train/correction_optimal_scalar_far: 1.0640835762023926
train/correction_optimal_scalar_mean: 0.17487667500972748
train/correction_optimal_scalar_middle: -0.2758251428604126
train/correction_optimal_scalar_near: -0.2636329233646393
train/correction_patch_beneficial_ratio: [0.4768378734588623, 0.4411790668964386, 0.43001553416252136, 0.4543936252593994, 0.4817310869693756, 0.512320876121521, 0.48351842164993286, 0.45500892400741577, 0.4469805657863617, 0.4612206518650055, 0.4729115962982178, 0.4731166958808899, 0.4711535573005676, 0.46664127707481384, 0.46215829253196716, 0.47381991147994995, 0.48571595549583435, 0.5138152241706848, 0.5110023617744446, 0.48554015159606934, 0.47408363223075867]
train/correction_patch_cosine: [-0.002283466048538685, -0.042706385254859924, -0.04726928472518921, -0.02770336903631687, -0.0066493176855146885, 0.01568174734711647, -0.006024935282766819, -0.035983938723802567, -0.04417277127504349, -0.03183400258421898, -0.025387994945049286, -0.019746579229831696, -0.020564399659633636, -0.021582191810011864, -0.027269378304481506, -0.020669104531407356, -0.011764580383896828, 0.02097010798752308, 0.01860598288476467, -0.001357721514068544, -0.014295669272542]
train/correction_patch_magnitude_ratio: [0.02545243315398693, 0.020215731114149094, 0.01765739917755127, 0.015806028619408607, 0.015296049416065216, 0.015517054125666618, 0.014549200423061848, 0.013281943276524544, 0.012569192796945572, 0.012079874984920025, 0.012221497483551502, 0.012513387948274612, 0.011799918487668037, 0.010785622522234917, 0.01053258404135704, 0.010507682338356972, 0.010611039586365223, 0.01055812556296587, 0.009914007037878036, 0.009285441599786282, 0.009174187667667866]
train/correction_patch_optimal_scalar: [-0.08801578730344772, -3.0464513301849365, -2.761347532272339, -1.007459044456482, 1.4665888547897339, 2.822713851928711, 0.7685334086418152, -1.5026997327804565, -0.9558148980140686, -0.10846599191427231, -0.555905282497406, 0.23109935224056244, -0.0044793179258704185, 0.9654935002326965, 0.8315414786338806, -0.15071508288383484, -0.9393977522850037, 4.452796936035156, 2.7054262161254883, -0.7456094026565552, 1.294575572013855]
[test]
test/correction_beneficial_ratio: 0.3664133548736572
test/correction_beneficial_ratio_far: 0.38306406140327454
test/correction_beneficial_ratio_middle: 0.3372373580932617
test/correction_beneficial_ratio_near: 0.37893861532211304
test/correction_cosine_far: -0.13064511120319366
test/correction_cosine_mean: -0.1347743421792984
test/correction_cosine_middle: -0.17103062570095062
test/correction_cosine_near: -0.10264771431684494
test/correction_magnitude_ratio_far: 0.009718495421111584
test/correction_magnitude_ratio_mean: 0.013321640901267529
test/correction_magnitude_ratio_middle: 0.011831876821815968
test/correction_magnitude_ratio_near: 0.018414543941617012
test/correction_optimal_scalar_far: -11.21018123626709
test/correction_optimal_scalar_mean: -10.731626510620117
test/correction_optimal_scalar_middle: -14.15496826171875
test/correction_optimal_scalar_near: -6.82973051071167
test/correction_patch_beneficial_ratio: [0.39606615900993347, 0.3738936185836792, 0.350737601518631, 0.3724631071090698, 0.3937416076660156, 0.4151095151901245, 0.3505587875843048, 0.3280286192893982, 0.3121144473552704, 0.3272239565849304, 0.34894949197769165, 0.3627179265022278, 0.34421098232269287, 0.3374161720275879, 0.3381314277648926, 0.3525257110595703, 0.3865891695022583, 0.425301730632782, 0.41081807017326355, 0.39767545461654663, 0.3704068064689636]
test/correction_patch_cosine: [-0.06662020087242126, -0.1099519208073616, -0.12465200573205948, -0.11405666917562485, -0.09605015814304352, -0.07536472380161285, -0.13183799386024475, -0.17621901631355286, -0.1931782215833664, -0.1809428185224533, -0.16151806712150574, -0.15016791224479675, -0.16502444446086884, -0.1701631247997284, -0.17345203459262848, -0.15884087979793549, -0.12348915636539459, -0.0847889706492424, -0.10111862421035767, -0.12374203652143478, -0.14908237755298615]
test/correction_patch_magnitude_ratio: [0.026525339111685753, 0.021339280530810356, 0.0187432449311018, 0.016549650579690933, 0.015533738769590855, 0.015690794214606285, 0.014519830234348774, 0.01321247685700655, 0.01222490519285202, 0.011734108440577984, 0.011775891296565533, 0.012176739983260632, 0.011254270561039448, 0.010444712825119495, 0.01006201934069395, 0.009996176697313786, 0.010249804705381393, 0.010414856486022472, 0.009653370827436447, 0.008998432196676731, 0.00865480862557888]
test/correction_patch_optimal_scalar: [-3.7462403774261475, -7.119695663452148, -8.063111305236816, -7.2748589515686035, -6.080326080322266, -3.7057034969329834, -11.818202018737793, -16.522151947021484, -16.457565307617188, -14.067804336547852, -11.321080207824707, -9.743000984191895, -14.381440162658691, -16.591699600219727, -15.135716438293457, -14.50242805480957, -9.115758895874023, -3.240379810333252, -8.449211120605469, -12.027826309204102, -15.999957084655762]
