[train]
train/correction_beneficial_ratio: 0.5248158574104309
train/correction_beneficial_ratio_far: 0.5398409366607666
train/correction_beneficial_ratio_middle: 0.5375255346298218
train/correction_beneficial_ratio_near: 0.49708104133605957
train/correction_cosine_far: 0.07476635277271271
train/correction_cosine_mean: 0.06393168121576309
train/correction_cosine_middle: 0.07366721332073212
train/correction_cosine_near: 0.04336148872971535
train/correction_magnitude_ratio_far: 0.08497647941112518
train/correction_magnitude_ratio_mean: 0.09148717671632767
train/correction_magnitude_ratio_middle: 0.08738759160041809
train/correction_magnitude_ratio_near: 0.1020975112915039
train/correction_optimal_scalar_far: 1.103063702583313
train/correction_optimal_scalar_mean: 0.9593060612678528
train/correction_optimal_scalar_middle: 1.1768083572387695
train/correction_optimal_scalar_near: 0.5980464220046997
train/correction_patch_beneficial_ratio: [0.41576528549194336, 0.47595199942588806, 0.49222105741500854, 0.49423617124557495, 0.4931989908218384, 0.4928433895111084, 0.490828275680542, 0.4936138689517975, 0.4977033734321594, 0.4998073875904083, 0.5031263828277588, 0.5106534361839294, 0.5212031602859497, 0.5342717170715332, 0.5407912135124207, 0.5538005828857422, 0.5423321723937988, 0.5356941819190979, 0.5289376378059387, 0.5289672613143921, 0.5362275838851929, 0.5384204983711243, 0.5392502546310425, 0.5371165871620178, 0.5395169854164124, 0.5313379764556885, 0.5264779925346375, 0.5363165140151978, 0.5402578115463257, 0.5482293963432312, 0.5461253523826599, 0.5480515360832214, 0.5390428304672241, 0.5429545044898987, 0.5427767038345337, 0.5431916117668152, 0.537590742111206, 0.5410579442977905, 0.540465235710144, 0.5348644256591797, 0.5300933718681335, 0.5447325706481934, 0.5396354794502258, 0.5351014733314514, 0.531930685043335]
train/correction_patch_cosine: [-0.012429647147655487, 0.027645332738757133, 0.0381288155913353, 0.0388832688331604, 0.03727080300450325, 0.040877193212509155, 0.04176589846611023, 0.041649673134088516, 0.03941226378083229, 0.040777046233415604, 0.045020703226327896, 0.052983202040195465, 0.06401321291923523, 0.07587925344705582, 0.07854515314102173, 0.08645086735486984, 0.07968483120203018, 0.07570498436689377, 0.0676138699054718, 0.06852779537439346, 0.07208819687366486, 0.07182089239358902, 0.07471168786287308, 0.07546727359294891, 0.07349243015050888, 0.06780780106782913, 0.0652419924736023, 0.07058923691511154, 0.07426505535840988, 0.08154144883155823, 0.08179498463869095, 0.08133260905742645, 0.07597651332616806, 0.07569342106580734, 0.0749531015753746, 0.07747429609298706, 0.07204076647758484, 0.07760666310787201, 0.07454226166009903, 0.06882636249065399, 0.06478520482778549, 0.07630670815706253, 0.07555963099002838, 0.07334418594837189, 0.07125851511955261]
train/correction_patch_magnitude_ratio: [0.14910230040550232, 0.11236384510993958, 0.10572386533021927, 0.10257335752248764, 0.09921102970838547, 0.1004282534122467, 0.09935029596090317, 0.10013078153133392, 0.1004902794957161, 0.0970931276679039, 0.0957028940320015, 0.09518063068389893, 0.09130324423313141, 0.09133844077587128, 0.09146984666585922, 0.08936674147844315, 0.08682185411453247, 0.08684655278921127, 0.08852531760931015, 0.09030777961015701, 0.09091580659151077, 0.08818263560533524, 0.08615969121456146, 0.08661490678787231, 0.08666782081127167, 0.08799850940704346, 0.08767614513635635, 0.08603131771087646, 0.0843820720911026, 0.08431650698184967, 0.08469109982252121, 0.08668746799230576, 0.08680903911590576, 0.08521512150764465, 0.0839196965098381, 0.084259532392025, 0.08521994948387146, 0.08706991374492645, 0.08543872833251953, 0.08378404378890991, 0.08280925452709198, 0.08392398804426193, 0.08453283458948135, 0.08502225577831268, 0.0852644145488739]
train/correction_patch_optimal_scalar: [-0.050609324127435684, 0.36168015003204346, 0.03564327210187912, -0.08803818374872208, 0.24189569056034088, 0.3339078426361084, 0.4145059585571289, 0.5579652786254883, 0.4347805082798004, 0.09860505908727646, 0.7427506446838379, 1.3116682767868042, 1.592384934425354, 1.772585391998291, 1.2109670639038086, 0.8613759279251099, 1.314046859741211, 1.353379487991333, 1.1401333808898926, 1.2138742208480835, 1.255839228630066, 0.7173356413841248, 1.1715549230575562, 1.2902120351791382, 1.6009647846221924, 1.6640746593475342, 1.2190250158309937, 0.9534956216812134, 0.9433967471122742, 0.9534096121788025, 1.2791204452514648, 1.2914671897888184, 1.1696338653564453, 0.6772978901863098, 0.8384658694267273, 0.9596951603889465, 1.4199532270431519, 1.6004709005355835, 0.9690536260604858, 0.47652676701545715, 0.8129809498786926, 1.2474327087402344, 1.4356448650360107, 1.3798599243164062, 0.988357663154602]
[test]
test/correction_beneficial_ratio: 0.4653252363204956
test/correction_beneficial_ratio_far: 0.4691849648952484
test/correction_beneficial_ratio_middle: 0.46837639808654785
test/correction_beneficial_ratio_near: 0.45841434597969055
test/correction_cosine_far: 0.007227590773254633
test/correction_cosine_mean: 0.0038105358835309744
test/correction_cosine_middle: 0.005341964308172464
test/correction_cosine_near: -0.0011379237985238433
test/correction_magnitude_ratio_far: 0.0847519263625145
test/correction_magnitude_ratio_mean: 0.08893029391765594
test/correction_magnitude_ratio_middle: 0.08660343289375305
test/correction_magnitude_ratio_near: 0.0954354926943779
test/correction_optimal_scalar_far: -0.5154504179954529
test/correction_optimal_scalar_mean: -0.5076494812965393
test/correction_optimal_scalar_middle: -0.4984506070613861
test/correction_optimal_scalar_near: -0.5090463161468506
test/correction_patch_beneficial_ratio: [0.41255438327789307, 0.4357929825782776, 0.44708824157714844, 0.48551058769226074, 0.46292009949684143, 0.45884639024734497, 0.46541985869407654, 0.45495787262916565, 0.47680771350860596, 0.4913434088230133, 0.4529210329055786, 0.45134708285331726, 0.4702342450618744, 0.454402357339859, 0.45606887340545654, 0.4763447940349579, 0.4577353894710541, 0.46254977583885193, 0.47393760085105896, 0.48078882694244385, 0.49439865350723267, 0.4935654103755951, 0.47153040766716003, 0.4659753739833832, 0.44884732365608215, 0.4368114173412323, 0.44847699999809265, 0.47236368060112, 0.47403019666671753, 0.46828997135162354, 0.45958706736564636, 0.4657902121543884, 0.47403019666671753, 0.49162113666534424, 0.4885658621788025, 0.48088139295578003, 0.4515322744846344, 0.44060733914375305, 0.45523563027381897, 0.4791223108768463, 0.48828813433647156, 0.4925469756126404, 0.45782798528671265, 0.4491250813007355, 0.4630126953125]
test/correction_patch_cosine: [-0.03354505077004433, -0.029123825952410698, -0.012065555900335312, 0.01630048081278801, -0.003818994853645563, 0.004953883122652769, 0.010087884962558746, 0.0014885173877701163, 0.015882881358265877, 0.023864099755883217, -0.006367663852870464, 0.001338483765721321, 0.0058881063014268875, -0.010606035590171814, -0.001346220844425261, 0.01562337577342987, -0.00798072386533022, -0.001489380607381463, 0.009552838280797005, 0.01622573286294937, 0.026795653626322746, 0.02634047530591488, 0.004412374459207058, -0.0006833051447756588, -0.00837565679103136, -0.02823498472571373, -0.010315950028598309, 0.012252331711351871, 0.013507731258869171, 0.012498811818659306, 0.0021559209562838078, -0.0017827099654823542, 0.010099874809384346, 0.025349022820591927, 0.02669433318078518, 0.024734744802117348, -0.005154287442564964, -0.01846487820148468, -0.00556761072948575, 0.015336386859416962, 0.022027181461453438, 0.03250080347061157, 0.0010392222320660949, -0.018581414595246315, -0.0019727430772036314]
test/correction_patch_magnitude_ratio: [0.1285308450460434, 0.09904266148805618, 0.09702418744564056, 0.09225590527057648, 0.08757754415273666, 0.09065195918083191, 0.0934370756149292, 0.09680821001529694, 0.09864354133605957, 0.09451901912689209, 0.09096315503120422, 0.09098915755748749, 0.09006740152835846, 0.0902518704533577, 0.09076947718858719, 0.08728884905576706, 0.08371105045080185, 0.08403374999761581, 0.08704677224159241, 0.08938033878803253, 0.09089046716690063, 0.0877753272652626, 0.0849815160036087, 0.0847063958644867, 0.08690333366394043, 0.08866842091083527, 0.08883260190486908, 0.08682624995708466, 0.08387137949466705, 0.08413542062044144, 0.0860513374209404, 0.08823773264884949, 0.08859661966562271, 0.08481237292289734, 0.08190544694662094, 0.08276552706956863, 0.08483408391475677, 0.08620445430278778, 0.08553969115018845, 0.08370979875326157, 0.08159425854682922, 0.08347935229539871, 0.08432043343782425, 0.08390340954065323, 0.08532460778951645]
test/correction_patch_optimal_scalar: [-0.17686830461025238, -0.7174527049064636, -1.3378562927246094, -1.1762737035751343, -0.47460484504699707, -0.14412850141525269, 0.24701839685440063, -0.03337274119257927, -0.8563375473022461, -0.9449267983436584, -0.43020474910736084, -0.21815918385982513, 0.0355595201253891, -0.45281895995140076, -0.9552770256996155, -0.7870613932609558, -0.27438005805015564, -0.4467907249927521, -0.4362933933734894, -0.4888307750225067, -1.0300554037094116, -1.2408325672149658, -0.09774300456047058, 0.0036833113990724087, -0.09671185165643692, -0.6931947469711304, -1.2458888292312622, -1.073500156402588, 0.020217210054397583, 0.4106189012527466, 0.0977705791592598, -0.2724897861480713, -1.0720056295394897, -1.3510618209838867, 0.05735917016863823, 0.31709015369415283, 0.003640042617917061, -0.4969756603240967, -0.7400047779083252, -1.138929843902588, 0.083348348736763, 0.495435893535614, -0.40680867433547974, -1.0341675281524658, -2.2739603519439697]
